11:18:04.198925,(-69,-54,-82),(-62,-53,-72),(-72,-64,-81),(-78,-67,-83),(-72,-58,-80),(-59,-44,-72)
11:18:06.505952,(-72,-51,-84),(-66,-52,-75),(-70,-65,-77),(-87,-83,-88),(-74,-56,-85),(-62,-45,-82)
11:18:08.810322,(-68,-56,-78),(-63,-54,-71),(-66,-48,-72),(-80,-73,-85),(-72,-62,-86),(-64,-49,-76)
11:18:11.117988,(-74,-57,-91),(-66,-50,-81),(-64,-45,-74),(-81,-74,-85),(-72,-62,-78),(-66,-47,-83)
11:18:13.423575,(-69,-55,-79),(-63,-50,-75),(-68,-53,-75),(-80,-70,-88),(-70,-57,-82),(-67,-54,-83)
11:18:15.729630,(-65,-56,-74),(-65,-50,-82),(-70,-49,-82),(-91,-83,-95),(-75,-57,-86),(-63,-50,-70)
11:18:18.094649,(-70,-51,-91),(-67,-47,-82),(-67,-54,-77),(-87,-75,-95),(-69,-58,-82),(-61,-44,-71)
11:18:20.430915,(-75,-70,-81),(-67,-60,-77),(-67,-57,-73),(-80,-71,-86),(-79,-67,-89),(-68,-49,-83)
11:18:22.725824,(-69,-59,-76),(-64,-48,-79),(-68,-51,-72),(-76,-72,-82),(-76,-62,-85),(-72,-55,-88)
11:18:25.030271,(-69,-55,-80),(-57,-43,-72),(-70,-62,-83),(-84,-77,-87),(-78,-65,-92),(-64,-48,-82)
11:18:27.345299,(-69,-53,-85),(-68,-58,-78),(-72,-65,-79),(-90,-79,-93),(-72,-62,-79),(-62,-48,-77)
11:18:29.662691,(-72,-57,-85),(-59,-46,-67),(-69,-54,-102),(-82,-72,-96),(-71,-61,-79),(-69,-60,-75)
11:18:31.988399,(-73,-62,-78),(-62,-47,-73),(-71,-49,-86),(-83,-73,-98),(-73,-62,-79),(-66,-53,-72)
11:18:34.312951,(-78,-69,-91),(-63,-59,-68),(-70,-53,-78),(-85,-77,-94),(-75,-62,-80),(-67,-55,-77)
11:18:36.667257,(-76,-69,-86),(-60,-46,-72),(-67,-52,-83),(-84,-76,-95),(-79,-71,-85),(-64,-44,-82)
11:18:38.999807,(-70,-55,-80),(-66,-51,-86),(-69,-55,-80),(-85,-76,-92),(-72,-60,-77),(-67,-48,-80)
11:18:41.336609,(-68,-58,-79),(-59,-47,-64),(-69,-52,-78),(-82,-72,-91),(-75,-58,-81),(-63,-52,-78)
11:18:43.644616,(-76,-59,-86),(-67,-55,-78),(-69,-52,-77),(-84,-72,-93),(-76,-70,-83),(-67,-55,-76)
11:18:45.968065,(-66,-54,-77),(-62,-51,-71),(-66,-49,-74),(-81,-70,-90),(-81,-76,-88),(-67,-55,-77)
11:18:48.265828,(-73,-62,-87),(-66,-50,-82),(-63,-50,-69),(-90,-82,-95),(-74,-62,-82),(-65,-52,-72)
11:18:50.603294,(-74,-67,-79),(-56,-42,-66),(-73,-67,-77),(-87,-73,-100),(-74,-58,-80),(-68,-58,-80)
11:18:52.941098,(-75,-67,-89),(-61,-56,-66),(-70,-62,-78),(-88,-76,-101),(-75,-71,-83),(-59,-52,-67)
11:18:55.271532,(-72,-61,-80),(-60,-52,-71),(-69,-62,-75),(-83,-76,-89),(-69,-55,-74),(-72,-67,-80)
11:18:57.581101,(-75,-58,-88),(-67,-51,-79),(-70,-62,-82),(-83,-73,-89),(-73,-59,-85),(-71,-52,-79)
11:18:59.895312,(-75,-67,-85),(-65,-46,-76),(-71,-58,-83),(-79,-69,-83),(-78,-69,-95),(-70,-50,-82)
11:19:02.221169,(-75,-68,-81),(-63,-48,-74),(-62,-50,-77),(-82,-68,-87),(-77,-59,-89),(-62,-53,-72)
11:19:04.544092,(-71,-56,-79),(-62,-42,-70),(-64,-52,-70),(-84,-75,-89),(-74,-62,-88),(-60,-49,-70)
11:19:06.865985,(-77,-67,-91),(-64,-55,-78),(-61,-50,-77),(-82,-73,-92),(-71,-58,-79),(-69,-54,-81)
11:19:09.227536,(-71,-58,-86),(-64,-52,-73),(-68,-57,-83),(-80,-71,-88),(-78,-69,-88),(-67,-51,-78)
11:19:11.535529,(-73,-60,-87),(-65,-49,-72),(-73,-67,-87),(-81,-77,-83),(-72,-62,-87),(-54,-45,-63)
11:19:13.842499,(-71,-54,-84),(-64,-56,-71),(-68,-49,-78),(-81,-71,-86),(-75,-67,-82),(-57,-47,-69)
11:19:16.150094,(-73,-65,-79),(-63,-43,-74),(-64,-49,-78),(-82,-74,-86),(-80,-72,-90),(-63,-58,-67)
11:19:18.459169,(-73,-69,-78),(-64,-51,-84),(-69,-55,-83),(-85,-71,-90),(-72,-59,-86),(-63,-43,-74)
11:19:20.774517,(-72,-54,-78),(-62,-55,-69),(-67,-48,-88),(-84,-68,-95),(-74,-63,-88),(-67,-55,-81)
11:19:23.104856,(-71,-59,-79),(-65,-56,-67),(-67,-52,-77),(-80,-69,-93),(-74,-66,-83),(-67,-56,-74)
11:19:25.450650,(-68,-54,-84),(-59,-42,-73),(-69,-59,-77),(-86,-70,-94),(-72,-60,-78),(-62,-44,-69)
11:19:27.803140,(-75,-65,-86),(-62,-46,-78),(-67,-57,-81),(-81,-72,-86),(-75,-70,-81),(-67,-61,-74)
11:19:30.143048,(-74,-59,-83),(-65,-59,-72),(-67,-53,-72),(-79,-69,-85),(-75,-58,-99),(-69,-50,-81)
11:19:32.478902,(-72,-57,-90),(-66,-53,-84),(-69,-59,-83),(-82,-71,-86),(-76,-62,-80),(-62,-50,-71)
11:19:34.776908,(-72,-54,-88),(-67,-58,-74),(-68,-54,-74),(-86,-80,-93),(-72,-57,-82),(-59,-46,-67)
11:19:37.092815,(-71,-60,-81),(-59,-47,-68),(-67,-53,-80),(-85,-75,-96),(-76,-61,-82),(-59,-40,-74)
11:19:39.429043,(-73,-57,-82),(-63,-59,-72),(-65,-48,-70),(-82,-77,-86),(-72,-66,-75),(-64,-56,-70)
11:19:41.737496,(-74,-60,-80),(-63,-54,-74),(-66,-48,-73),(-82,-68,-92),(-71,-52,-82),(-63,-46,-79)
11:19:44.079462,(-75,-62,-82),(-60,-51,-68),(-70,-56,-80),(-84,-78,-93),(-75,-67,-85),(-67,-52,-85)
11:19:46.377603,(-72,-55,-90),(-57,-46,-69),(-62,-51,-74),(-86,-85,-87),(-79,-68,-84),(-60,-46,-72)
11:19:48.710806,(-74,-70,-82),(-61,-58,-67),(-70,-60,-77),(-89,-75,-99),(-75,-61,-95),(-59,-47,-73)
11:19:51.023695,(-72,-57,-82),(-65,-52,-74),(-63,-50,-78),(-82,-71,-94),(-76,-60,-94),(-66,-52,-81)
11:19:53.389117,(-73,-60,-78),(-64,-59,-72),(-66,-52,-74),(-80,-68,-90),(-74,-62,-81),(-66,-54,-77)
11:19:55.755143,(-72,-67,-76),(-66,-56,-72),(-70,-58,-79),(-88,-79,-92),(-75,-61,-81),(-60,-45,-78)
11:19:58.061792,(-69,-59,-76),(-63,-55,-72),(-61,-51,-71),(-84,-74,-94),(-78,-57,-91),(-64,-45,-76)
11:20:00.365259,(-69,-57,-74),(-57,-54,-59),(-66,-60,-71),(-88,-81,-92),(-78,-70,-87),(-62,-51,-81)
11:20:02.653151,(-72,-52,-83),(-57,-47,-63),(-65,-50,-71),(-84,-77,-95),(-68,-52,-86),(-70,-60,-76)
11:20:04.993242,(-69,-54,-77),(-67,-56,-73),(-67,-49,-91),(-80,-62,-96),(-68,-59,-79),(-59,-45,-66)
