08:42:48.047241,(-78,-69,-87),(-72,-62,-81),(-58,-47,-61),(-65,-57,-73),(-74,-61,-81),(-72,-62,-80)
[('b8:27:eb:b6:43:f8', [-70, -87, -72, -69, -84, -80, -80]), ('b8:27:eb:d3:4c:7f', [-74, -63, -81, -81, -73, -74, -68, -62]), ('b8:27:eb:cd:4b:81', [-60, -57, -59, -61, -58, -52, -59, -47, -61]), ('b8:27:eb:ee:32:b8', [-66, -58, -71, -73, -66, -57, -63]), ('b8:27:eb:e7:50:37', [-77, -61, -81, -61, -75, -72, -79, -79]), ('b8:27:eb:63:a1:e3', [-72, -80, -74, -78, -62, -62])]
08:42:49.939537,(-83,-72,-87),(-78,-71,-84),(-65,-51,-82),(-50,-41,-65),(-74,-62,-83),(-72,-61,-80)
[('b8:27:eb:b6:43:f8', [-84, -86, -87, -72, -74, -84, -84, -87]), ('b8:27:eb:d3:4c:7f', [-77, -79, -77, -74, -84, -79, -71]), ('b8:27:eb:cd:4b:81', [-60, -71, -61, -61, -68, -82, -51, -60, -65]), ('b8:27:eb:ee:32:b8', [-49, -65, -41, -44, -55, -45]), ('b8:27:eb:e7:50:37', [-75, -83, -78, -75, -77, -62, -67, -70, -77]), ('b8:27:eb:63:a1:e3', [-80, -61, -68, -79, -71, -69])]
08:42:51.852655,(-84,-73,-91),(-78,-57,-90),(-67,-61,-77),(-62,-56,-67),(-73,-68,-77),(-69,-57,-79)
[('b8:27:eb:b6:43:f8', [-73, -77, -85, -91, -87, -91, -84]), ('b8:27:eb:d3:4c:7f', [-81, -83, -78, -82, -72, -57, -90]), ('b8:27:eb:cd:4b:81', [-62, -61, -71, -61, -67, -69, -64, -77]), ('b8:27:eb:ee:32:b8', [-67, -60, -56, -60, -66, -65, -58, -61]), ('b8:27:eb:e7:50:37', [-68, -75, -77, -70, -74, -71]), ('b8:27:eb:63:a1:e3', [-75, -59, -79, -77, -58, -73, -57])]
08:42:53.748120,(-82,-75,-88),(-78,-69,-88),(-74,-67,-78),(-57,-49,-61),(-71,-61,-79),(-67,-52,-71)
[('b8:27:eb:b6:43:f8', [-78, -86, -78, -85, -88, -75]), ('b8:27:eb:d3:4c:7f', [-71, -79, -81, -70, -86, -72, -88, -69, -79]), ('b8:27:eb:cd:4b:81', [-67, -75, -74, -78, -71, -78, -77, -73, -69]), ('b8:27:eb:ee:32:b8', [-61, -49, -58, -55, -60]), ('b8:27:eb:e7:50:37', [-70, -70, -61, -67, -79, -74, -76, -69]), ('b8:27:eb:63:a1:e3', [-70, -70, -52, -68, -69, -71, -65])]
08:42:55.641567,(-80,-71,-88),(-76,-68,-79),(-73,-57,-84),(-61,-47,-78),(-70,-57,-82),(-66,-51,-75)
[('b8:27:eb:b6:43:f8', [-85, -84, -80, -88, -79, -72, -83, -77, -71, -78]), ('b8:27:eb:d3:4c:7f', [-78, -79, -68, -75, -75, -77]), ('b8:27:eb:cd:4b:81', [-84, -68, -78, -57, -76, -74, -67, -73, -72]), ('b8:27:eb:ee:32:b8', [-67, -55, -78, -60, -58, -47, -59]), ('b8:27:eb:e7:50:37', [-82, -67, -57, -74, -69, -73, -67]), ('b8:27:eb:63:a1:e3', [-57, -72, -65, -65, -75, -51, -65, -70, -70])]
08:42:57.568826,(-78,-62,-90),(-73,-62,-80),(-63,-48,-70),(-49,-42,-59),(-73,-68,-81),(-68,-55,-78)
[('b8:27:eb:b6:43:f8', [-83, -68, -77, -78, -83, -90, -62, -77]), ('b8:27:eb:d3:4c:7f', [-62, -76, -75, -70, -80]), ('b8:27:eb:cd:4b:81', [-65, -70, -65, -64, -64, -48, -58, -65, -59, -68]), ('b8:27:eb:ee:32:b8', [-42, -47, -59, -45, -48]), ('b8:27:eb:e7:50:37', [-71, -73, -70, -71, -81, -68, -73, -73]), ('b8:27:eb:63:a1:e3', [-68, -68, -71, -78, -55, -67, -67, -70])]
08:42:59.482879,(-81,-76,-83),(-75,-68,-89),(-65,-55,-73),(-63,-55,-69),(-73,-68,-83),(-71,-66,-84)
[('b8:27:eb:b6:43:f8', [-79, -78, -81, -82, -83, -79, -83, -82, -76]), ('b8:27:eb:d3:4c:7f', [-73, -69, -73, -75, -68, -83, -76, -69, -89]), ('b8:27:eb:cd:4b:81', [-69, -64, -63, -57, -63, -73, -73, -55, -70, -61]), ('b8:27:eb:ee:32:b8', [-62, -59, -66, -55, -57, -67, -69]), ('b8:27:eb:e7:50:37', [-71, -69, -83, -68, -73, -73, -71]), ('b8:27:eb:63:a1:e3', [-66, -84, -69, -70, -68, -71, -69])]
08:43:01.408712,(-83,-73,-99),(-73,-62,-78),(-65,-48,-81),(-67,-62,-71),(-72,-56,-77),(-68,-51,-84)
[('b8:27:eb:b6:43:f8', [-76, -99, -83, -88, -73, -86, -84, -74]), ('b8:27:eb:d3:4c:7f', [-75, -73, -78, -62, -72, -77]), ('b8:27:eb:cd:4b:81', [-81, -48, -61, -60, -64, -71, -65]), ('b8:27:eb:ee:32:b8', [-71, -69, -69, -63, -62, -62, -68, -67]), ('b8:27:eb:e7:50:37', [-70, -76, -75, -74, -77, -74, -71, -69, -56]), ('b8:27:eb:63:a1:e3', [-84, -62, -79, -61, -74, -76, -51, -59, -62])]
08:43:03.305239,(-83,-79,-85),(-71,-59,-79),(-65,-56,-73),(-64,-49,-87),(-75,-61,-83),(-66,-50,-82)
[('b8:27:eb:b6:43:f8', [-79, -83, -85, -79, -85]), ('b8:27:eb:d3:4c:7f', [-79, -75, -59, -71, -70, -60, -69, -79]), ('b8:27:eb:cd:4b:81', [-73, -60, -64, -57, -56, -73, -57, -73]), ('b8:27:eb:ee:32:b8', [-87, -77, -50, -49, -64, -51, -67]), ('b8:27:eb:e7:50:37', [-73, -83, -68, -73, -61, -78, -76, -82]), ('b8:27:eb:63:a1:e3', [-50, -82, -68, -73, -55, -68])]
08:43:05.192546,(-82,-72,-89),(-72,-59,-80),(-61,-48,-70),(-65,-53,-72),(-73,-58,-90),(-72,-66,-78)
[('b8:27:eb:b6:43:f8', [-82, -73, -89, -87, -76, -89, -72]), ('b8:27:eb:d3:4c:7f', [-80, -59, -73, -62, -76, -74, -74, -73, -69]), ('b8:27:eb:cd:4b:81', [-57, -62, -68, -70, -66, -52, -60, -64, -48]), ('b8:27:eb:ee:32:b8', [-72, -57, -71, -71, -53, -66, -62]), ('b8:27:eb:e7:50:37', [-79, -58, -58, -77, -68, -75, -76, -70, -90, -76]), ('b8:27:eb:63:a1:e3', [-71, -71, -69, -66, -72, -78])]
08:43:07.124243,(-85,-80,-89),(-72,-62,-79),(-63,-47,-71),(-65,-51,-74),(-69,-55,-77),(-68,-58,-77)
[('b8:27:eb:b6:43:f8', [-89, -87, -82, -86, -80]), ('b8:27:eb:d3:4c:7f', [-74, -62, -68, -71, -69, -79, -72, -73, -72]), ('b8:27:eb:cd:4b:81', [-68, -49, -68, -65, -47, -60, -71, -67, -68]), ('b8:27:eb:ee:32:b8', [-62, -64, -51, -64, -60, -67, -72, -74]), ('b8:27:eb:e7:50:37', [-71, -63, -69, -69, -72, -77, -55, -76]), ('b8:27:eb:63:a1:e3', [-58, -61, -70, -70, -67, -77, -66, -71])]
08:43:09.052476,(-84,-72,-99),(-71,-61,-75),(-60,-46,-68),(-62,-49,-74),(-74,-60,-81),(-75,-59,-86)
[('b8:27:eb:b6:43:f8', [-79, -72, -80, -87, -84, -99, -85]), ('b8:27:eb:d3:4c:7f', [-72, -72, -75, -73, -73, -73, -67, -61]), ('b8:27:eb:cd:4b:81', [-62, -46, -60, -61, -52, -68, -67]), ('b8:27:eb:ee:32:b8', [-51, -66, -49, -74, -72, -64, -52]), ('b8:27:eb:e7:50:37', [-60, -79, -68, -81, -79, -76, -73]), ('b8:27:eb:63:a1:e3', [-86, -64, -86, -79, -73, -59, -75])]
08:43:10.938540,(-83,-73,-91),(-79,-67,-89),(-63,-52,-72),(-61,-50,-69),(-75,-59,-90),(-72,-67,-77)
[('b8:27:eb:b6:43:f8', [-88, -73, -91, -83, -78]), ('b8:27:eb:d3:4c:7f', [-80, -74, -89, -71, -67, -83, -84]), ('b8:27:eb:cd:4b:81', [-52, -58, -60, -70, -72, -59, -68, -56, -72]), ('b8:27:eb:ee:32:b8', [-50, -59, -58, -63, -59, -64, -69, -60]), ('b8:27:eb:e7:50:37', [-59, -78, -75, -73, -74, -68, -79, -72, -74, -90]), ('b8:27:eb:63:a1:e3', [-67, -77, -68, -71, -74, -74, -71, -73])]
08:43:12.855561,(-85,-70,-93),(-79,-72,-87),(-71,-55,-81),(-63,-59,-70),(-73,-60,-84),(-69,-50,-80)
[('b8:27:eb:b6:43:f8', [-85, -93, -87, -91, -87, -70, -82]), ('b8:27:eb:d3:4c:7f', [-77, -85, -87, -76, -76, -78, -72]), ('b8:27:eb:cd:4b:81', [-72, -81, -62, -67, -70, -55, -80, -80, -70]), ('b8:27:eb:ee:32:b8', [-62, -63, -61, -62, -70, -65, -65, -59, -59]), ('b8:27:eb:e7:50:37', [-62, -67, -79, -78, -81, -84, -60]), ('b8:27:eb:63:a1:e3', [-80, -67, -71, -50, -67, -73, -71])]
08:43:14.753163,(-89,-83,-92),(-81,-66,-91),(-71,-56,-84),(-61,-54,-67),(-74,-65,-77),(-67,-59,-71)
[('b8:27:eb:b6:43:f8', [-90, -87, -91, -86, -83, -92]), ('b8:27:eb:d3:4c:7f', [-81, -75, -66, -85, -85, -86, -91, -71, -87]), ('b8:27:eb:cd:4b:81', [-71, -72, -72, -74, -77, -73, -73, -56, -84, -56]), ('b8:27:eb:ee:32:b8', [-60, -65, -54, -67, -65, -57, -60, -61, -61, -59]), ('b8:27:eb:e7:50:37', [-74, -65, -76, -73, -72, -77, -75]), ('b8:27:eb:63:a1:e3', [-59, -66, -71, -66, -67, -65, -67, -67, -71])]
08:43:16.689239,(-83,-74,-93),(-78,-70,-86),(-73,-67,-80),(-57,-48,-64),(-66,-57,-76),(-67,-52,-77)
[('b8:27:eb:b6:43:f8', [-82, -76, -93, -87, -86, -74, -92, -75, -81]), ('b8:27:eb:d3:4c:7f', [-86, -81, -81, -84, -74, -75, -70, -70]), ('b8:27:eb:cd:4b:81', [-67, -75, -80, -73, -76, -80, -68, -71, -71, -68]), ('b8:27:eb:ee:32:b8', [-48, -60, -48, -59, -64, -56, -61, -59]), ('b8:27:eb:e7:50:37', [-59, -57, -74, -76, -70, -58, -66]), ('b8:27:eb:63:a1:e3', [-73, -56, -70, -71, -77, -70, -52, -66])]
08:43:18.595616,(-85,-75,-88),(-72,-62,-77),(-67,-53,-76),(-58,-48,-64),(-77,-71,-86),(-69,-53,-80)
[('b8:27:eb:b6:43:f8', [-86, -88, -87, -75, -87, -87, -83]), ('b8:27:eb:d3:4c:7f', [-62, -73, -77, -74, -67, -71, -74]), ('b8:27:eb:cd:4b:81', [-76, -68, -72, -72, -71, -68, -54, -53, -69]), ('b8:27:eb:ee:32:b8', [-62, -64, -58, -58, -48, -55, -55]), ('b8:27:eb:e7:50:37', [-86, -75, -75, -71, -72, -79]), ('b8:27:eb:63:a1:e3', [-67, -70, -80, -69, -75, -72, -53, -60, -73])]
08:43:20.486915,(-75,-68,-82),(-72,-62,-83),(-60,-52,-67),(-62,-45,-81),(-70,-57,-87),(-75,-64,-90)
[('b8:27:eb:b6:43:f8', [-70, -74, -82, -77, -80, -68, -73]), ('b8:27:eb:d3:4c:7f', [-63, -62, -83, -76, -72]), ('b8:27:eb:cd:4b:81', [-52, -54, -67, -61, -61, -58, -55, -65, -64]), ('b8:27:eb:ee:32:b8', [-60, -57, -54, -45, -72, -70, -81, -54]), ('b8:27:eb:e7:50:37', [-72, -57, -73, -72, -59, -66, -68, -87]), ('b8:27:eb:63:a1:e3', [-90, -64, -69, -68, -69, -90])]
08:43:22.416396,(-82,-73,-88),(-72,-67,-75),(-62,-50,-71),(-68,-54,-75),(-71,-56,-81),(-68,-57,-77)
[('b8:27:eb:b6:43:f8', [-88, -81, -79, -81, -77, -83, -73, -83, -86]), ('b8:27:eb:d3:4c:7f', [-71, -75, -68, -73, -67, -74]), ('b8:27:eb:cd:4b:81', [-51, -55, -50, -66, -66, -68, -71, -67]), ('b8:27:eb:ee:32:b8', [-75, -73, -74, -68, -73, -54, -70, -57]), ('b8:27:eb:e7:50:37', [-56, -75, -58, -72, -74, -73, -71, -81, -76]), ('b8:27:eb:63:a1:e3', [-70, -65, -65, -77, -71, -68, -67, -57, -67, -64])]
08:43:24.344380,(-76,-67,-84),(-70,-60,-76),(-62,-47,-76),(-67,-59,-72),(-76,-70,-81),(-69,-65,-73)
[('b8:27:eb:b6:43:f8', [-81, -67, -71, -84]), ('b8:27:eb:d3:4c:7f', [-72, -69, -60, -73, -76, -73, -67]), ('b8:27:eb:cd:4b:81', [-57, -61, -47, -60, -71, -76, -64, -60]), ('b8:27:eb:ee:32:b8', [-67, -59, -66, -66, -69, -72]), ('b8:27:eb:e7:50:37', [-81, -74, -74, -81, -74, -74, -70]), ('b8:27:eb:63:a1:e3', [-65, -66, -68, -73, -70, -69, -67, -70])]
08:43:26.272885,(-85,-81,-95),(-75,-60,-82),(-62,-48,-71),(-69,-55,-78),(-76,-58,-82),(-62,-51,-68)
[('b8:27:eb:b6:43:f8', [-95, -82, -81, -83, -83, -84, -83, -84]), ('b8:27:eb:d3:4c:7f', [-78, -61, -73, -81, -81, -80, -82, -74, -60]), ('b8:27:eb:cd:4b:81', [-60, -60, -57, -70, -71, -67, -61, -60, -48, -61]), ('b8:27:eb:ee:32:b8', [-67, -64, -74, -69, -74, -78, -68, -55]), ('b8:27:eb:e7:50:37', [-80, -74, -82, -76, -80, -81, -58, -78, -69, -74]), ('b8:27:eb:63:a1:e3', [-51, -67, -68, -61])]
08:43:28.198638,(-86,-82,-90),(-73,-59,-81),(-58,-46,-67),(-66,-56,-72),(-72,-66,-75),(-69,-58,-84)
[('b8:27:eb:b6:43:f8', [-90, -85, -82, -84]), ('b8:27:eb:d3:4c:7f', [-59, -70, -77, -81, -72, -79]), ('b8:27:eb:cd:4b:81', [-46, -49, -60, -50, -60, -61, -67, -67]), ('b8:27:eb:ee:32:b8', [-56, -69, -72, -70, -62]), ('b8:27:eb:e7:50:37', [-74, -74, -66, -69, -75, -71]), ('b8:27:eb:63:a1:e3', [-69, -71, -66, -64, -74, -84, -69, -63, -58])]
08:43:30.101670,(-83,-70,-87),(-77,-64,-82),(-60,-50,-71),(-68,-47,-81),(-75,-68,-86),(-75,-71,-85)
[('b8:27:eb:b6:43:f8', [-87, -84, -70, -84, -83, -85, -85]), ('b8:27:eb:d3:4c:7f', [-81, -72, -81, -74, -82, -64, -80]), ('b8:27:eb:cd:4b:81', [-71, -50, -60, -61, -59, -59]), ('b8:27:eb:ee:32:b8', [-81, -67, -78, -67, -59, -71, -47]), ('b8:27:eb:e7:50:37', [-80, -73, -70, -86, -72, -68]), ('b8:27:eb:63:a1:e3', [-72, -85, -72, -71, -76, -73, -74])]
08:43:32.030215,(-82,-75,-92),(-79,-71,-86),(-65,-48,-83),(-63,-57,-71),(-75,-64,-85),(-70,-59,-77)
[('b8:27:eb:b6:43:f8', [-92, -75, -75, -80, -90, -82, -83, -76]), ('b8:27:eb:d3:4c:7f', [-86, -79, -73, -71, -80, -84]), ('b8:27:eb:cd:4b:81', [-83, -63, -66, -62, -48, -56, -63, -67, -69]), ('b8:27:eb:ee:32:b8', [-57, -57, -60, -71, -68]), ('b8:27:eb:e7:50:37', [-85, -77, -64, -74, -75, -77, -70]), ('b8:27:eb:63:a1:e3', [-77, -77, -67, -70, -59, -72, -67])]
08:43:33.973004,(-79,-73,-85),(-80,-70,-89),(-68,-48,-80),(-62,-50,-73),(-85,-70,-94),(-78,-59,-91)
[('b8:27:eb:b6:43:f8', [-73, -76, -83, -85, -77]), ('b8:27:eb:d3:4c:7f', [-76, -70, -78, -89, -81, -80, -79, -84]), ('b8:27:eb:cd:4b:81', [-80, -48, -68, -68, -71, -73, -64]), ('b8:27:eb:ee:32:b8', [-73, -62, -71, -61, -52, -50, -60, -66]), ('b8:27:eb:e7:50:37', [-92, -70, -82, -86, -81, -94]), ('b8:27:eb:63:a1:e3', [-80, -59, -75, -78, -78, -78, -91, -77, -79])]
08:43:35.882931,(-85,-83,-86),(-76,-63,-84),(-69,-55,-76),(-67,-59,-72),(-78,-70,-83),(-69,-54,-85)
[('b8:27:eb:b6:43:f8', [-84, -85, -86, -83]), ('b8:27:eb:d3:4c:7f', [-64, -81, -68, -79, -78, -63, -84, -82, -78]), ('b8:27:eb:cd:4b:81', [-68, -55, -76, -70, -60, -75, -75, -66]), ('b8:27:eb:ee:32:b8', [-68, -67, -71, -69, -59, -67, -61, -72, -61]), ('b8:27:eb:e7:50:37', [-78, -81, -77, -82, -83, -70, -75]), ('b8:27:eb:63:a1:e3', [-77, -70, -60, -81, -85, -69, -57, -54, -61])]
08:43:37.783645,(-85,-72,-91),(-76,-65,-86),(-73,-67,-84),(-63,-48,-75),(-67,-54,-81),(-68,-55,-83)
[('b8:27:eb:b6:43:f8', [-85, -84, -89, -83, -91, -72, -87]), ('b8:27:eb:d3:4c:7f', [-79, -77, -78, -74, -65, -86, -67]), ('b8:27:eb:cd:4b:81', [-73, -67, -70, -70, -73, -71, -70, -84]), ('b8:27:eb:ee:32:b8', [-48, -60, -71, -55, -62, -75, -68, -60]), ('b8:27:eb:e7:50:37', [-63, -74, -81, -54, -62]), ('b8:27:eb:63:a1:e3', [-67, -83, -75, -58, -55])]
08:43:39.691805,(-86,-77,-101),(-78,-73,-83),(-66,-50,-79),(-62,-47,-71),(-69,-58,-81),(-75,-66,-84)
[('b8:27:eb:b6:43:f8', [-82, -86, -81, -77, -89, -101, -91, -81]), ('b8:27:eb:d3:4c:7f', [-80, -83, -81, -73, -73, -76]), ('b8:27:eb:cd:4b:81', [-72, -79, -69, -50, -65, -69, -61, -61]), ('b8:27:eb:ee:32:b8', [-61, -67, -47, -71, -64, -60, -59, -63]), ('b8:27:eb:e7:50:37', [-81, -76, -58, -71, -59]), ('b8:27:eb:63:a1:e3', [-70, -84, -83, -81, -66, -66, -72, -77])]
08:43:41.635695,(-85,-77,-93),(-77,-68,-86),(-58,-44,-66),(-68,-46,-81),(-69,-52,-78),(-69,-56,-80)
[('b8:27:eb:b6:43:f8', [-93, -85, -80, -77, -91, -84, -81]), ('b8:27:eb:d3:4c:7f', [-86, -76, -76, -76, -68, -81, -72, -76]), ('b8:27:eb:cd:4b:81', [-65, -66, -65, -44, -60, -51, -66, -46]), ('b8:27:eb:ee:32:b8', [-46, -60, -81, -73, -69, -71, -70]), ('b8:27:eb:e7:50:37', [-52, -63, -78, -78, -57, -66, -68, -78, -71, -76]), ('b8:27:eb:63:a1:e3', [-64, -56, -69, -66, -72, -71, -68, -74, -80])]
08:43:43.564367,(-82,-75,-89),(-72,-59,-79),(-58,-55,-63),(-74,-59,-87),(-71,-59,-77),(-74,-67,-81)
[('b8:27:eb:b6:43:f8', [-75, -77, -79, -85, -89, -85]), ('b8:27:eb:d3:4c:7f', [-75, -73, -62, -77, -79, -71, -59, -74, -77]), ('b8:27:eb:cd:4b:81', [-56, -63, -56, -59, -55, -59, -56, -56]), ('b8:27:eb:ee:32:b8', [-71, -72, -67, -70, -70, -59, -85, -87, -77]), ('b8:27:eb:e7:50:37', [-73, -73, -72, -73, -68, -71, -77, -73, -59]), ('b8:27:eb:63:a1:e3', [-69, -67, -80, -68, -72, -81, -77, -71])]
08:43:45.492550,(-85,-81,-90),(-79,-68,-88),(-54,-43,-58),(-76,-68,-83),(-69,-55,-74),(-71,-59,-85)
[('b8:27:eb:b6:43:f8', [-83, -83, -81, -90, -81, -81, -84, -90]), ('b8:27:eb:d3:4c:7f', [-88, -75, -68, -81, -77, -85]), ('b8:27:eb:cd:4b:81', [-43, -58, -52, -58, -55]), ('b8:27:eb:ee:32:b8', [-71, -68, -80, -80, -83, -71]), ('b8:27:eb:e7:50:37', [-72, -69, -70, -69, -72, -74, -71, -55, -67]), ('b8:27:eb:63:a1:e3', [-59, -60, -85, -73, -74, -72, -74, -73, -68])]
08:43:47.393700,(-84,-71,-89),(-75,-64,-87),(-59,-45,-74),(-68,-52,-75),(-76,-72,-82),(-73,-58,-85)
[('b8:27:eb:b6:43:f8', [-89, -84, -71, -89, -84]), ('b8:27:eb:d3:4c:7f', [-73, -64, -80, -83, -66, -87, -70]), ('b8:27:eb:cd:4b:81', [-58, -52, -60, -45, -59, -50, -61, -64, -63, -74]), ('b8:27:eb:ee:32:b8', [-71, -74, -70, -68, -67, -52, -61, -75, -73]), ('b8:27:eb:e7:50:37', [-72, -73, -75, -79, -82, -73, -75, -76]), ('b8:27:eb:63:a1:e3', [-58, -76, -74, -85, -73, -84, -69, -73, -59])]
08:43:49.310225,(-79,-65,-97),(-73,-60,-85),(-61,-47,-77),(-63,-46,-68),(-79,-59,-89),(-73,-67,-81)
[('b8:27:eb:b6:43:f8', [-85, -72, -65, -73, -97]), ('b8:27:eb:d3:4c:7f', [-75, -64, -80, -66, -85, -60, -76, -73, -74]), ('b8:27:eb:cd:4b:81', [-77, -47, -68, -58, -55, -56]), ('b8:27:eb:ee:32:b8', [-65, -68, -46, -68, -68, -60, -55, -63, -64, -65]), ('b8:27:eb:e7:50:37', [-72, -78, -86, -89, -59, -89, -78]), ('b8:27:eb:63:a1:e3', [-73, -81, -71, -77, -68, -67, -71])]
08:43:51.220030,(-81,-74,-87),(-79,-74,-87),(-65,-54,-73),(-68,-54,-83),(-77,-68,-86),(-77,-71,-82)
[('b8:27:eb:b6:43:f8', [-77, -74, -76, -85, -85, -87]), ('b8:27:eb:d3:4c:7f', [-75, -74, -77, -80, -78, -87, -81]), ('b8:27:eb:cd:4b:81', [-67, -73, -69, -54, -59, -55, -66, -69, -71]), ('b8:27:eb:ee:32:b8', [-54, -72, -64, -75, -60, -83]), ('b8:27:eb:e7:50:37', [-68, -73, -76, -75, -81, -70, -73, -86, -85]), ('b8:27:eb:63:a1:e3', [-81, -73, -72, -82, -71, -80, -76, -79])]
08:43:53.151073,(-81,-72,-87),(-79,-62,-86),(-67,-59,-75),(-64,-58,-68),(-72,-55,-81),(-73,-69,-79)
[('b8:27:eb:b6:43:f8', [-86, -76, -87, -72, -84]), ('b8:27:eb:d3:4c:7f', [-85, -76, -86, -77, -78, -78, -84, -62]), ('b8:27:eb:cd:4b:81', [-70, -68, -75, -69, -68, -59, -60]), ('b8:27:eb:ee:32:b8', [-67, -61, -62, -58, -68]), ('b8:27:eb:e7:50:37', [-74, -77, -55, -81, -81, -71, -81, -68, -55]), ('b8:27:eb:63:a1:e3', [-74, -73, -69, -72, -73, -74, -70, -79, -69])]
08:43:55.054934,(-82,-73,-92),(-73,-65,-82),(-59,-48,-69),(-64,-52,-71),(-67,-57,-77),(-67,-55,-78)
[('b8:27:eb:b6:43:f8', [-77, -85, -92, -81, -81, -73]), ('b8:27:eb:d3:4c:7f', [-82, -66, -78, -76, -65, -66, -73]), ('b8:27:eb:cd:4b:81', [-64, -48, -64, -51, -69, -55]), ('b8:27:eb:ee:32:b8', [-65, -52, -58, -64, -61, -70, -71, -68]), ('b8:27:eb:e7:50:37', [-67, -71, -57, -57, -72, -57, -72, -73, -77]), ('b8:27:eb:63:a1:e3', [-57, -66, -74, -78, -70, -68, -55])]
08:43:56.983354,(-82,-79,-87),(-76,-62,-91),(-60,-48,-66),(-67,-60,-76),(-69,-56,-79),(-67,-55,-81)
[('b8:27:eb:b6:43:f8', [-79, -84, -79, -80, -87]), ('b8:27:eb:d3:4c:7f', [-66, -62, -81, -72, -77, -75, -91, -83]), ('b8:27:eb:cd:4b:81', [-63, -58, -48, -59, -61, -65, -66, -58]), ('b8:27:eb:ee:32:b8', [-62, -65, -76, -67, -60, -76, -64, -60]), ('b8:27:eb:e7:50:37', [-73, -68, -56, -79, -73, -69, -62, -67]), ('b8:27:eb:63:a1:e3', [-58, -62, -62, -81, -81, -55])]
08:43:58.922575,(-85,-80,-89),(-75,-60,-83),(-74,-59,-90),(-66,-57,-72),(-72,-69,-75),(-65,-51,-74)
[('b8:27:eb:b6:43:f8', [-88, -89, -85, -81, -80]), ('b8:27:eb:d3:4c:7f', [-75, -83, -81, -75, -76, -73, -68, -60, -78]), ('b8:27:eb:cd:4b:81', [-64, -68, -71, -76, -88, -75, -90, -59]), ('b8:27:eb:ee:32:b8', [-57, -66, -72, -64, -66, -72, -70, -70, -61, -62]), ('b8:27:eb:e7:50:37', [-72, -70, -75, -69, -70]), ('b8:27:eb:63:a1:e3', [-67, -70, -57, -67, -74, -69, -51, -64])]
08:44:00.840433,(-84,-78,-90),(-69,-54,-81),(-65,-56,-82),(-69,-58,-85),(-71,-54,-84),(-67,-52,-76)
[('b8:27:eb:b6:43:f8', [-80, -90, -85, -79, -87, -83, -78]), ('b8:27:eb:d3:4c:7f', [-62, -81, -70, -54, -72, -68, -75]), ('b8:27:eb:cd:4b:81', [-66, -69, -58, -57, -58, -69, -82, -56]), ('b8:27:eb:ee:32:b8', [-59, -62, -69, -58, -72, -71, -85, -73]), ('b8:27:eb:e7:50:37', [-54, -79, -80, -72, -56, -64, -75, -68, -84]), ('b8:27:eb:63:a1:e3', [-71, -52, -72, -67, -73, -76, -59, -66])]
08:44:02.748132,(-87,-80,-92),(-73,-66,-79),(-60,-49,-64),(-63,-52,-77),(-78,-71,-91),(-69,-55,-79)
[('b8:27:eb:b6:43:f8', [-86, -84, -92, -80, -86, -90]), ('b8:27:eb:d3:4c:7f', [-75, -77, -68, -70, -66, -70, -73, -79]), ('b8:27:eb:cd:4b:81', [-60, -61, -49, -64, -61, -64]), ('b8:27:eb:ee:32:b8', [-52, -55, -77, -65, -65, -55, -69, -66]), ('b8:27:eb:e7:50:37', [-73, -77, -73, -91, -71, -71, -84]), ('b8:27:eb:63:a1:e3', [-74, -75, -75, -65, -79, -62, -60, -72, -69, -55])]
08:44:04.632835,(-82,-72,-90),(-74,-62,-81),(-67,-58,-86),(-61,-44,-75),(-72,-65,-79),(-68,-55,-76)
[('b8:27:eb:b6:43:f8', [-88, -82, -77, -81, -83, -77, -72, -90]), ('b8:27:eb:d3:4c:7f', [-77, -81, -81, -79, -73, -79, -62, -66, -67, -69]), ('b8:27:eb:cd:4b:81', [-71, -59, -86, -72, -67, -63, -58, -60, -67]), ('b8:27:eb:ee:32:b8', [-63, -64, -75, -65, -44, -62, -51]), ('b8:27:eb:e7:50:37', [-79, -75, -71, -65, -76, -71, -76, -67, -67, -70]), ('b8:27:eb:63:a1:e3', [-69, -68, -67, -76, -55, -68])]
08:44:06.568124,(-81,-73,-92),(-72,-61,-79),(-59,-43,-75),(-69,-59,-77),(-72,-54,-86),(-74,-62,-80)
[('b8:27:eb:b6:43:f8', [-78, -79, -85, -77, -83, -92, -73, -78]), ('b8:27:eb:d3:4c:7f', [-73, -72, -74, -61, -79, -73, -67, -76]), ('b8:27:eb:cd:4b:81', [-62, -43, -45, -61, -49, -57, -63, -62, -71, -75]), ('b8:27:eb:ee:32:b8', [-77, -69, -71, -70, -72, -65, -59, -69, -65]), ('b8:27:eb:e7:50:37', [-54, -69, -70, -78, -86, -74]), ('b8:27:eb:63:a1:e3', [-73, -62, -77, -80, -77, -76, -72, -73])]
08:44:08.455289,(-81,-73,-87),(-75,-68,-87),(-66,-51,-76),(-64,-50,-71),(-70,-56,-81),(-70,-54,-75)
[('b8:27:eb:b6:43:f8', [-83, -87, -73, -78, -85, -81, -79]), ('b8:27:eb:d3:4c:7f', [-87, -84, -71, -70, -72, -71, -76, -68]), ('b8:27:eb:cd:4b:81', [-66, -67, -76, -72, -51, -59]), ('b8:27:eb:ee:32:b8', [-71, -64, -71, -69, -50, -63, -63, -58, -65, -60]), ('b8:27:eb:e7:50:37', [-81, -68, -59, -71, -80, -67, -71, -56]), ('b8:27:eb:63:a1:e3', [-74, -71, -71, -72, -54, -75])]
08:44:10.355440,(-82,-76,-90),(-70,-58,-78),(-61,-44,-71),(-74,-65,-80),(-74,-61,-84),(-70,-57,-79)
[('b8:27:eb:b6:43:f8', [-77, -78, -90, -76, -83, -80, -79, -85, -86, -84]), ('b8:27:eb:d3:4c:7f', [-78, -59, -74, -58, -73, -73, -72, -67, -68, -71]), ('b8:27:eb:cd:4b:81', [-66, -59, -44, -69, -60, -58, -59, -71, -62]), ('b8:27:eb:ee:32:b8', [-73, -78, -80, -65]), ('b8:27:eb:e7:50:37', [-61, -84, -74, -68, -75, -71, -78, -78]), ('b8:27:eb:63:a1:e3', [-73, -75, -61, -79, -74, -57])]
