08:40:48.235133,(-81,-66,-92),(-74,-54,-93),(-62,-45,-74),(-72,-61,-84),(-79,-68,-91),(-76,-71,-81)
[('b8:27:eb:b6:43:f8', [-66, -70, -81, -92, -89, -83, -81, -83]), ('b8:27:eb:d3:4c:7f', [-74, -71, -67, -54, -70, -74, -75, -75, -93, -79]), ('b8:27:eb:cd:4b:81', [-63, -45, -55, -74, -61, -71, -61, -61]), ('b8:27:eb:ee:32:b8', [-73, -84, -61, -70, -67, -72]), ('b8:27:eb:e7:50:37', [-68, -91, -71, -83, -79, -78]), ('b8:27:eb:63:a1:e3', [-76, -71, -78, -75, -81, -76, -78, -77, -76, -71])]
08:40:50.124951,(-71,-56,-80),(-69,-55,-72),(-51,-39,-60),(-69,-54,-83),(-78,-69,-81),(-72,-64,-76)
[('b8:27:eb:b6:43:f8', [-80, -65, -75, -74, -56, -73, -70]), ('b8:27:eb:d3:4c:7f', [-55, -70, -72, -72, -69, -71]), ('b8:27:eb:cd:4b:81', [-60, -59, -42, -55, -39]), ('b8:27:eb:ee:32:b8', [-63, -67, -83, -73, -70, -62, -76, -70, -54]), ('b8:27:eb:e7:50:37', [-81, -79, -77, -69, -78, -81, -76]), ('b8:27:eb:63:a1:e3', [-76, -70, -74, -75, -68, -64])]
08:40:52.026090,(-71,-56,-77),(-68,-54,-79),(-57,-46,-62),(-69,-63,-74),(-80,-72,-87),(-80,-66,-95)
[('b8:27:eb:b6:43:f8', [-70, -62, -56, -77, -73, -74, -75, -76]), ('b8:27:eb:d3:4c:7f', [-79, -70, -58, -54, -71, -71, -57, -75, -70]), ('b8:27:eb:cd:4b:81', [-62, -46, -55, -59, -60, -58]), ('b8:27:eb:ee:32:b8', [-70, -71, -63, -67, -65, -74]), ('b8:27:eb:e7:50:37', [-87, -87, -80, -78, -76, -77, -72, -78]), ('b8:27:eb:63:a1:e3', [-95, -66, -83, -81, -80, -75])]
08:40:53.916169,(-78,-73,-85),(-65,-56,-73),(-61,-54,-65),(-66,-57,-74),(-76,-62,-83),(-71,-68,-76)
[('b8:27:eb:b6:43:f8', [-76, -76, -77, -77, -73, -80, -76, -85]), ('b8:27:eb:d3:4c:7f', [-57, -71, -73, -69, -67, -60, -58, -57, -73, -56]), ('b8:27:eb:cd:4b:81', [-54, -65, -61, -61, -59, -58, -63]), ('b8:27:eb:ee:32:b8', [-57, -74, -60, -69, -69, -68, -65, -64]), ('b8:27:eb:e7:50:37', [-81, -77, -74, -74, -76, -80, -83, -74, -62]), ('b8:27:eb:63:a1:e3', [-71, -72, -76, -68, -70, -68])]
08:40:55.804630,(-74,-57,-85),(-65,-55,-71),(-52,-40,-62),(-63,-49,-77),(-80,-78,-84),(-71,-58,-81)
[('b8:27:eb:b6:43:f8', [-85, -73, -80, -77, -57, -74, -70, -73]), ('b8:27:eb:d3:4c:7f', [-57, -55, -58, -68, -70, -67, -71, -68]), ('b8:27:eb:cd:4b:81', [-62, -46, -51, -55, -44, -40, -62, -54]), ('b8:27:eb:ee:32:b8', [-71, -49, -49, -77, -62, -68]), ('b8:27:eb:e7:50:37', [-84, -83, -78, -79, -78, -79, -79]), ('b8:27:eb:63:a1:e3', [-81, -67, -58, -69, -78])]
08:40:57.706333,(-65,-58,-74),(-68,-53,-88),(-53,-39,-72),(-71,-58,-84),(-76,-71,-78),(-67,-58,-75)
[('b8:27:eb:b6:43:f8', [-60, -58, -58, -74, -62, -68, -71]), ('b8:27:eb:d3:4c:7f', [-54, -69, -74, -88, -53, -70]), ('b8:27:eb:cd:4b:81', [-40, -61, -72, -39, -54, -41, -54, -62]), ('b8:27:eb:ee:32:b8', [-58, -68, -84, -70, -64, -81, -66]), ('b8:27:eb:e7:50:37', [-74, -71, -77, -76, -76, -76, -78]), ('b8:27:eb:63:a1:e3', [-75, -74, -71, -60, -58, -62])]
08:40:59.606503,(-70,-60,-75),(-70,-62,-75),(-57,-47,-70),(-69,-62,-80),(-75,-71,-79),(-72,-55,-85)
[('b8:27:eb:b6:43:f8', [-60, -68, -73, -73, -75]), ('b8:27:eb:d3:4c:7f', [-70, -69, -69, -68, -72, -62, -75]), ('b8:27:eb:cd:4b:81', [-70, -60, -47, -48, -57]), ('b8:27:eb:ee:32:b8', [-72, -80, -68, -65, -67, -62, -68]), ('b8:27:eb:e7:50:37', [-71, -72, -79, -72, -79]), ('b8:27:eb:63:a1:e3', [-81, -70, -55, -79, -85, -67, -74, -61])]
08:41:01.506497,(-66,-58,-71),(-70,-56,-87),(-61,-47,-73),(-74,-64,-86),(-78,-64,-88),(-72,-63,-77)
[('b8:27:eb:b6:43:f8', [-69, -58, -71, -61, -69]), ('b8:27:eb:d3:4c:7f', [-71, -69, -87, -60, -66, -77, -56, -72, -69, -69]), ('b8:27:eb:cd:4b:81', [-73, -70, -58, -55, -58, -55, -71, -47]), ('b8:27:eb:ee:32:b8', [-69, -70, -75, -64, -70, -79, -86]), ('b8:27:eb:e7:50:37', [-85, -64, -80, -71, -77, -78, -88]), ('b8:27:eb:63:a1:e3', [-75, -63, -68, -77, -73, -71, -72, -71])]
08:41:03.407890,(-67,-53,-79),(-66,-59,-69),(-57,-40,-67),(-73,-63,-81),(-80,-74,-87),(-68,-56,-83)
[('b8:27:eb:b6:43:f8', [-53, -68, -79, -68, -58, -77, -60, -73]), ('b8:27:eb:d3:4c:7f', [-69, -66, -59, -66, -68]), ('b8:27:eb:cd:4b:81', [-40, -67, -51, -56, -55, -57, -66, -58]), ('b8:27:eb:ee:32:b8', [-63, -77, -71, -71, -81, -75, -76, -66]), ('b8:27:eb:e7:50:37', [-75, -74, -82, -87]), ('b8:27:eb:63:a1:e3', [-56, -74, -58, -83, -71, -70, -62])]
08:41:05.317340,(-72,-61,-78),(-72,-56,-80),(-56,-46,-59),(-67,-57,-72),(-70,-59,-75),(-71,-58,-85)
[('b8:27:eb:b6:43:f8', [-70, -76, -70, -61, -78, -76, -74, -73, -62]), ('b8:27:eb:d3:4c:7f', [-80, -67, -74, -56, -70, -78, -70, -73, -77]), ('b8:27:eb:cd:4b:81', [-56, -58, -59, -58, -46, -52, -58]), ('b8:27:eb:ee:32:b8', [-68, -72, -57, -60, -69, -68, -69, -65, -72]), ('b8:27:eb:e7:50:37', [-59, -73, -64, -74, -72, -75]), ('b8:27:eb:63:a1:e3', [-66, -77, -60, -58, -85, -79])]
08:41:07.218007,(-76,-67,-84),(-71,-66,-76),(-48,-38,-60),(-68,-58,-77),(-77,-70,-87),(-74,-62,-86)
[('b8:27:eb:b6:43:f8', [-77, -80, -84, -67, -70, -74, -77, -74]), ('b8:27:eb:d3:4c:7f', [-66, -71, -70, -72, -76, -71]), ('b8:27:eb:cd:4b:81', [-49, -42, -42, -56, -60, -38, -44, -53]), ('b8:27:eb:ee:32:b8', [-66, -72, -64, -77, -72, -62, -58]), ('b8:27:eb:e7:50:37', [-78, -78, -76, -87, -70, -74, -72]), ('b8:27:eb:63:a1:e3', [-62, -76, -86, -73, -72, -75, -76, -73, -66])]
08:41:09.111758,(-74,-62,-79),(-63,-53,-70),(-61,-53,-65),(-63,-53,-73),(-76,-62,-85),(-70,-59,-79)
[('b8:27:eb:b6:43:f8', [-71, -79, -76, -62, -70, -72, -78, -79]), ('b8:27:eb:d3:4c:7f', [-53, -68, -66, -58, -70]), ('b8:27:eb:cd:4b:81', [-63, -53, -61, -65]), ('b8:27:eb:ee:32:b8', [-66, -54, -67, -53, -57, -73, -59, -72, -66]), ('b8:27:eb:e7:50:37', [-74, -71, -79, -62, -79, -85, -77, -80]), ('b8:27:eb:63:a1:e3', [-65, -59, -66, -78, -70, -79])]
08:41:11.008017,(-75,-67,-82),(-66,-53,-71),(-55,-45,-62),(-68,-56,-99),(-76,-60,-92),(-71,-67,-75)
[('b8:27:eb:b6:43:f8', [-72, -82, -74, -67, -73, -82, -72]), ('b8:27:eb:d3:4c:7f', [-65, -66, -68, -71, -53, -69, -70]), ('b8:27:eb:cd:4b:81', [-58, -55, -56, -51, -52, -62, -45]), ('b8:27:eb:ee:32:b8', [-56, -99, -56, -61, -70, -71, -68, -73, -65, -57]), ('b8:27:eb:e7:50:37', [-83, -74, -70, -78, -75, -60, -92]), ('b8:27:eb:63:a1:e3', [-75, -72, -67, -70])]
08:41:12.909785,(-67,-55,-75),(-71,-61,-79),(-60,-43,-63),(-67,-56,-78),(-79,-73,-86),(-72,-56,-82)
[('b8:27:eb:b6:43:f8', [-74, -61, -70, -75, -62, -67, -55, -67]), ('b8:27:eb:d3:4c:7f', [-69, -67, -73, -76, -79, -69, -61, -71]), ('b8:27:eb:cd:4b:81', [-59, -63, -60, -62, -63, -62, -43, -62]), ('b8:27:eb:ee:32:b8', [-66, -71, -56, -56, -68, -72, -78]), ('b8:27:eb:e7:50:37', [-86, -73, -74, -75, -85]), ('b8:27:eb:63:a1:e3', [-72, -56, -75, -76, -57, -71, -81, -82])]
08:41:14.812107,(-64,-51,-71),(-66,-51,-73),(-52,-37,-57),(-74,-59,-86),(-76,-63,-82),(-63,-55,-71)
[('b8:27:eb:b6:43:f8', [-66, -70, -69, -71, -51, -65, -67, -56, -68, -55]), ('b8:27:eb:d3:4c:7f', [-51, -63, -73, -65, -65, -66, -67, -69, -72]), ('b8:27:eb:cd:4b:81', [-54, -57, -37, -57, -49, -55, -55]), ('b8:27:eb:ee:32:b8', [-82, -80, -59, -81, -67, -59, -86, -65, -82, -74]), ('b8:27:eb:e7:50:37', [-81, -79, -73, -63, -75, -75, -82]), ('b8:27:eb:63:a1:e3', [-56, -55, -71, -70])]
08:41:16.726819,(-70,-58,-76),(-69,-61,-79),(-53,-46,-56),(-71,-60,-76),(-83,-74,-91),(-71,-68,-78)
[('b8:27:eb:b6:43:f8', [-74, -73, -76, -73, -69, -58, -68, -69, -68]), ('b8:27:eb:d3:4c:7f', [-71, -79, -67, -69, -61, -74, -62, -62]), ('b8:27:eb:cd:4b:81', [-55, -51, -52, -46, -56, -54, -54]), ('b8:27:eb:ee:32:b8', [-73, -74, -60, -76, -73, -74, -73, -62]), ('b8:27:eb:e7:50:37', [-83, -84, -87, -91, -75, -74]), ('b8:27:eb:63:a1:e3', [-69, -78, -68, -68, -69])]
08:41:18.637810,(-69,-56,-73),(-66,-57,-78),(-54,-43,-61),(-75,-71,-85),(-79,-74,-83),(-70,-58,-78)
[('b8:27:eb:b6:43:f8', [-69, -56, -69, -73, -68, -72, -72]), ('b8:27:eb:d3:4c:7f', [-62, -58, -65, -67, -70, -70, -57, -78, -67]), ('b8:27:eb:cd:4b:81', [-51, -49, -61, -54, -56, -55, -43, -61]), ('b8:27:eb:ee:32:b8', [-71, -74, -85, -73, -76, -74, -72, -73]), ('b8:27:eb:e7:50:37', [-79, -80, -75, -74, -83]), ('b8:27:eb:63:a1:e3', [-72, -59, -72, -72, -68, -58, -76, -78])]
08:41:20.530369,(-71,-57,-78),(-67,-50,-75),(-56,-38,-67),(-70,-59,-85),(-76,-69,-84),(-75,-59,-86)
[('b8:27:eb:b6:43:f8', [-78, -76, -68, -57, -71, -70, -71, -73]), ('b8:27:eb:d3:4c:7f', [-69, -70, -69, -75, -50, -56, -70, -69, -67]), ('b8:27:eb:cd:4b:81', [-38, -54, -67, -55, -52, -61, -54, -61, -60]), ('b8:27:eb:ee:32:b8', [-69, -60, -70, -68, -81, -69, -59, -85, -69]), ('b8:27:eb:e7:50:37', [-69, -69, -76, -84, -82, -76]), ('b8:27:eb:63:a1:e3', [-75, -72, -74, -76, -59, -86, -66, -85])]
08:41:22.471326,(-79,-73,-84),(-67,-52,-86),(-49,-35,-55),(-73,-56,-92),(-80,-74,-86),(-77,-70,-88)
[('b8:27:eb:b6:43:f8', [-78, -78, -76, -81, -73, -78, -84, -81, -81]), ('b8:27:eb:d3:4c:7f', [-52, -53, -74, -64, -70, -86, -67]), ('b8:27:eb:cd:4b:81', [-55, -53, -50, -53, -55, -37, -50, -35, -53]), ('b8:27:eb:ee:32:b8', [-69, -56, -76, -92, -89, -62, -67, -71]), ('b8:27:eb:e7:50:37', [-77, -78, -86, -74, -85]), ('b8:27:eb:63:a1:e3', [-74, -77, -75, -74, -70, -79, -73, -81, -88])]
08:41:24.372916,(-79,-71,-85),(-68,-54,-74),(-54,-43,-58),(-70,-57,-83),(-83,-71,-90),(-77,-58,-86)
[('b8:27:eb:b6:43:f8', [-71, -80, -77, -85]), ('b8:27:eb:d3:4c:7f', [-70, -69, -70, -71, -67, -54, -72, -57, -74]), ('b8:27:eb:cd:4b:81', [-51, -54, -54, -43, -54, -54, -54, -58, -56]), ('b8:27:eb:ee:32:b8', [-68, -83, -71, -58, -77, -57, -70, -75]), ('b8:27:eb:e7:50:37', [-87, -88, -86, -80, -71, -85, -77, -90]), ('b8:27:eb:63:a1:e3', [-80, -78, -76, -86, -73, -83, -58])]
08:41:26.264495,(-71,-59,-78),(-78,-70,-83),(-58,-50,-73),(-71,-57,-79),(-83,-78,-93),(-69,-57,-79)
[('b8:27:eb:b6:43:f8', [-71, -73, -78, -59]), ('b8:27:eb:d3:4c:7f', [-76, -80, -80, -83, -71, -70, -83]), ('b8:27:eb:cd:4b:81', [-56, -55, -58, -56, -73, -54, -50]), ('b8:27:eb:ee:32:b8', [-79, -72, -73, -57, -73]), ('b8:27:eb:e7:50:37', [-78, -81, -82, -81, -83, -93, -83, -83]), ('b8:27:eb:63:a1:e3', [-67, -64, -58, -73, -57, -79, -79])]
08:41:28.196067,(-70,-60,-76),(-73,-68,-80),(-59,-46,-71),(-64,-51,-77),(-76,-70,-81),(-78,-69,-85)
[('b8:27:eb:b6:43:f8', [-75, -74, -76, -62, -68, -60]), ('b8:27:eb:d3:4c:7f', [-80, -70, -68, -74, -73]), ('b8:27:eb:cd:4b:81', [-46, -61, -57, -59, -59, -71, -47, -66, -63, -59]), ('b8:27:eb:ee:32:b8', [-58, -63, -56, -51, -65, -70, -65, -77]), ('b8:27:eb:e7:50:37', [-70, -70, -80, -81, -73, -78, -75]), ('b8:27:eb:63:a1:e3', [-72, -82, -79, -85, -69])]
08:41:30.090920,(-70,-56,-80),(-68,-61,-82),(-61,-48,-67),(-64,-56,-77),(-77,-61,-87),(-77,-72,-80)
[('b8:27:eb:b6:43:f8', [-74, -80, -75, -75, -69, -56, -59]), ('b8:27:eb:d3:4c:7f', [-82, -61, -68, -63, -68, -67, -65]), ('b8:27:eb:cd:4b:81', [-57, -67, -62, -48, -67, -56, -62, -62]), ('b8:27:eb:ee:32:b8', [-57, -58, -77, -66, -66, -70, -61, -56]), ('b8:27:eb:e7:50:37', [-78, -84, -80, -68, -76, -87, -77, -78, -61]), ('b8:27:eb:63:a1:e3', [-76, -76, -75, -76, -80, -72, -80])]
08:41:31.993942,(-69,-62,-72),(-67,-61,-78),(-52,-44,-57),(-72,-61,-88),(-78,-72,-87),(-71,-58,-88)
[('b8:27:eb:b6:43:f8', [-71, -70, -70, -62, -72, -68]), ('b8:27:eb:d3:4c:7f', [-61, -61, -78, -66, -68, -64]), ('b8:27:eb:cd:4b:81', [-57, -50, -53, -52, -52, -51, -57, -44]), ('b8:27:eb:ee:32:b8', [-70, -76, -61, -82, -65, -72, -62, -88, -66]), ('b8:27:eb:e7:50:37', [-75, -72, -85, -87, -75, -74]), ('b8:27:eb:63:a1:e3', [-69, -70, -70, -72, -79, -58, -88, -59, -73])]
08:41:33.891270,(-73,-70,-74),(-67,-54,-72),(-52,-40,-55),(-77,-62,-89),(-81,-76,-89),(-76,-66,-84)
[('b8:27:eb:b6:43:f8', [-74, -72, -72, -72, -70, -73]), ('b8:27:eb:d3:4c:7f', [-71, -60, -64, -72, -72, -54, -70, -67]), ('b8:27:eb:cd:4b:81', [-52, -54, -55, -54, -54, -40, -54, -52]), ('b8:27:eb:ee:32:b8', [-67, -82, -81, -89, -62, -81]), ('b8:27:eb:e7:50:37', [-82, -76, -89, -76]), ('b8:27:eb:63:a1:e3', [-75, -83, -75, -84, -66, -76, -71])]
08:41:35.790257,(-80,-67,-90),(-68,-61,-72),(-56,-53,-61),(-72,-62,-75),(-78,-63,-92),(-79,-75,-85)
[('b8:27:eb:b6:43:f8', [-90, -67, -85, -89, -77, -74, -75]), ('b8:27:eb:d3:4c:7f', [-68, -72, -68, -61, -69, -71, -71, -62, -70]), ('b8:27:eb:cd:4b:81', [-61, -53, -59, -54, -55, -59, -53, -55, -55]), ('b8:27:eb:ee:32:b8', [-75, -67, -70, -74, -75, -62, -74, -73]), ('b8:27:eb:e7:50:37', [-67, -63, -73, -88, -92, -83, -80]), ('b8:27:eb:63:a1:e3', [-80, -85, -75, -75, -77])]
08:41:37.685121,(-79,-64,-87),(-75,-64,-88),(-56,-43,-68),(-74,-58,-86),(-81,-77,-85),(-79,-73,-82)
[('b8:27:eb:b6:43:f8', [-87, -82, -82, -64, -81, -77]), ('b8:27:eb:d3:4c:7f', [-88, -64, -76, -76, -73, -72]), ('b8:27:eb:cd:4b:81', [-68, -44, -59, -43, -55, -64, -43, -61, -66]), ('b8:27:eb:ee:32:b8', [-77, -58, -74, -65, -72, -83, -72, -78, -86]), ('b8:27:eb:e7:50:37', [-79, -82, -79, -85, -77, -83, -82]), ('b8:27:eb:63:a1:e3', [-73, -82, -81])]
08:41:39.590043,(-77,-62,-83),(-69,-60,-76),(-54,-43,-65),(-66,-52,-71),(-79,-69,-84),(-73,-59,-79)
[('b8:27:eb:b6:43:f8', [-62, -79, -79, -80, -83, -77]), ('b8:27:eb:d3:4c:7f', [-69, -76, -73, -67, -60]), ('b8:27:eb:cd:4b:81', [-63, -52, -47, -65, -43, -64, -43]), ('b8:27:eb:ee:32:b8', [-67, -69, -64, -61, -71, -71, -67, -52]), ('b8:27:eb:e7:50:37', [-69, -73, -80, -81, -84, -81, -82]), ('b8:27:eb:63:a1:e3', [-76, -79, -74, -64, -59, -78, -78])]
08:41:41.484930,(-76,-67,-87),(-67,-51,-73),(-56,-41,-64),(-71,-59,-90),(-76,-62,-83),(-70,-66,-73)
[('b8:27:eb:b6:43:f8', [-75, -83, -87, -83, -67, -74, -68, -68]), ('b8:27:eb:d3:4c:7f', [-51, -61, -68, -69, -73, -73, -69]), ('b8:27:eb:cd:4b:81', [-59, -59, -41, -56, -59, -56, -43, -61, -64]), ('b8:27:eb:ee:32:b8', [-63, -72, -59, -90, -70, -68, -74, -67]), ('b8:27:eb:e7:50:37', [-83, -77, -62, -81, -73]), ('b8:27:eb:63:a1:e3', [-73, -72, -66, -66])]
08:41:43.405194,(-73,-64,-86),(-64,-56,-73),(-59,-55,-62),(-68,-57,-72),(-75,-67,-81),(-63,-55,-73)
[('b8:27:eb:b6:43:f8', [-69, -77, -68, -75, -86, -64, -70, -73, -68]), ('b8:27:eb:d3:4c:7f', [-73, -63, -64, -58, -56, -59, -69]), ('b8:27:eb:cd:4b:81', [-55, -58, -60, -59, -62, -56, -61, -58]), ('b8:27:eb:ee:32:b8', [-71, -69, -71, -67, -68, -64, -57, -72]), ('b8:27:eb:e7:50:37', [-73, -67, -81, -78, -72, -74]), ('b8:27:eb:63:a1:e3', [-57, -69, -58, -56, -55, -66, -61, -70, -73])]
08:41:45.301829,(-72,-56,-83),(-66,-58,-74),(-54,-39,-65),(-72,-68,-76),(-78,-60,-93),(-69,-57,-78)
[('b8:27:eb:b6:43:f8', [-69, -78, -72, -73, -83, -71, -72, -56]), ('b8:27:eb:d3:4c:7f', [-74, -65, -66, -63, -63, -68, -68, -58, -68]), ('b8:27:eb:cd:4b:81', [-47, -57, -57, -54, -61, -39, -65, -58, -47]), ('b8:27:eb:ee:32:b8', [-72, -76, -72, -68, -72, -71]), ('b8:27:eb:e7:50:37', [-83, -77, -93, -69, -80, -77, -60, -82]), ('b8:27:eb:63:a1:e3', [-70, -68, -65, -57, -78, -67, -73])]
08:41:47.210512,(-69,-58,-77),(-66,-55,-74),(-52,-34,-58),(-79,-74,-89),(-75,-62,-81),(-68,-54,-79)
[('b8:27:eb:b6:43:f8', [-71, -70, -62, -75, -72, -69, -70, -77, -61, -58]), ('b8:27:eb:d3:4c:7f', [-74, -71, -72, -59, -55, -63]), ('b8:27:eb:cd:4b:81', [-54, -34, -57, -58, -56, -53]), ('b8:27:eb:ee:32:b8', [-78, -76, -77, -78, -81, -74, -89, -78]), ('b8:27:eb:e7:50:37', [-75, -79, -81, -62, -77, -75]), ('b8:27:eb:63:a1:e3', [-72, -54, -68, -55, -69, -68, -78, -79])]
08:41:49.102912,(-70,-67,-76),(-66,-60,-71),(-54,-36,-74),(-77,-66,-84),(-75,-62,-87),(-66,-51,-75)
[('b8:27:eb:b6:43:f8', [-70, -69, -72, -76, -67, -69, -69, -67, -68]), ('b8:27:eb:d3:4c:7f', [-60, -62, -71, -71, -65, -65, -67]), ('b8:27:eb:cd:4b:81', [-54, -51, -52, -36, -54, -56, -74, -52, -52]), ('b8:27:eb:ee:32:b8', [-78, -66, -84, -77, -77, -78, -74, -78, -75]), ('b8:27:eb:e7:50:37', [-78, -62, -73, -87]), ('b8:27:eb:63:a1:e3', [-67, -51, -68, -70, -52, -72, -70, -75])]
08:41:51.031284,(-71,-61,-81),(-65,-62,-67),(-46,-36,-59),(-76,-60,-86),(-81,-74,-94),(-67,-55,-82)
[('b8:27:eb:b6:43:f8', [-77, -61, -81, -67, -69]), ('b8:27:eb:d3:4c:7f', [-63, -64, -67, -62, -67, -67]), ('b8:27:eb:cd:4b:81', [-49, -57, -37, -38, -37, -36, -42, -54, -59]), ('b8:27:eb:ee:32:b8', [-79, -86, -60, -75, -73, -75, -77, -84, -72]), ('b8:27:eb:e7:50:37', [-94, -84, -83, -74, -81, -76, -74]), ('b8:27:eb:63:a1:e3', [-60, -67, -55, -69, -61, -82, -72])]
08:41:52.970498,(-69,-53,-82),(-60,-50,-73),(-53,-40,-61),(-75,-67,-82),(-75,-61,-88),(-73,-65,-80)
[('b8:27:eb:b6:43:f8', [-53, -82, -78, -69, -69, -71, -56, -70]), ('b8:27:eb:d3:4c:7f', [-62, -73, -58, -62, -50, -62, -51]), ('b8:27:eb:cd:4b:81', [-49, -55, -50, -60, -43, -60, -61, -40]), ('b8:27:eb:ee:32:b8', [-82, -75, -73, -67, -76, -73, -76, -74]), ('b8:27:eb:e7:50:37', [-82, -88, -86, -61, -69, -63]), ('b8:27:eb:63:a1:e3', [-66, -72, -70, -72, -75, -75, -65, -75, -80])]
08:41:54.864855,(-73,-57,-81),(-68,-52,-73),(-49,-34,-58),(-75,-56,-86),(-79,-72,-88),(-72,-57,-81)
[('b8:27:eb:b6:43:f8', [-81, -70, -75, -78, -75, -71, -76, -57]), ('b8:27:eb:d3:4c:7f', [-70, -70, -52, -66, -73, -68, -66, -72]), ('b8:27:eb:cd:4b:81', [-34, -52, -54, -53, -58, -50, -45, -50, -39]), ('b8:27:eb:ee:32:b8', [-86, -70, -77, -56, -74, -76, -82]), ('b8:27:eb:e7:50:37', [-88, -72, -75, -83, -75, -81, -73]), ('b8:27:eb:63:a1:e3', [-74, -57, -73, -78, -61, -81, -76, -76])]
08:41:56.763038,(-74,-68,-85),(-73,-67,-83),(-58,-53,-66),(-77,-73,-81),(-84,-77,-93),(-72,-67,-75)
[('b8:27:eb:b6:43:f8', [-70, -85, -74, -68, -71, -73]), ('b8:27:eb:d3:4c:7f', [-67, -70, -71, -71, -83, -73, -71]), ('b8:27:eb:cd:4b:81', [-65, -66, -53, -58, -54, -54, -55]), ('b8:27:eb:ee:32:b8', [-78, -81, -74, -78, -77, -73, -73]), ('b8:27:eb:e7:50:37', [-83, -93, -79, -78, -81, -84, -77, -91, -84]), ('b8:27:eb:63:a1:e3', [-73, -74, -67, -70, -75])]
08:41:58.660281,(-80,-72,-84),(-67,-53,-82),(-52,-39,-60),(-75,-68,-83),(-79,-70,-87),(-82,-74,-90)
[('b8:27:eb:b6:43:f8', [-84, -82, -72]), ('b8:27:eb:d3:4c:7f', [-80, -82, -53, -57, -68, -61, -68]), ('b8:27:eb:cd:4b:81', [-40, -57, -39, -52, -52, -50, -59, -55, -60]), ('b8:27:eb:ee:32:b8', [-83, -70, -68, -77]), ('b8:27:eb:e7:50:37', [-77, -81, -70, -82, -87, -71, -82]), ('b8:27:eb:63:a1:e3', [-80, -80, -82, -74, -90])]
08:42:00.595088,(-74,-67,-81),(-70,-57,-88),(-52,-44,-56),(-74,-56,-88),(-80,-71,-86),(-71,-60,-91)
[('b8:27:eb:b6:43:f8', [-74, -81, -72, -67, -74]), ('b8:27:eb:d3:4c:7f', [-66, -71, -57, -68, -70, -88, -67]), ('b8:27:eb:cd:4b:81', [-44, -51, -54, -52, -56, -52, -54]), ('b8:27:eb:ee:32:b8', [-69, -67, -88, -77, -80, -56, -72, -77]), ('b8:27:eb:e7:50:37', [-74, -71, -81, -85, -86, -81]), ('b8:27:eb:63:a1:e3', [-60, -67, -73, -63, -91, -68])]
08:42:02.539500,(-81,-70,-91),(-75,-61,-82),(-54,-39,-65),(-69,-61,-74),(-81,-69,-88),(-74,-58,-85)
[('b8:27:eb:b6:43:f8', [-78, -70, -91, -80, -81, -79, -88]), ('b8:27:eb:d3:4c:7f', [-80, -69, -61, -82, -81]), ('b8:27:eb:cd:4b:81', [-39, -43, -40, -54, -65, -54, -63, -57, -65]), ('b8:27:eb:ee:32:b8', [-74, -68, -67, -74, -68, -66, -72, -61]), ('b8:27:eb:e7:50:37', [-85, -69, -82, -77, -88]), ('b8:27:eb:63:a1:e3', [-58, -85, -72, -80, -61, -76, -77, -78, -72])]
08:42:04.445260,(-78,-60,-85),(-77,-71,-80),(-62,-56,-73),(-74,-70,-83),(-79,-73,-87),(-72,-60,-84)
[('b8:27:eb:b6:43:f8', [-85, -60, -82, -68, -84, -75, -85, -80, -81]), ('b8:27:eb:d3:4c:7f', [-76, -71, -75, -80, -76, -79]), ('b8:27:eb:cd:4b:81', [-60, -56, -73, -62, -64, -58, -62, -63, -56]), ('b8:27:eb:ee:32:b8', [-83, -72, -72, -71, -70, -73, -78, -72, -70]), ('b8:27:eb:e7:50:37', [-81, -87, -74, -76, -73, -80, -79]), ('b8:27:eb:63:a1:e3', [-69, -60, -72, -84])]
08:42:06.345976,(-73,-58,-86),(-76,-68,-84),(-62,-58,-65),(-66,-52,-73),(-76,-60,-84),(-75,-59,-82)
[('b8:27:eb:b6:43:f8', [-81, -76, -86, -59, -70, -58, -76, -74]), ('b8:27:eb:d3:4c:7f', [-71, -76, -79, -76, -75, -84, -68]), ('b8:27:eb:cd:4b:81', [-65, -63, -58, -62]), ('b8:27:eb:ee:32:b8', [-66, -52, -73, -66, -70, -60, -70, -65]), ('b8:27:eb:e7:50:37', [-84, -83, -81, -64, -60, -79]), ('b8:27:eb:63:a1:e3', [-59, -80, -82, -81, -72, -74, -72])]
08:42:08.238040,(-73,-58,-78),(-70,-61,-74),(-56,-41,-63),(-70,-57,-79),(-82,-73,-94),(-65,-60,-70)
[('b8:27:eb:b6:43:f8', [-70, -58, -73, -74, -76, -75, -77, -78]), ('b8:27:eb:d3:4c:7f', [-71, -74, -61, -73]), ('b8:27:eb:cd:4b:81', [-61, -41, -63, -57, -57, -50, -62, -63, -46, -60]), ('b8:27:eb:ee:32:b8', [-57, -67, -75, -74, -79, -67, -70]), ('b8:27:eb:e7:50:37', [-85, -73, -78, -81, -79, -94, -77, -84]), ('b8:27:eb:63:a1:e3', [-62, -70, -60, -66])]
08:42:10.140916,(-76,-72,-79),(-71,-58,-92),(-60,-47,-69),(-67,-56,-74),(-80,-74,-92),(-76,-70,-83)
[('b8:27:eb:b6:43:f8', [-72, -75, -77, -77, -73, -79, -74, -74]), ('b8:27:eb:d3:4c:7f', [-92, -58, -59, -70, -66, -73, -72, -73]), ('b8:27:eb:cd:4b:81', [-62, -60, -69, -64, -66, -54, -57, -47]), ('b8:27:eb:ee:32:b8', [-57, -73, -71, -56, -58, -74, -67, -72, -67]), ('b8:27:eb:e7:50:37', [-74, -76, -92, -77, -80, -78]), ('b8:27:eb:63:a1:e3', [-79, -83, -77, -70, -77, -72, -71])]
08:42:12.042259,(-71,-55,-90),(-73,-65,-77),(-61,-52,-80),(-71,-62,-75),(-73,-58,-78),(-75,-67,-80)
[('b8:27:eb:b6:43:f8', [-75, -69, -90, -62, -55, -76, -69]), ('b8:27:eb:d3:4c:7f', [-77, -75, -77, -72, -65, -72, -68]), ('b8:27:eb:cd:4b:81', [-59, -80, -54, -56, -52, -74, -57, -63, -53, -55]), ('b8:27:eb:ee:32:b8', [-73, -75, -74, -69, -67, -62, -75]), ('b8:27:eb:e7:50:37', [-78, -77, -58, -74, -78, -68, -74]), ('b8:27:eb:63:a1:e3', [-80, -67, -80, -74, -72, -77])]
08:42:13.968634,(-70,-58,-86),(-64,-50,-72),(-53,-44,-63),(-72,-60,-78),(-73,-60,-84),(-67,-55,-75)
[('b8:27:eb:b6:43:f8', [-68, -68, -73, -86, -58, -70, -60, -71]), ('b8:27:eb:d3:4c:7f', [-70, -68, -65, -67, -64, -63, -72, -50, -55]), ('b8:27:eb:cd:4b:81', [-45, -58, -54, -55, -63, -44, -45, -59]), ('b8:27:eb:ee:32:b8', [-74, -78, -70, -60, -75]), ('b8:27:eb:e7:50:37', [-84, -77, -60, -68, -74]), ('b8:27:eb:63:a1:e3', [-66, -64, -75, -55, -71, -67, -59, -66, -75])]
08:42:15.862278,(-66,-53,-71),(-74,-72,-76),(-53,-44,-65),(-75,-64,-82),(-81,-74,-86),(-68,-54,-82)
[('b8:27:eb:b6:43:f8', [-53, -70, -71, -68]), ('b8:27:eb:d3:4c:7f', [-76, -73, -72]), ('b8:27:eb:cd:4b:81', [-47, -46, -60, -58, -61, -65, -44, -46, -55, -44]), ('b8:27:eb:ee:32:b8', [-76, -66, -64, -78, -80, -82, -78, -76]), ('b8:27:eb:e7:50:37', [-86, -74, -83]), ('b8:27:eb:63:a1:e3', [-59, -62, -72, -54, -75, -82, -71])]
08:42:17.758662,(-69,-59,-73),(-68,-61,-76),(-55,-45,-69),(-75,-62,-82),(-75,-64,-85),(-66,-52,-79)
[('b8:27:eb:b6:43:f8', [-73, -70, -59, -65, -72, -70, -70, -69, -72, -63]), ('b8:27:eb:d3:4c:7f', [-69, -66, -76, -61, -69, -69, -71, -63]), ('b8:27:eb:cd:4b:81', [-69, -57, -52, -50, -54, -51, -45, -58, -56]), ('b8:27:eb:ee:32:b8', [-82, -81, -78, -62, -77, -67, -74]), ('b8:27:eb:e7:50:37', [-79, -64, -85, -67, -70, -78, -81]), ('b8:27:eb:63:a1:e3', [-69, -72, -66, -54, -67, -79, -66, -52])]
08:42:19.663093,(-69,-53,-81),(-69,-63,-78),(-55,-52,-58),(-71,-61,-76),(-79,-69,-86),(-68,-56,-77)
[('b8:27:eb:b6:43:f8', [-73, -67, -53, -68, -60, -81, -74, -68, -71]), ('b8:27:eb:d3:4c:7f', [-63, -78, -68, -70, -71, -68, -65, -64]), ('b8:27:eb:cd:4b:81', [-54, -58, -54, -54, -54, -52, -54, -56]), ('b8:27:eb:ee:32:b8', [-73, -76, -61, -73, -72]), ('b8:27:eb:e7:50:37', [-76, -86, -69, -84, -77, -82]), ('b8:27:eb:63:a1:e3', [-65, -69, -76, -74, -56, -57, -77])]
08:42:21.568144,(-67,-53,-76),(-68,-58,-82),(-53,-43,-69),(-73,-61,-86),(-81,-67,-91),(-69,-58,-75)
[('b8:27:eb:b6:43:f8', [-71, -60, -68, -53, -76, -70, -65, -67]), ('b8:27:eb:d3:4c:7f', [-58, -78, -60, -64, -65, -82]), ('b8:27:eb:cd:4b:81', [-55, -69, -54, -43, -44, -55, -47, -52]), ('b8:27:eb:ee:32:b8', [-69, -86, -79, -72, -72, -61, -72]), ('b8:27:eb:e7:50:37', [-84, -83, -77, -81, -91, -83, -82, -67]), ('b8:27:eb:63:a1:e3', [-73, -75, -67, -71, -68, -58])]
08:42:23.458455,(-69,-59,-79),(-69,-52,-76),(-53,-39,-70),(-69,-59,-76),(-77,-61,-92),(-68,-52,-78)
[('b8:27:eb:b6:43:f8', [-67, -61, -68, -72, -79, -71, -59, -71]), ('b8:27:eb:d3:4c:7f', [-63, -75, -72, -73, -76, -52, -67, -73]), ('b8:27:eb:cd:4b:81', [-53, -70, -50, -39, -53, -52, -52]), ('b8:27:eb:ee:32:b8', [-62, -59, -68, -73, -76, -72]), ('b8:27:eb:e7:50:37', [-83, -79, -61, -69, -92]), ('b8:27:eb:63:a1:e3', [-52, -72, -64, -69, -78, -68, -60, -78])]
08:42:25.362077,(-72,-56,-84),(-71,-55,-83),(-55,-49,-58),(-74,-67,-78),(-82,-76,-87),(-74,-61,-86)
[('b8:27:eb:b6:43:f8', [-80, -62, -76, -70, -76, -56, -84, -69]), ('b8:27:eb:d3:4c:7f', [-65, -73, -55, -76, -70, -83, -70, -72, -75, -68]), ('b8:27:eb:cd:4b:81', [-55, -56, -49, -57, -58, -50]), ('b8:27:eb:ee:32:b8', [-67, -77, -78, -70, -74, -71, -75, -78]), ('b8:27:eb:e7:50:37', [-76, -84, -82, -78, -85, -87, -76]), ('b8:27:eb:63:a1:e3', [-81, -61, -78, -77, -74, -66, -71, -70, -86])]
08:42:27.260232,(-69,-53,-81),(-74,-67,-79),(-57,-39,-65),(-70,-59,-75),(-82,-73,-95),(-72,-54,-82)
[('b8:27:eb:b6:43:f8', [-56, -81, -72, -53, -79, -73]), ('b8:27:eb:d3:4c:7f', [-67, -72, -75, -70, -74, -77, -79, -72]), ('b8:27:eb:cd:4b:81', [-63, -59, -57, -59, -65, -39, -54, -55]), ('b8:27:eb:ee:32:b8', [-59, -73, -69, -66, -75, -72, -72, -71]), ('b8:27:eb:e7:50:37', [-95, -77, -73, -88, -84, -86, -74, -79]), ('b8:27:eb:63:a1:e3', [-54, -72, -82, -79])]
08:42:29.162503,(-74,-58,-80),(-72,-59,-84),(-51,-38,-58),(-66,-55,-72),(-79,-67,-86),(-80,-59,-89)
[('b8:27:eb:b6:43:f8', [-76, -80, -76, -58, -80, -71, -71, -76]), ('b8:27:eb:d3:4c:7f', [-73, -84, -61, -73, -78, -74, -59]), ('b8:27:eb:cd:4b:81', [-38, -56, -56, -42, -54, -58, -54, -44, -55]), ('b8:27:eb:ee:32:b8', [-72, -71, -68, -68, -69, -58, -55, -71, -57]), ('b8:27:eb:e7:50:37', [-79, -77, -84, -74, -86, -67, -85, -75, -76]), ('b8:27:eb:63:a1:e3', [-83, -59, -87, -77, -87, -76, -89])]
