08:44:35.449793,(-90,-84,-97),(-83,-72,-96),(-75,-58,-85),(-61,-54,-68),(-70,-58,-83),(-76,-60,-86)
[('b8:27:eb:b6:43:f8', [-96, -97, -84, -96, -84, -87, -86]), ('b8:27:eb:d3:4c:7f', [-80, -72, -89, -79, -96, -79]), ('b8:27:eb:cd:4b:81', [-85, -76, -79, -70, -78, -58, -70, -79]), ('b8:27:eb:ee:32:b8', [-55, -61, -63, -59, -68, -59, -62, -60, -54]), ('b8:27:eb:e7:50:37', [-76, -83, -72, -68, -64, -66, -58, -67]), ('b8:27:eb:63:a1:e3', [-84, -75, -86, -82, -75, -60, -68])]
08:44:37.338209,(-88,-81,-93),(-83,-73,-93),(-70,-61,-77),(-59,-48,-66),(-72,-52,-91),(-69,-61,-79)
[('b8:27:eb:b6:43:f8', [-81, -82, -93, -92, -89]), ('b8:27:eb:d3:4c:7f', [-90, -73, -92, -73, -76, -93]), ('b8:27:eb:cd:4b:81', [-74, -77, -62, -70, -75, -61, -71]), ('b8:27:eb:ee:32:b8', [-48, -61, -58, -60, -66, -50, -60, -63, -59]), ('b8:27:eb:e7:50:37', [-64, -56, -79, -79, -86, -91, -52, -63]), ('b8:27:eb:63:a1:e3', [-61, -67, -74, -61, -79, -72])]
08:44:39.248670,(-85,-82,-92),(-83,-71,-90),(-75,-67,-86),(-65,-50,-73),(-68,-57,-79),(-75,-66,-83)
[('b8:27:eb:b6:43:f8', [-83, -82, -92, -82, -82]), ('b8:27:eb:d3:4c:7f', [-78, -71, -86, -80, -89, -90]), ('b8:27:eb:cd:4b:81', [-67, -71, -82, -67, -86]), ('b8:27:eb:ee:32:b8', [-50, -66, -65, -64, -72, -58, -73, -67]), ('b8:27:eb:e7:50:37', [-79, -59, -73, -72, -71, -68, -57, -60]), ('b8:27:eb:63:a1:e3', [-79, -81, -83, -68, -71, -80, -71, -66])]
08:44:41.179904,(-97,-97,-97),(-84,-78,-89),(-76,-69,-83),(-68,-55,-78),(-64,-56,-72),(-76,-67,-85)
[('b8:27:eb:b6:43:f8', [-97]), ('b8:27:eb:d3:4c:7f', [-81, -85, -86, -80, -89, -86, -78, -85, -84]), ('b8:27:eb:cd:4b:81', [-77, -74, -71, -78, -83, -69, -71, -83]), ('b8:27:eb:ee:32:b8', [-55, -68, -78, -71, -56, -71, -71, -70, -67]), ('b8:27:eb:e7:50:37', [-57, -65, -56, -64, -59, -70, -72]), ('b8:27:eb:63:a1:e3', [-77, -78, -72, -82, -77, -67, -68, -85])]
08:44:43.077555,(-91,-84,-97),(-87,-78,-92),(-71,-57,-82),(-63,-51,-74),(-77,-69,-87),(-82,-74,-90)
[('b8:27:eb:b6:43:f8', [-97, -88, -97, -92, -87, -84]), ('b8:27:eb:d3:4c:7f', [-88, -90, -92, -78, -86]), ('b8:27:eb:cd:4b:81', [-79, -71, -82, -65, -57, -70, -64, -73]), ('b8:27:eb:ee:32:b8', [-51, -74, -62, -66, -61, -69, -53, -61, -64]), ('b8:27:eb:e7:50:37', [-72, -87, -69, -78, -82, -75, -79, -74, -76]), ('b8:27:eb:63:a1:e3', [-86, -90, -86, -78, -75, -88, -75, -74, -82])]
08:44:44.967472,(-84,-77,-89),(-82,-80,-86),(-71,-57,-87),(-66,-49,-75),(-73,-60,-81),(-72,-64,-81)
[('b8:27:eb:b6:43:f8', [-77, -86, -89]), ('b8:27:eb:d3:4c:7f', [-81, -86, -80, -81, -80]), ('b8:27:eb:cd:4b:81', [-70, -70, -59, -87, -57, -76, -72]), ('b8:27:eb:ee:32:b8', [-67, -73, -73, -75, -73, -65, -49, -51, -62, -64]), ('b8:27:eb:e7:50:37', [-74, -69, -79, -75, -73, -81, -73, -60, -73]), ('b8:27:eb:63:a1:e3', [-76, -75, -76, -67, -64, -65, -81])]
08:44:46.902264,(-89,-76,-94),(-87,-71,-94),(-70,-55,-78),(-62,-51,-70),(-73,-60,-79),(-76,-67,-86)
[('b8:27:eb:b6:43:f8', [-76, -90, -94, -94]), ('b8:27:eb:d3:4c:7f', [-91, -91, -94, -71, -83, -91, -83]), ('b8:27:eb:cd:4b:81', [-72, -55, -74, -55, -68, -78, -75, -77]), ('b8:27:eb:ee:32:b8', [-67, -51, -52, -63, -65, -70, -63]), ('b8:27:eb:e7:50:37', [-60, -71, -74, -75, -77, -66, -74, -79, -74]), ('b8:27:eb:63:a1:e3', [-67, -78, -86, -80, -68, -75, -80, -72])]
08:44:48.839711,(-83,-78,-91),(-83,-79,-91),(-73,-67,-77),(-63,-50,-67),(-71,-60,-79),(-79,-65,-91)
[('b8:27:eb:b6:43:f8', [-78, -91, -79]), ('b8:27:eb:d3:4c:7f', [-81, -81, -85, -91, -79, -79]), ('b8:27:eb:cd:4b:81', [-77, -77, -71, -75, -67, -71]), ('b8:27:eb:ee:32:b8', [-66, -50, -67, -67, -67, -67, -63, -64, -53]), ('b8:27:eb:e7:50:37', [-78, -79, -61, -74, -60, -73, -61, -77]), ('b8:27:eb:63:a1:e3', [-77, -65, -80, -91, -91, -78, -67])]
08:44:50.777498,(-88,-81,-91),(-79,-67,-87),(-68,-55,-81),(-64,-58,-72),(-72,-58,-79),(-80,-70,-87)
[('b8:27:eb:b6:43:f8', [-81, -91, -85, -90, -90]), ('b8:27:eb:d3:4c:7f', [-78, -80, -87, -82, -79, -67, -77]), ('b8:27:eb:cd:4b:81', [-70, -55, -69, -68, -81, -58, -75, -61, -68, -75]), ('b8:27:eb:ee:32:b8', [-66, -72, -61, -61, -58, -62, -65]), ('b8:27:eb:e7:50:37', [-68, -76, -76, -73, -71, -71, -79, -58, -76]), ('b8:27:eb:63:a1:e3', [-76, -87, -78, -78, -82, -83, -70, -82])]
08:44:52.712743,(-89,-80,-95),(-80,-70,-84),(-70,-55,-79),(-65,-48,-76),(-73,-62,-78),(-76,-62,-93)
[('b8:27:eb:b6:43:f8', [-80, -94, -87, -83, -93, -91, -95]), ('b8:27:eb:d3:4c:7f', [-70, -84, -80, -81, -81, -83]), ('b8:27:eb:cd:4b:81', [-55, -71, -70, -76, -71, -74, -79, -68, -60]), ('b8:27:eb:ee:32:b8', [-48, -68, -64, -76, -70, -62, -65, -62]), ('b8:27:eb:e7:50:37', [-73, -71, -62, -78, -76, -69, -78]), ('b8:27:eb:63:a1:e3', [-93, -62, -79, -69, -80, -74, -66, -83])]
08:44:54.609331,(-92,-78,-100),(-78,-71,-92),(-74,-58,-85),(-65,-51,-81),(-71,-61,-79),(-80,-68,-91)
[('b8:27:eb:b6:43:f8', [-91, -83, -94, -100, -94, -99, -78]), ('b8:27:eb:d3:4c:7f', [-76, -71, -73, -92, -72, -79]), ('b8:27:eb:cd:4b:81', [-75, -58, -73, -81, -80, -81, -85, -73, -66, -66]), ('b8:27:eb:ee:32:b8', [-72, -59, -81, -68, -51, -54]), ('b8:27:eb:e7:50:37', [-68, -73, -71, -71, -61, -73, -79, -69]), ('b8:27:eb:63:a1:e3', [-68, -80, -74, -90, -87, -80, -91, -75, -69])]
08:44:56.505661,(-88,-71,-93),(-80,-71,-91),(-67,-51,-80),(-68,-57,-82),(-75,-65,-82),(-73,-59,-80)
[('b8:27:eb:b6:43:f8', [-93, -92, -71, -89, -93]), ('b8:27:eb:d3:4c:7f', [-81, -78, -71, -74, -91, -82, -78]), ('b8:27:eb:cd:4b:81', [-69, -65, -71, -55, -80, -69, -51, -70]), ('b8:27:eb:ee:32:b8', [-77, -60, -71, -57, -62, -62, -67, -82]), ('b8:27:eb:e7:50:37', [-65, -81, -75, -70, -82, -75, -81, -71]), ('b8:27:eb:63:a1:e3', [-62, -72, -77, -76, -76, -76, -59, -80, -74])]
08:44:58.403328,(-93,-73,-101),(-81,-77,-85),(-70,-57,-80),(-63,-59,-65),(-76,-67,-80),(-77,-70,-83)
[('b8:27:eb:b6:43:f8', [-93, -94, -93, -97, -96, -73, -101]), ('b8:27:eb:d3:4c:7f', [-77, -77, -79, -81, -83, -81, -85]), ('b8:27:eb:cd:4b:81', [-80, -73, -71, -72, -69, -57, -73, -67, -66]), ('b8:27:eb:ee:32:b8', [-65, -65, -65, -61, -59, -62, -60, -65, -61, -63]), ('b8:27:eb:e7:50:37', [-67, -77, -80, -76, -79, -74, -79, -72, -74]), ('b8:27:eb:63:a1:e3', [-75, -81, -83, -79, -71, -75, -70, -81, -79, -74])]
08:45:00.301379,(-89,-84,-95),(-80,-73,-86),(-80,-69,-88),(-60,-47,-72),(-73,-66,-79),(-73,-62,-79)
[('b8:27:eb:b6:43:f8', [-85, -84, -95, -89]), ('b8:27:eb:d3:4c:7f', [-80, -83, -82, -73, -74, -86, -80, -78]), ('b8:27:eb:cd:4b:81', [-81, -75, -77, -88, -69, -88, -82, -79, -84, -69]), ('b8:27:eb:ee:32:b8', [-49, -55, -69, -47, -60, -66, -72, -61]), ('b8:27:eb:e7:50:37', [-75, -72, -66, -79, -75, -70, -72, -71, -71]), ('b8:27:eb:63:a1:e3', [-75, -76, -79, -76, -62, -64, -77])]
08:45:02.252614,(-93,-86,-98),(-83,-77,-90),(-68,-55,-74),(-57,-47,-63),(-73,-58,-80),(-74,-66,-78)
[('b8:27:eb:b6:43:f8', [-91, -86, -98, -92, -92, -93, -94, -98]), ('b8:27:eb:d3:4c:7f', [-86, -90, -79, -77]), ('b8:27:eb:cd:4b:81', [-55, -70, -69, -74, -72, -72, -72, -60]), ('b8:27:eb:ee:32:b8', [-50, -47, -49, -60, -63, -62, -62, -62]), ('b8:27:eb:e7:50:37', [-78, -80, -72, -71, -58, -73, -74, -74]), ('b8:27:eb:63:a1:e3', [-75, -66, -75, -78, -70, -74, -72, -75])]
08:45:04.172560,(-95,-94,-97),(-83,-79,-91),(-72,-61,-76),(-58,-48,-65),(-63,-54,-70),(-75,-66,-82)
[('b8:27:eb:b6:43:f8', [-95, -94, -94, -97, -95]), ('b8:27:eb:d3:4c:7f', [-91, -81, -80, -79, -80]), ('b8:27:eb:cd:4b:81', [-76, -76, -75, -66, -61, -75, -71]), ('b8:27:eb:ee:32:b8', [-63, -64, -64, -51, -51, -65, -62, -48, -51, -61]), ('b8:27:eb:e7:50:37', [-63, -64, -56, -70, -66, -58, -54, -68, -58, -67]), ('b8:27:eb:63:a1:e3', [-76, -82, -66, -66, -77, -78])]
08:45:06.061561,(-90,-80,-96),(-80,-69,-85),(-74,-62,-83),(-60,-52,-66),(-63,-49,-75),(-84,-75,-100)
[('b8:27:eb:b6:43:f8', [-89, -89, -92, -96, -90, -80]), ('b8:27:eb:d3:4c:7f', [-79, -82, -85, -69, -76, -79, -82, -81, -80, -83]), ('b8:27:eb:cd:4b:81', [-74, -72, -83, -67, -77, -62, -77]), ('b8:27:eb:ee:32:b8', [-52, -55, -64, -63, -66]), ('b8:27:eb:e7:50:37', [-57, -72, -68, -49, -75, -51, -63, -67, -63]), ('b8:27:eb:63:a1:e3', [-75, -83, -86, -76, -100, -84])]
08:45:07.959082,(-87,-75,-97),(-79,-64,-94),(-68,-57,-76),(-58,-50,-72),(-66,-57,-75),(-77,-70,-89)
[('b8:27:eb:b6:43:f8', [-97, -88, -75, -87]), ('b8:27:eb:d3:4c:7f', [-77, -67, -77, -64, -85, -94, -80, -79, -81]), ('b8:27:eb:cd:4b:81', [-74, -76, -64, -60, -57, -73, -70, -69]), ('b8:27:eb:ee:32:b8', [-50, -53, -55, -64, -52, -72, -52, -67, -51]), ('b8:27:eb:e7:50:37', [-57, -62, -68, -62, -67, -68, -68, -57, -74, -75]), ('b8:27:eb:63:a1:e3', [-89, -73, -81, -75, -73, -76, -77, -70, -74])]
08:45:09.859169,(-84,-78,-92),(-82,-74,-87),(-68,-56,-83),(-65,-62,-70),(-71,-55,-86),(-78,-61,-87)
[('b8:27:eb:b6:43:f8', [-84, -79, -92, -79, -92, -78, -81]), ('b8:27:eb:d3:4c:7f', [-79, -74, -87, -82, -81, -86, -83, -82]), ('b8:27:eb:cd:4b:81', [-73, -71, -73, -58, -70, -83, -57, -56]), ('b8:27:eb:ee:32:b8', [-64, -63, -70, -67, -62, -63]), ('b8:27:eb:e7:50:37', [-86, -83, -75, -62, -55, -67, -66, -68]), ('b8:27:eb:63:a1:e3', [-84, -77, -80, -74, -82, -87, -78, -77, -61])]
08:45:11.766437,(-89,-78,-96),(-80,-71,-88),(-72,-59,-76),(-60,-49,-64),(-73,-56,-87),(-75,-61,-84)
[('b8:27:eb:b6:43:f8', [-78, -86, -93, -96, -85, -91]), ('b8:27:eb:d3:4c:7f', [-82, -71, -74, -78, -85, -88, -85, -75]), ('b8:27:eb:cd:4b:81', [-75, -69, -76, -59, -72, -74, -73, -73, -69]), ('b8:27:eb:ee:32:b8', [-61, -62, -62, -52, -60, -64, -62, -62, -49]), ('b8:27:eb:e7:50:37', [-56, -71, -76, -87, -71, -73]), ('b8:27:eb:63:a1:e3', [-77, -77, -74, -61, -76, -73, -71, -75, -84])]
08:45:13.674612,(-90,-78,-98),(-84,-71,-90),(-71,-66,-77),(-67,-54,-78),(-69,-58,-77),(-78,-68,-82)
[('b8:27:eb:b6:43:f8', [-92, -78, -98, -85, -90, -93]), ('b8:27:eb:d3:4c:7f', [-80, -90, -71, -82, -84, -88, -83, -88]), ('b8:27:eb:cd:4b:81', [-71, -70, -66, -67, -75, -77]), ('b8:27:eb:ee:32:b8', [-69, -66, -54, -78, -65, -67, -72, -58, -72]), ('b8:27:eb:e7:50:37', [-72, -67, -66, -58, -73, -65, -70, -73, -77]), ('b8:27:eb:63:a1:e3', [-82, -80, -78, -76, -68, -81, -79])]
08:45:15.606210,(-95,-91,-97),(-78,-71,-87),(-73,-63,-82),(-60,-48,-77),(-69,-56,-80),(-79,-72,-84)
[('b8:27:eb:b6:43:f8', [-95, -97, -91]), ('b8:27:eb:d3:4c:7f', [-71, -73, -78, -72, -87, -79, -86]), ('b8:27:eb:cd:4b:81', [-63, -71, -82, -75]), ('b8:27:eb:ee:32:b8', [-48, -63, -77, -59, -71, -55, -51, -49, -59]), ('b8:27:eb:e7:50:37', [-58, -56, -69, -75, -56, -77, -75, -70, -80]), ('b8:27:eb:63:a1:e3', [-81, -77, -80, -84, -79, -72])]
08:45:17.530500,(-88,-83,-94),(-87,-79,-91),(-67,-56,-74),(-62,-46,-75),(-72,-62,-77),(-78,-67,-88)
[('b8:27:eb:b6:43:f8', [-88, -84, -83, -91, -94]), ('b8:27:eb:d3:4c:7f', [-90, -82, -79, -90, -89, -91]), ('b8:27:eb:cd:4b:81', [-72, -74, -70, -57, -56, -70]), ('b8:27:eb:ee:32:b8', [-59, -63, -67, -75, -71, -46, -60, -55, -47, -69]), ('b8:27:eb:e7:50:37', [-77, -71, -62, -72, -71, -76, -71]), ('b8:27:eb:63:a1:e3', [-80, -67, -82, -72, -88, -79])]
08:45:19.437751,(-89,-86,-91),(-87,-78,-93),(-69,-51,-77),(-62,-55,-71),(-74,-60,-84),(-80,-70,-87)
[('b8:27:eb:b6:43:f8', [-87, -91, -86, -89, -91, -88]), ('b8:27:eb:d3:4c:7f', [-83, -84, -78, -93, -89, -89, -89]), ('b8:27:eb:cd:4b:81', [-65, -51, -68, -75, -74, -74, -77, -68]), ('b8:27:eb:ee:32:b8', [-58, -59, -69, -62, -71, -55, -60, -58]), ('b8:27:eb:e7:50:37', [-73, -81, -80, -84, -66, -60]), ('b8:27:eb:63:a1:e3', [-78, -72, -87, -84, -70, -81, -84])]
08:45:21.369626,(-89,-82,-93),(-86,-75,-91),(-81,-71,-91),(-74,-59,-86),(-64,-52,-75),(-81,-73,-89)
[('b8:27:eb:b6:43:f8', [-82, -91, -93]), ('b8:27:eb:d3:4c:7f', [-75, -88, -88, -91, -85]), ('b8:27:eb:cd:4b:81', [-77, -80, -82, -91, -83, -84, -80, -77, -71, -78]), ('b8:27:eb:ee:32:b8', [-68, -72, -86, -59, -81, -77, -73, -71]), ('b8:27:eb:e7:50:37', [-72, -57, -55, -75, -71, -65, -52, -60]), ('b8:27:eb:63:a1:e3', [-80, -80, -80, -89, -83, -80, -73])]
08:45:23.285608,(-89,-77,-96),(-82,-76,-88),(-76,-71,-81),(-68,-57,-75),(-69,-56,-79),(-75,-68,-78)
[('b8:27:eb:b6:43:f8', [-96, -92, -77, -93, -89, -84]), ('b8:27:eb:d3:4c:7f', [-86, -78, -81, -81, -76, -79, -83, -88]), ('b8:27:eb:cd:4b:81', [-71, -81, -76, -81, -75, -71, -77]), ('b8:27:eb:ee:32:b8', [-75, -74, -59, -64, -57, -69, -75, -70]), ('b8:27:eb:e7:50:37', [-69, -73, -71, -66, -64, -79, -69, -56, -76, -67]), ('b8:27:eb:63:a1:e3', [-75, -78, -78, -72, -68, -74, -77, -73])]
08:45:25.207779,(-88,-79,-95),(-81,-67,-90),(-77,-68,-86),(-68,-57,-74),(-69,-53,-82),(-75,-69,-80)
[('b8:27:eb:b6:43:f8', [-92, -90, -79, -80, -95]), ('b8:27:eb:d3:4c:7f', [-90, -73, -67, -78, -84, -90]), ('b8:27:eb:cd:4b:81', [-75, -72, -82, -74, -68, -75, -85, -75, -73, -86]), ('b8:27:eb:ee:32:b8', [-69, -74, -71, -57, -65, -68, -62, -69, -71]), ('b8:27:eb:e7:50:37', [-53, -82, -63, -68, -70, -74]), ('b8:27:eb:63:a1:e3', [-73, -79, -69, -70, -75, -77, -80])]
08:45:27.140312,(-92,-87,-100),(-80,-73,-85),(-70,-61,-75),(-63,-47,-79),(-69,-50,-80),(-80,-72,-92)
[('b8:27:eb:b6:43:f8', [-88, -93, -100, -87, -88, -93, -94]), ('b8:27:eb:d3:4c:7f', [-80, -73, -81, -79, -80, -85, -76]), ('b8:27:eb:cd:4b:81', [-61, -69, -75, -71, -70, -66, -72]), ('b8:27:eb:ee:32:b8', [-61, -79, -66, -67, -47, -62, -68, -59, -51]), ('b8:27:eb:e7:50:37', [-78, -50, -69, -80, -70, -67, -73, -62]), ('b8:27:eb:63:a1:e3', [-79, -75, -74, -80, -75, -72, -92, -86])]
08:45:29.033830,(-93,-80,-97),(-84,-80,-89),(-72,-57,-87),(-68,-53,-74),(-75,-68,-83),(-80,-71,-88)
[('b8:27:eb:b6:43:f8', [-96, -97, -97, -80, -93, -95]), ('b8:27:eb:d3:4c:7f', [-81, -83, -89, -84, -80]), ('b8:27:eb:cd:4b:81', [-81, -57, -68, -74, -68, -61, -87, -79]), ('b8:27:eb:ee:32:b8', [-73, -58, -53, -73, -73, -68, -72, -74]), ('b8:27:eb:e7:50:37', [-68, -75, -76, -70, -73, -76, -83, -81, -69]), ('b8:27:eb:63:a1:e3', [-82, -76, -78, -88, -71, -78, -80, -82, -80, -82])]
08:45:30.936178,(-78,-76,-80),(-81,-74,-87),(-76,-66,-82),(-60,-50,-69),(-69,-51,-80),(-74,-63,-84)
[('b8:27:eb:b6:43:f8', [-80, -76]), ('b8:27:eb:d3:4c:7f', [-74, -80, -87, -86, -74, -80]), ('b8:27:eb:cd:4b:81', [-76, -76, -82, -79, -77, -66]), ('b8:27:eb:ee:32:b8', [-56, -69, -56, -50, -60, -57, -57, -68]), ('b8:27:eb:e7:50:37', [-79, -67, -56, -70, -80, -80, -80, -51, -51]), ('b8:27:eb:63:a1:e3', [-73, -63, -84, -69, -73, -80, -73])]
08:45:32.845738,(-91,-81,-96),(-78,-68,-84),(-69,-56,-79),(-66,-53,-73),(-66,-50,-83),(-79,-73,-89)
[('b8:27:eb:b6:43:f8', [-94, -89, -96, -92, -91, -81, -93]), ('b8:27:eb:d3:4c:7f', [-84, -78, -81, -83, -68, -71]), ('b8:27:eb:cd:4b:81', [-74, -72, -79, -56, -70, -67, -63]), ('b8:27:eb:ee:32:b8', [-65, -67, -61, -69, -53, -67, -73, -69]), ('b8:27:eb:e7:50:37', [-71, -64, -83, -69, -61, -50, -63, -69, -58]), ('b8:27:eb:63:a1:e3', [-89, -80, -78, -80, -73, -73, -80, -75, -79])]
08:45:34.756151,(-80,-80,-80),(-82,-77,-87),(-74,-62,-82),(-69,-61,-76),(-68,-53,-95),(-81,-71,-88)
[('b8:27:eb:b6:43:f8', [-80]), ('b8:27:eb:d3:4c:7f', [-87, -77, -80, -79, -82, -80, -84]), ('b8:27:eb:cd:4b:81', [-82, -70, -72, -74, -62, -80, -74, -78]), ('b8:27:eb:ee:32:b8', [-70, -66, -68, -76, -61, -68, -71]), ('b8:27:eb:e7:50:37', [-53, -71, -75, -63, -67, -95, -56, -69, -62]), ('b8:27:eb:63:a1:e3', [-77, -81, -78, -71, -79, -88, -85, -83])]
08:45:36.649150,(-93,-82,-99),(-79,-69,-87),(-75,-67,-79),(-67,-56,-77),(-71,-60,-77),(-74,-61,-79)
[('b8:27:eb:b6:43:f8', [-96, -99, -82]), ('b8:27:eb:d3:4c:7f', [-81, -87, -77, -81, -78, -79, -69]), ('b8:27:eb:cd:4b:81', [-79, -78, -67, -74, -74, -76]), ('b8:27:eb:ee:32:b8', [-77, -64, -69, -74, -56, -57, -68]), ('b8:27:eb:e7:50:37', [-76, -60, -71, -69, -76, -70, -77, -64, -76]), ('b8:27:eb:63:a1:e3', [-79, -63, -77, -74, -61, -75, -77, -79])]
08:45:38.553036,(-95,-89,-99),(-80,-69,-89),(-73,-57,-85),(-68,-57,-78),(-70,-60,-78),(-79,-76,-82)
[('b8:27:eb:b6:43:f8', [-89, -98, -91, -94, -99, -99, -94]), ('b8:27:eb:d3:4c:7f', [-82, -85, -71, -84, -85, -69, -80, -70, -89]), ('b8:27:eb:cd:4b:81', [-75, -57, -79, -72, -85, -75, -74, -62]), ('b8:27:eb:ee:32:b8', [-57, -78, -71, -73, -62, -69, -62, -67, -71, -69]), ('b8:27:eb:e7:50:37', [-78, -60, -78, -71, -72, -67, -68, -71, -63]), ('b8:27:eb:63:a1:e3', [-80, -77, -78, -78, -82, -78, -82, -76])]
08:45:40.461889,(-93,-88,-97),(-82,-70,-90),(-70,-56,-79),(-65,-45,-82),(-73,-55,-85),(-79,-70,-87)
[('b8:27:eb:b6:43:f8', [-89, -88, -93, -91, -96, -97]), ('b8:27:eb:d3:4c:7f', [-79, -86, -77, -88, -90, -70]), ('b8:27:eb:cd:4b:81', [-68, -65, -77, -70, -73, -79, -56, -66]), ('b8:27:eb:ee:32:b8', [-70, -48, -82, -60, -45, -61, -72, -75, -70]), ('b8:27:eb:e7:50:37', [-79, -78, -85, -71, -77, -71, -69, -55, -67]), ('b8:27:eb:63:a1:e3', [-76, -70, -80, -82, -78, -87, -77])]
08:45:42.418297,(-86,-79,-93),(-80,-66,-93),(-71,-61,-80),(-65,-59,-73),(-71,-60,-76),(-79,-71,-87)
[('b8:27:eb:b6:43:f8', [-79, -93, -89, -83]), ('b8:27:eb:d3:4c:7f', [-66, -74, -86, -79, -93, -84, -68, -88]), ('b8:27:eb:cd:4b:81', [-61, -64, -64, -78, -80, -74, -72, -69]), ('b8:27:eb:ee:32:b8', [-67, -61, -68, -59, -59, -73, -66]), ('b8:27:eb:e7:50:37', [-75, -60, -74, -67, -71, -76]), ('b8:27:eb:63:a1:e3', [-81, -87, -83, -75, -73, -79, -71, -85, -75])]
08:45:44.334561,(-91,-74,-101),(-80,-71,-87),(-78,-69,-87),(-69,-53,-81),(-68,-57,-79),(-78,-59,-89)
[('b8:27:eb:b6:43:f8', [-88, -74, -101, -95, -93]), ('b8:27:eb:d3:4c:7f', [-83, -78, -82, -71, -73, -87, -81]), ('b8:27:eb:cd:4b:81', [-69, -76, -87, -72, -80, -85, -73, -69, -79, -85]), ('b8:27:eb:ee:32:b8', [-57, -66, -53, -72, -74, -81, -76]), ('b8:27:eb:e7:50:37', [-57, -73, -72, -70, -67, -57, -79, -67]), ('b8:27:eb:63:a1:e3', [-89, -80, -59, -71, -75, -88, -80, -76])]
08:45:46.296468,(-83,-77,-93),(-86,-83,-89),(-75,-59,-84),(-66,-53,-73),(-67,-54,-75),(-75,-60,-83)
[('b8:27:eb:b6:43:f8', [-80, -93, -77, -81]), ('b8:27:eb:d3:4c:7f', [-89, -86, -83]), ('b8:27:eb:cd:4b:81', [-84, -73, -79, -84, -74, -67, -59, -72, -74, -80]), ('b8:27:eb:ee:32:b8', [-68, -73, -67, -64, -65, -71, -53]), ('b8:27:eb:e7:50:37', [-75, -61, -54, -71, -69, -67]), ('b8:27:eb:63:a1:e3', [-78, -64, -79, -75, -80, -60, -83])]
08:45:48.195726,(-93,-88,-95),(-82,-71,-91),(-75,-71,-79),(-67,-60,-74),(-60,-50,-67),(-78,-70,-83)
[('b8:27:eb:b6:43:f8', [-95, -88, -94, -93]), ('b8:27:eb:d3:4c:7f', [-82, -91, -74, -90, -71]), ('b8:27:eb:cd:4b:81', [-72, -76, -71, -79, -72, -72, -79, -74, -73]), ('b8:27:eb:ee:32:b8', [-74, -70, -60, -64, -62, -74, -70, -61, -66, -68]), ('b8:27:eb:e7:50:37', [-64, -60, -65, -50, -55, -67, -54]), ('b8:27:eb:63:a1:e3', [-83, -78, -78, -70, -79, -74, -81])]
08:45:50.098568,(-87,-87,-87),(-83,-69,-88),(-74,-63,-82),(-67,-55,-78),(-64,-60,-67),(-76,-63,-89)
[('b8:27:eb:b6:43:f8', [-87]), ('b8:27:eb:d3:4c:7f', [-86, -88, -86, -69, -84]), ('b8:27:eb:cd:4b:81', [-66, -63, -77, -76, -68, -77, -75, -76, -82]), ('b8:27:eb:ee:32:b8', [-70, -62, -56, -55, -74, -78, -69]), ('b8:27:eb:e7:50:37', [-66, -67, -60, -61]), ('b8:27:eb:63:a1:e3', [-77, -63, -89, -81, -81, -65])]
08:45:52.056028,(-94,-92,-94),(-78,-73,-86),(-71,-59,-81),(-64,-55,-73),(-68,-57,-81),(-78,-71,-83)
[('b8:27:eb:b6:43:f8', [-94, -93, -93, -92, -94]), ('b8:27:eb:d3:4c:7f', [-86, -74, -83, -81, -73, -74, -74]), ('b8:27:eb:cd:4b:81', [-59, -81, -74, -75, -71, -71, -61, -72]), ('b8:27:eb:ee:32:b8', [-56, -73, -55, -60, -70, -68]), ('b8:27:eb:e7:50:37', [-71, -81, -57, -69, -72, -57]), ('b8:27:eb:63:a1:e3', [-74, -82, -76, -80, -75, -71, -83, -82])]
08:45:53.994235,(-90,-82,-98),(-81,-70,-87),(-73,-57,-83),(-67,-61,-73),(-65,-52,-73),(-76,-60,-89)
[('b8:27:eb:b6:43:f8', [-90, -88, -82, -98, -87, -93]), ('b8:27:eb:d3:4c:7f', [-85, -70, -73, -87, -86, -78, -86, -81, -80]), ('b8:27:eb:cd:4b:81', [-83, -72, -57, -71, -83, -69, -70, -71, -70, -78]), ('b8:27:eb:ee:32:b8', [-65, -70, -61, -73, -66, -70, -62]), ('b8:27:eb:e7:50:37', [-73, -53, -68, -73, -66, -52]), ('b8:27:eb:63:a1:e3', [-67, -89, -74, -60, -76, -85])]
08:45:55.914511,(-94,-87,-98),(-80,-77,-83),(-74,-70,-80),(-74,-63,-83),(-67,-54,-76),(-72,-56,-79)
[('b8:27:eb:b6:43:f8', [-94, -87, -98, -96, -94]), ('b8:27:eb:d3:4c:7f', [-80, -79, -77, -80, -79, -78, -80, -83, -80]), ('b8:27:eb:cd:4b:81', [-80, -70, -77, -72, -70, -74, -72]), ('b8:27:eb:ee:32:b8', [-81, -69, -72, -73, -63, -80, -83, -71]), ('b8:27:eb:e7:50:37', [-68, -76, -64, -55, -54, -71, -68, -73]), ('b8:27:eb:63:a1:e3', [-69, -73, -74, -56, -74, -69, -72, -74, -79, -77])]
08:45:57.816018,(-91,-80,-95),(-79,-65,-87),(-79,-71,-85),(-64,-52,-76),(-64,-52,-70),(-74,-61,-79)
[('b8:27:eb:b6:43:f8', [-92, -92, -95, -91, -80, -92, -92, -90]), ('b8:27:eb:d3:4c:7f', [-80, -78, -87, -84, -65, -75]), ('b8:27:eb:cd:4b:81', [-77, -71, -78, -79, -80, -78, -85]), ('b8:27:eb:ee:32:b8', [-62, -68, -66, -62, -64, -76, -52, -64, -62]), ('b8:27:eb:e7:50:37', [-65, -66, -68, -56, -70, -64, -64, -52]), ('b8:27:eb:63:a1:e3', [-71, -75, -76, -74, -77, -69, -76, -79, -61])]
08:45:59.742904,(-86,-77,-94),(-86,-79,-95),(-75,-72,-78),(-63,-47,-77),(-69,-57,-77),(-82,-73,-91)
[('b8:27:eb:b6:43:f8', [-94, -79, -87, -77, -94, -84]), ('b8:27:eb:d3:4c:7f', [-79, -95, -84, -91, -81]), ('b8:27:eb:cd:4b:81', [-72, -75, -74, -78]), ('b8:27:eb:ee:32:b8', [-63, -63, -74, -61, -49, -47, -63, -77, -70]), ('b8:27:eb:e7:50:37', [-71, -69, -70, -64, -65, -57, -77, -72]), ('b8:27:eb:63:a1:e3', [-91, -84, -80, -73, -76, -85, -83, -77])]
08:46:01.647357,(-88,-84,-92),(-89,-81,-97),(-75,-61,-83),(-61,-48,-72),(-73,-55,-82),(-84,-73,-95)
[('b8:27:eb:b6:43:f8', [-92, -90, -84, -90, -84]), ('b8:27:eb:d3:4c:7f', [-81, -97, -86, -88, -95, -82]), ('b8:27:eb:cd:4b:81', [-81, -83, -83, -76, -74, -70, -61, -76, -66]), ('b8:27:eb:ee:32:b8', [-62, -56, -69, -69, -53, -48, -66, -49, -72]), ('b8:27:eb:e7:50:37', [-66, -55, -79, -76, -82, -79, -70]), ('b8:27:eb:63:a1:e3', [-91, -81, -82, -94, -81, -79, -80, -82, -73, -95])]
08:46:03.563398,(-91,-89,-92),(-82,-67,-89),(-73,-64,-80),(-64,-50,-78),(-65,-55,-76),(-78,-62,-94)
[('b8:27:eb:b6:43:f8', [-91, -89, -92]), ('b8:27:eb:d3:4c:7f', [-89, -82, -83, -67, -79, -80, -89]), ('b8:27:eb:cd:4b:81', [-70, -70, -80, -74, -76, -64, -76, -72]), ('b8:27:eb:ee:32:b8', [-64, -65, -78, -64, -52, -63, -50, -70]), ('b8:27:eb:e7:50:37', [-76, -67, -67, -72, -55, -56, -67, -61, -59]), ('b8:27:eb:63:a1:e3', [-79, -77, -72, -62, -77, -78, -94, -78])]
