08:38:04.992201,(-64,-51,-70),(-58,-49,-68),(-63,-49,-74),(-86,-78,-96),(-75,-70,-81),(-57,-45,-63)
[('b8:27:eb:b6:43:f8', [-57, -51, -62, -68, -68, -68, -70, -68]), ('b8:27:eb:d3:4c:7f', [-57, -49, -68, -49, -61, -57, -62]), ('b8:27:eb:cd:4b:81', [-59, -57, -67, -72, -74, -65, -49, -61]), ('b8:27:eb:ee:32:b8', [-81, -78, -92, -85, -96, -83]), ('b8:27:eb:e7:50:37', [-70, -72, -70, -81, -79]), ('b8:27:eb:63:a1:e3', [-46, -58, -63, -61, -60, -61, -60, -45])]
08:38:06.888226,(-64,-51,-68),(-61,-52,-82),(-60,-49,-65),(-85,-79,-89),(-78,-72,-89),(-65,-58,-83)
[('b8:27:eb:b6:43:f8', [-66, -68, -51, -67, -65]), ('b8:27:eb:d3:4c:7f', [-54, -59, -59, -52, -82, -67, -66, -58, -52]), ('b8:27:eb:cd:4b:81', [-65, -62, -49, -61, -63]), ('b8:27:eb:ee:32:b8', [-85, -85, -85, -89, -87, -82, -79]), ('b8:27:eb:e7:50:37', [-72, -80, -89, -77, -76, -73, -74]), ('b8:27:eb:63:a1:e3', [-58, -59, -60, -83, -61, -63, -68, -66])]
08:38:08.796578,(-66,-50,-73),(-61,-45,-73),(-64,-57,-76),(-87,-80,-96),(-68,-52,-83),(-67,-56,-78)
[('b8:27:eb:b6:43:f8', [-66, -64, -73, -73, -69, -50]), ('b8:27:eb:d3:4c:7f', [-60, -45, -73, -65, -64, -55]), ('b8:27:eb:cd:4b:81', [-64, -58, -69, -57, -63, -61, -76, -58]), ('b8:27:eb:ee:32:b8', [-85, -84, -96, -80, -87]), ('b8:27:eb:e7:50:37', [-76, -83, -72, -60, -52, -61]), ('b8:27:eb:63:a1:e3', [-66, -59, -71, -56, -67, -66, -78])]
08:38:10.703108,(-67,-49,-77),(-65,-48,-84),(-57,-47,-65),(-87,-82,-89),(-74,-59,-82),(-65,-54,-72)
[('b8:27:eb:b6:43:f8', [-74, -77, -69, -49, -66, -67, -61]), ('b8:27:eb:d3:4c:7f', [-71, -48, -59, -62, -73, -59, -64, -84]), ('b8:27:eb:cd:4b:81', [-65, -47, -55, -60, -55, -57, -54]), ('b8:27:eb:ee:32:b8', [-82, -87, -89, -87]), ('b8:27:eb:e7:50:37', [-76, -59, -80, -75, -60, -75, -80, -79, -82]), ('b8:27:eb:63:a1:e3', [-54, -71, -62, -72])]
08:38:12.604294,(-59,-43,-67),(-67,-52,-76),(-56,-45,-63),(-92,-86,-96),(-75,-64,-84),(-70,-60,-86)
[('b8:27:eb:b6:43:f8', [-61, -66, -45, -67, -67, -64, -59, -43, -58]), ('b8:27:eb:d3:4c:7f', [-62, -64, -76, -71, -66, -74, -52, -67]), ('b8:27:eb:cd:4b:81', [-48, -57, -45, -62, -63, -58, -59]), ('b8:27:eb:ee:32:b8', [-96, -86, -92]), ('b8:27:eb:e7:50:37', [-78, -64, -75, -80, -72, -72, -84]), ('b8:27:eb:63:a1:e3', [-68, -60, -64, -71, -86, -69, -66])]
08:38:14.516840,(-54,-43,-62),(-64,-48,-72),(-68,-60,-86),(-91,-82,-94),(-77,-71,-83),(-68,-47,-77)
[('b8:27:eb:b6:43:f8', [-54, -44, -43, -62, -59, -58, -47, -57, -58, -56]), ('b8:27:eb:d3:4c:7f', [-65, -69, -67, -72, -48, -62]), ('b8:27:eb:cd:4b:81', [-70, -60, -68, -63, -62, -86, -66, -70, -66]), ('b8:27:eb:ee:32:b8', [-92, -91, -82, -94, -92, -90]), ('b8:27:eb:e7:50:37', [-72, -76, -82, -83, -71]), ('b8:27:eb:63:a1:e3', [-77, -71, -69, -47, -74])]
08:38:16.430940,(-52,-39,-56),(-57,-43,-69),(-64,-47,-78),(-83,-72,-96),(-75,-69,-83),(-61,-54,-65)
[('b8:27:eb:b6:43:f8', [-56, -55, -45, -55, -55, -56, -39, -55]), ('b8:27:eb:d3:4c:7f', [-62, -58, -68, -52, -43, -46, -69]), ('b8:27:eb:cd:4b:81', [-78, -69, -60, -50, -47, -72, -71]), ('b8:27:eb:ee:32:b8', [-86, -72, -85, -96, -73]), ('b8:27:eb:e7:50:37', [-69, -78, -83, -71, -73, -74]), ('b8:27:eb:63:a1:e3', [-63, -65, -58, -62, -54])]
08:38:18.319535,(-64,-54,-68),(-55,-41,-64),(-62,-53,-72),(-83,-75,-88),(-74,-67,-79),(-60,-43,-77)
[('b8:27:eb:b6:43:f8', [-62, -68, -62, -68, -68, -65, -54, -63]), ('b8:27:eb:d3:4c:7f', [-60, -41, -61, -55, -59, -45, -64]), ('b8:27:eb:cd:4b:81', [-62, -66, -53, -60, -54, -72]), ('b8:27:eb:ee:32:b8', [-88, -82, -75, -87, -82]), ('b8:27:eb:e7:50:37', [-71, -79, -67, -79]), ('b8:27:eb:63:a1:e3', [-43, -77, -62, -60, -64, -61, -50])]
08:38:20.219966,(-63,-48,-70),(-65,-59,-73),(-62,-47,-69),(-84,-73,-98),(-72,-70,-76),(-64,-58,-73)
[('b8:27:eb:b6:43:f8', [-61, -70, -68, -48, -58, -65, -67]), ('b8:27:eb:d3:4c:7f', [-65, -61, -62, -65, -73, -67, -59]), ('b8:27:eb:cd:4b:81', [-60, -56, -64, -62, -67, -69, -47, -65]), ('b8:27:eb:ee:32:b8', [-83, -86, -80, -83, -73, -98]), ('b8:27:eb:e7:50:37', [-71, -76, -71, -70]), ('b8:27:eb:63:a1:e3', [-59, -67, -61, -62, -73, -58])]
08:38:22.113564,(-63,-51,-72),(-67,-48,-84),(-58,-44,-68),(-88,-81,-94),(-74,-60,-84),(-61,-49,-72)
[('b8:27:eb:b6:43:f8', [-64, -60, -61, -60, -71, -66, -66, -51, -72, -59]), ('b8:27:eb:d3:4c:7f', [-58, -70, -48, -78, -84, -70, -60]), ('b8:27:eb:cd:4b:81', [-62, -67, -68, -47, -46, -63, -55, -65, -44]), ('b8:27:eb:ee:32:b8', [-92, -81, -84, -94]), ('b8:27:eb:e7:50:37', [-72, -60, -75, -76, -75, -84, -62, -78, -83]), ('b8:27:eb:63:a1:e3', [-72, -49, -68, -60, -60, -67, -49])]
08:38:24.020988,(-63,-50,-78),(-69,-50,-83),(-53,-46,-61),(-86,-78,-98),(-74,-67,-78),(-62,-53,-82)
[('b8:27:eb:b6:43:f8', [-57, -65, -52, -78, -70, -71, -67, -55, -50]), ('b8:27:eb:d3:4c:7f', [-70, -66, -50, -67, -79, -83, -71, -66]), ('b8:27:eb:cd:4b:81', [-57, -61, -56, -53, -48, -46, -47, -51]), ('b8:27:eb:ee:32:b8', [-98, -92, -84, -82, -81, -78, -86]), ('b8:27:eb:e7:50:37', [-72, -78, -78, -67, -76, -73]), ('b8:27:eb:63:a1:e3', [-64, -67, -64, -53, -53, -58, -82, -54])]
08:38:25.927793,(-56,-39,-63),(-60,-55,-66),(-61,-50,-72),(-89,-86,-94),(-66,-58,-77),(-60,-53,-69)
[('b8:27:eb:b6:43:f8', [-63, -53, -60, -61, -56, -39, -56, -56]), ('b8:27:eb:d3:4c:7f', [-55, -56, -62, -66, -60, -56]), ('b8:27:eb:cd:4b:81', [-68, -72, -50, -59, -62, -53, -56, -67]), ('b8:27:eb:ee:32:b8', [-88, -89, -94, -86, -87]), ('b8:27:eb:e7:50:37', [-60, -74, -77, -58, -58, -67]), ('b8:27:eb:63:a1:e3', [-53, -57, -68, -59, -69, -53])]
08:38:27.823583,(-55,-44,-66),(-58,-44,-68),(-68,-49,-88),(-81,-73,-86),(-65,-54,-80),(-63,-58,-69)
[('b8:27:eb:b6:43:f8', [-55, -44, -55, -56, -56, -50, -66, -58]), ('b8:27:eb:d3:4c:7f', [-61, -68, -44, -45, -65, -59, -59, -60, -57]), ('b8:27:eb:cd:4b:81', [-74, -73, -72, -51, -70, -49, -73, -88, -55]), ('b8:27:eb:ee:32:b8', [-80, -86, -84, -73, -84, -78, -80, -82]), ('b8:27:eb:e7:50:37', [-54, -80, -59, -68, -61, -58, -59, -71, -69]), ('b8:27:eb:63:a1:e3', [-64, -58, -60, -69])]
08:38:29.719085,(-57,-43,-71),(-55,-43,-71),(-57,-43,-71),(-79,-69,-85),(-66,-56,-72),(-59,-47,-75)
[('b8:27:eb:b6:43:f8', [-43, -61, -46, -71, -60, -56, -57]), ('b8:27:eb:d3:4c:7f', [-57, -57, -43, -50, -62, -63, -44, -71, -56, -46]), ('b8:27:eb:cd:4b:81', [-43, -58, -51, -60, -55, -57, -65, -44, -71, -63]), ('b8:27:eb:ee:32:b8', [-85, -69, -80, -82, -74, -84, -77]), ('b8:27:eb:e7:50:37', [-56, -69, -68, -58, -72, -72]), ('b8:27:eb:63:a1:e3', [-57, -49, -47, -67, -59, -75])]
08:38:31.614003,(-57,-45,-64),(-57,-45,-67),(-63,-47,-71),(-91,-81,-100),(-72,-63,-79),(-58,-47,-71)
[('b8:27:eb:b6:43:f8', [-58, -52, -64, -58, -60, -59, -45]), ('b8:27:eb:d3:4c:7f', [-67, -58, -60, -45, -60, -55, -49]), ('b8:27:eb:cd:4b:81', [-47, -59, -66, -60, -67, -71, -63, -66]), ('b8:27:eb:ee:32:b8', [-89, -81, -92, -100, -98, -86]), ('b8:27:eb:e7:50:37', [-74, -63, -72, -72, -79, -71]), ('b8:27:eb:63:a1:e3', [-47, -71, -64, -53, -62, -50])]
08:38:33.504178,(-63,-55,-70),(-64,-49,-70),(-66,-47,-74),(-81,-74,-87),(-73,-56,-80),(-61,-47,-69)
[('b8:27:eb:b6:43:f8', [-61, -65, -55, -68, -60, -61, -70]), ('b8:27:eb:d3:4c:7f', [-63, -49, -60, -68, -65, -60, -70, -64, -69]), ('b8:27:eb:cd:4b:81', [-74, -69, -63, -71, -74, -64, -65, -47, -60]), ('b8:27:eb:ee:32:b8', [-86, -74, -76, -87, -80]), ('b8:27:eb:e7:50:37', [-80, -56, -76, -74, -66, -68, -73, -79, -78]), ('b8:27:eb:63:a1:e3', [-63, -47, -66, -57, -61, -63, -49, -69, -69])]
08:38:35.394195,(-68,-62,-73),(-61,-47,-79),(-64,-48,-77),(-87,-80,-94),(-73,-55,-81),(-62,-49,-79)
[('b8:27:eb:b6:43:f8', [-67, -62, -65, -72, -65, -73, -67]), ('b8:27:eb:d3:4c:7f', [-52, -47, -79, -47, -65, -71]), ('b8:27:eb:cd:4b:81', [-48, -68, -67, -51, -67, -77, -68]), ('b8:27:eb:ee:32:b8', [-94, -88, -80, -86]), ('b8:27:eb:e7:50:37', [-55, -74, -81, -79, -75]), ('b8:27:eb:63:a1:e3', [-62, -50, -49, -60, -79, -72])]
08:38:37.295779,(-67,-52,-85),(-65,-53,-71),(-59,-49,-68),(-84,-73,-92),(-76,-65,-86),(-62,-50,-71)
[('b8:27:eb:b6:43:f8', [-61, -52, -65, -67, -85, -67]), ('b8:27:eb:d3:4c:7f', [-71, -68, -70, -69, -61, -66, -63, -53, -60]), ('b8:27:eb:cd:4b:81', [-49, -61, -62, -57, -68, -55]), ('b8:27:eb:ee:32:b8', [-92, -84, -88, -81, -73]), ('b8:27:eb:e7:50:37', [-70, -79, -74, -72, -77, -75, -82, -65, -86]), ('b8:27:eb:63:a1:e3', [-61, -50, -63, -66, -70, -66, -64, -71, -57, -51])]
08:38:39.198297,(-67,-51,-74),(-61,-46,-73),(-59,-46,-68),(-87,-70,-97),(-79,-61,-88),(-71,-59,-79)
[('b8:27:eb:b6:43:f8', [-73, -74, -63, -71, -62, -71, -71, -60, -51, -65]), ('b8:27:eb:d3:4c:7f', [-47, -63, -62, -72, -46, -61, -58, -73]), ('b8:27:eb:cd:4b:81', [-63, -61, -63, -46, -48, -68, -58, -60]), ('b8:27:eb:ee:32:b8', [-96, -82, -87, -89, -97, -70]), ('b8:27:eb:e7:50:37', [-88, -77, -81, -61, -87, -81, -76, -79]), ('b8:27:eb:63:a1:e3', [-71, -70, -67, -78, -72, -79, -70, -59])]
08:38:41.140627,(-58,-44,-70),(-66,-53,-76),(-60,-48,-68),(-86,-78,-91),(-69,-59,-74),(-68,-51,-81)
[('b8:27:eb:b6:43:f8', [-65, -67, -48, -44, -55, -49, -64, -70, -64, -53]), ('b8:27:eb:d3:4c:7f', [-61, -65, -67, -76, -69, -53, -59, -76]), ('b8:27:eb:cd:4b:81', [-61, -48, -62, -54, -66, -55, -68]), ('b8:27:eb:ee:32:b8', [-88, -78, -84, -91]), ('b8:27:eb:e7:50:37', [-74, -59, -59, -74, -74, -60, -73, -73, -70]), ('b8:27:eb:63:a1:e3', [-81, -69, -76, -66, -56, -51, -80, -62])]
08:38:43.050188,(-64,-48,-72),(-60,-54,-71),(-63,-46,-69),(-87,-79,-94),(-74,-69,-80),(-66,-60,-76)
[('b8:27:eb:b6:43:f8', [-65, -72, -60, -70, -48, -72, -58]), ('b8:27:eb:d3:4c:7f', [-59, -59, -54, -61, -56, -59, -71]), ('b8:27:eb:cd:4b:81', [-63, -68, -69, -68, -60, -67, -58, -46, -65]), ('b8:27:eb:ee:32:b8', [-94, -88, -82, -79, -94, -82]), ('b8:27:eb:e7:50:37', [-79, -72, -73, -78, -70, -80, -69, -69, -70]), ('b8:27:eb:63:a1:e3', [-60, -71, -66, -60, -60, -76])]
08:38:44.990839,(-64,-59,-66),(-60,-40,-81),(-64,-49,-71),(-84,-73,-94),(-70,-55,-82),(-63,-57,-67)
[('b8:27:eb:b6:43:f8', [-66, -65, -64, -63, -65, -59]), ('b8:27:eb:d3:4c:7f', [-60, -65, -67, -81, -45, -40, -68, -51]), ('b8:27:eb:cd:4b:81', [-71, -66, -71, -61, -67, -62, -49, -64]), ('b8:27:eb:ee:32:b8', [-80, -94, -88, -73]), ('b8:27:eb:e7:50:37', [-73, -82, -62, -69, -75, -55]), ('b8:27:eb:63:a1:e3', [-62, -62, -63, -57, -64, -60, -67])]
08:38:46.884328,(-61,-49,-69),(-58,-44,-64),(-59,-49,-74),(-83,-75,-92),(-71,-59,-78),(-64,-48,-81)
[('b8:27:eb:b6:43:f8', [-60, -49, -59, -67, -54, -66, -69]), ('b8:27:eb:d3:4c:7f', [-54, -44, -61, -64, -61, -62, -58]), ('b8:27:eb:cd:4b:81', [-64, -50, -61, -61, -49, -49, -74, -69, -49]), ('b8:27:eb:ee:32:b8', [-92, -85, -77, -75]), ('b8:27:eb:e7:50:37', [-59, -77, -65, -74, -66, -78, -69, -74]), ('b8:27:eb:63:a1:e3', [-81, -68, -58, -59, -64, -64, -48])]
08:38:48.781008,(-63,-58,-75),(-59,-48,-68),(-63,-48,-79),(-85,-71,-93),(-73,-63,-78),(-58,-48,-71)
[('b8:27:eb:b6:43:f8', [-59, -62, -58, -65, -75, -60, -59, -66]), ('b8:27:eb:d3:4c:7f', [-53, -61, -48, -58, -65, -68, -50, -67, -59]), ('b8:27:eb:cd:4b:81', [-48, -62, -53, -66, -59, -63, -79, -68]), ('b8:27:eb:ee:32:b8', [-80, -82, -90, -89, -71, -93]), ('b8:27:eb:e7:50:37', [-76, -76, -73, -78, -69, -63]), ('b8:27:eb:63:a1:e3', [-56, -51, -68, -48, -71, -52])]
08:38:50.677146,(-65,-50,-69),(-63,-47,-74),(-59,-49,-69),(-85,-76,-93),(-77,-64,-85),(-60,-49,-70)
[('b8:27:eb:b6:43:f8', [-66, -50, -68, -69, -69, -69, -57, -67]), ('b8:27:eb:d3:4c:7f', [-54, -54, -65, -47, -64, -73, -70, -66, -74]), ('b8:27:eb:cd:4b:81', [-54, -54, -49, -65, -60, -69]), ('b8:27:eb:ee:32:b8', [-84, -76, -93, -82, -87]), ('b8:27:eb:e7:50:37', [-72, -82, -79, -74, -85, -79, -64]), ('b8:27:eb:63:a1:e3', [-49, -50, -69, -62, -70, -55, -53, -68])]
08:38:52.587530,(-66,-53,-78),(-66,-54,-76),(-59,-45,-75),(-91,-83,-99),(-67,-59,-73),(-68,-62,-75)
[('b8:27:eb:b6:43:f8', [-53, -78, -74, -62, -63]), ('b8:27:eb:d3:4c:7f', [-76, -54, -66, -74, -68, -58, -67, -58, -66]), ('b8:27:eb:cd:4b:81', [-47, -71, -63, -75, -45, -48, -60]), ('b8:27:eb:ee:32:b8', [-83, -99, -95, -86]), ('b8:27:eb:e7:50:37', [-62, -71, -68, -73, -67, -71, -59, -61]), ('b8:27:eb:63:a1:e3', [-65, -75, -62, -68, -68, -66, -71])]
08:38:54.511190,(-66,-53,-78),(-66,-61,-70),(-57,-43,-67),(-87,-77,-97),(-75,-63,-80),(-65,-55,-71)
[('b8:27:eb:b6:43:f8', [-53, -67, -64, -63, -61, -75, -62, -66, -78, -67]), ('b8:27:eb:d3:4c:7f', [-61, -70, -65, -66, -66]), ('b8:27:eb:cd:4b:81', [-67, -61, -56, -43]), ('b8:27:eb:ee:32:b8', [-77, -84, -97, -92, -83]), ('b8:27:eb:e7:50:37', [-75, -77, -70, -77, -75, -77, -63, -80]), ('b8:27:eb:63:a1:e3', [-55, -71, -62, -69, -62, -67])]
08:38:56.410006,(-64,-47,-70),(-59,-52,-63),(-61,-47,-77),(-89,-86,-90),(-75,-60,-87),(-71,-66,-74)
[('b8:27:eb:b6:43:f8', [-47, -67, -70, -66, -68]), ('b8:27:eb:d3:4c:7f', [-53, -63, -62, -63, -58, -52, -56]), ('b8:27:eb:cd:4b:81', [-52, -47, -54, -62, -77, -73]), ('b8:27:eb:ee:32:b8', [-90, -86, -89, -88]), ('b8:27:eb:e7:50:37', [-79, -87, -60, -79, -78, -66, -75]), ('b8:27:eb:63:a1:e3', [-72, -74, -70, -68, -72, -66, -70])]
08:38:58.318771,(-62,-48,-69),(-60,-47,-69),(-67,-50,-74),(-90,-87,-93),(-71,-60,-78),(-64,-49,-74)
[('b8:27:eb:b6:43:f8', [-68, -68, -63, -69, -52, -48, -61]), ('b8:27:eb:d3:4c:7f', [-65, -55, -69, -59, -60, -47]), ('b8:27:eb:cd:4b:81', [-50, -66, -74, -71, -66, -74]), ('b8:27:eb:ee:32:b8', [-87, -93]), ('b8:27:eb:e7:50:37', [-72, -60, -74, -78, -67]), ('b8:27:eb:63:a1:e3', [-60, -74, -69, -62, -74, -71, -49, -51])]
08:39:00.218859,(-60,-50,-65),(-61,-47,-71),(-58,-47,-74),(-87,-82,-91),(-77,-58,-92),(-58,-46,-70)
[('b8:27:eb:b6:43:f8', [-60, -60, -63, -65, -58, -63, -60, -50]), ('b8:27:eb:d3:4c:7f', [-54, -68, -60, -58, -61, -62, -59, -71, -64, -47]), ('b8:27:eb:cd:4b:81', [-74, -47, -54, -64, -56, -64, -47]), ('b8:27:eb:ee:32:b8', [-83, -82, -91, -91]), ('b8:27:eb:e7:50:37', [-84, -77, -72, -81, -58, -92, -76, -74]), ('b8:27:eb:63:a1:e3', [-48, -67, -70, -60, -50, -46, -63, -63, -53])]
08:39:02.111658,(-65,-57,-78),(-59,-44,-68),(-60,-51,-66),(-86,-82,-90),(-68,-55,-78),(-59,-45,-81)
[('b8:27:eb:b6:43:f8', [-77, -72, -78, -61, -58, -59, -60, -61, -57, -64]), ('b8:27:eb:d3:4c:7f', [-68, -66, -55, -63, -58, -44, -63, -48]), ('b8:27:eb:cd:4b:81', [-56, -65, -51, -63, -60, -61, -66, -57]), ('b8:27:eb:ee:32:b8', [-84, -82, -90, -85, -87]), ('b8:27:eb:e7:50:37', [-76, -78, -55, -71, -67, -66, -56, -72]), ('b8:27:eb:63:a1:e3', [-47, -50, -81, -59, -78, -59, -45, -59, -52])]
08:39:04.007915,(-56,-46,-70),(-59,-47,-72),(-59,-48,-72),(-87,-77,-97),(-68,-55,-81),(-55,-49,-64)
[('b8:27:eb:b6:43:f8', [-57, -48, -59, -51, -55, -57, -46, -70]), ('b8:27:eb:d3:4c:7f', [-59, -56, -47, -51, -61, -57, -49, -72, -64, -67]), ('b8:27:eb:cd:4b:81', [-63, -69, -72, -50, -52, -64, -48, -50]), ('b8:27:eb:ee:32:b8', [-82, -77, -97, -92]), ('b8:27:eb:e7:50:37', [-55, -62, -69, -81, -62, -74, -67]), ('b8:27:eb:63:a1:e3', [-49, -52, -61, -49, -53, -64])]
08:39:05.912556,(-64,-46,-77),(-60,-51,-65),(-59,-46,-69),(-79,-72,-86),(-73,-63,-80),(-66,-51,-76)
[('b8:27:eb:b6:43:f8', [-46, -65, -67, -69, -75, -67, -77, -57, -51]), ('b8:27:eb:d3:4c:7f', [-55, -51, -61, -61, -64, -65, -57]), ('b8:27:eb:cd:4b:81', [-64, -50, -65, -65, -46, -69, -51]), ('b8:27:eb:ee:32:b8', [-86, -72]), ('b8:27:eb:e7:50:37', [-74, -80, -69, -76, -72, -63, -77]), ('b8:27:eb:63:a1:e3', [-65, -72, -69, -70, -55, -51, -76])]
08:39:07.812599,(-66,-51,-72),(-69,-52,-84),(-61,-53,-72),(-86,-79,-90),(-76,-67,-81),(-68,-53,-78)
[('b8:27:eb:b6:43:f8', [-72, -71, -69, -63, -51, -65, -68]), ('b8:27:eb:d3:4c:7f', [-84, -70, -68, -70, -62, -52, -63, -77]), ('b8:27:eb:cd:4b:81', [-53, -53, -64, -59, -60, -72]), ('b8:27:eb:ee:32:b8', [-79, -89, -90, -85]), ('b8:27:eb:e7:50:37', [-80, -71, -72, -78, -67, -73, -80, -81]), ('b8:27:eb:63:a1:e3', [-71, -74, -73, -78, -60, -62, -53, -67])]
08:39:09.731826,(-61,-45,-76),(-60,-45,-71),(-63,-52,-71),(-90,-80,-95),(-79,-73,-85),(-70,-63,-74)
[('b8:27:eb:b6:43:f8', [-51, -58, -58, -45, -76, -69, -57, -68]), ('b8:27:eb:d3:4c:7f', [-63, -58, -45, -71, -56, -48, -70, -67]), ('b8:27:eb:cd:4b:81', [-56, -52, -71, -69, -69, -57, -55, -71]), ('b8:27:eb:ee:32:b8', [-80, -94, -95]), ('b8:27:eb:e7:50:37', [-76, -85, -77, -77, -73, -83, -79]), ('b8:27:eb:63:a1:e3', [-70, -74, -71, -71, -68, -70, -66, -63])]
08:39:11.624327,(-66,-55,-76),(-62,-46,-69),(-65,-59,-73),(-89,-85,-91),(-73,-59,-81),(-66,-53,-75)
[('b8:27:eb:b6:43:f8', [-67, -70, -66, -55, -61, -63, -76]), ('b8:27:eb:d3:4c:7f', [-68, -69, -65, -46, -54, -62, -67]), ('b8:27:eb:cd:4b:81', [-64, -65, -73, -65, -62, -61, -59]), ('b8:27:eb:ee:32:b8', [-85, -89, -91, -90, -89]), ('b8:27:eb:e7:50:37', [-81, -74, -74, -73, -72, -59, -72]), ('b8:27:eb:63:a1:e3', [-68, -66, -53, -64, -75, -73, -63, -63, -66])]
08:39:13.519614,(-72,-51,-83),(-63,-54,-71),(-60,-51,-70),(-87,-85,-87),(-72,-59,-76),(-66,-51,-71)
[('b8:27:eb:b6:43:f8', [-75, -51, -83, -68, -69, -78, -68, -82]), ('b8:27:eb:d3:4c:7f', [-71, -54, -68, -56, -55, -67, -67]), ('b8:27:eb:cd:4b:81', [-59, -64, -51, -51, -61, -61, -70, -61, -61]), ('b8:27:eb:ee:32:b8', [-87, -87, -85]), ('b8:27:eb:e7:50:37', [-76, -72, -73, -74, -59, -75, -73]), ('b8:27:eb:63:a1:e3', [-71, -62, -51, -70, -64, -71, -70, -69, -59])]
08:39:15.412881,(-63,-45,-73),(-67,-59,-87),(-67,-53,-73),(-89,-85,-92),(-72,-58,-78),(-58,-45,-72)
[('b8:27:eb:b6:43:f8', [-62, -61, -63, -61, -45, -71, -73, -63]), ('b8:27:eb:d3:4c:7f', [-60, -67, -63, -61, -69, -71, -87, -59, -61]), ('b8:27:eb:cd:4b:81', [-64, -69, -71, -73, -66, -70, -53, -65]), ('b8:27:eb:ee:32:b8', [-92, -89, -89, -87, -85]), ('b8:27:eb:e7:50:37', [-67, -58, -76, -78, -77, -70, -74]), ('b8:27:eb:63:a1:e3', [-72, -60, -50, -56, -53, -61, -62, -45])]
08:39:17.317247,(-64,-58,-71),(-60,-53,-62),(-61,-48,-73),(-85,-75,-92),(-70,-56,-83),(-60,-46,-73)
[('b8:27:eb:b6:43:f8', [-61, -71, -60, -68, -65, -58, -62, -64]), ('b8:27:eb:d3:4c:7f', [-61, -53, -62, -56, -62, -61]), ('b8:27:eb:cd:4b:81', [-61, -61, -53, -63, -69, -73, -48, -59]), ('b8:27:eb:ee:32:b8', [-86, -76, -85, -90, -75, -88, -92]), ('b8:27:eb:e7:50:37', [-70, -74, -56, -61, -70, -83, -79, -57, -74]), ('b8:27:eb:63:a1:e3', [-58, -46, -59, -73, -53, -50, -60, -68, -66])]
08:39:19.223525,(-57,-44,-65),(-51,-44,-57),(-63,-48,-72),(-88,-84,-91),(-74,-58,-83),(-58,-45,-69)
[('b8:27:eb:b6:43:f8', [-44, -63, -64, -57, -65, -49]), ('b8:27:eb:d3:4c:7f', [-54, -44, -57, -44, -56]), ('b8:27:eb:cd:4b:81', [-59, -69, -48, -60, -72, -67, -67, -51, -58, -70]), ('b8:27:eb:ee:32:b8', [-84, -91, -88, -88]), ('b8:27:eb:e7:50:37', [-70, -58, -73, -75, -70, -75, -79, -83, -78, -71]), ('b8:27:eb:63:a1:e3', [-60, -64, -63, -47, -69, -61, -45, -63, -47])]
08:39:21.130527,(-63,-46,-71),(-60,-42,-69),(-59,-48,-67),(-82,-67,-89),(-76,-68,-82),(-61,-52,-68)
[('b8:27:eb:b6:43:f8', [-53, -61, -71, -46, -61, -69, -67, -70]), ('b8:27:eb:d3:4c:7f', [-63, -42, -59, -56, -62, -69, -69, -58]), ('b8:27:eb:cd:4b:81', [-60, -62, -67, -49, -61, -60, -48]), ('b8:27:eb:ee:32:b8', [-72, -87, -87, -84, -67, -89, -82]), ('b8:27:eb:e7:50:37', [-73, -75, -80, -68, -82]), ('b8:27:eb:63:a1:e3', [-60, -67, -61, -68, -57, -55, -52, -64])]
08:39:23.041208,(-65,-46,-78),(-66,-56,-81),(-59,-50,-63),(-86,-80,-90),(-75,-71,-80),(-67,-64,-73)
[('b8:27:eb:b6:43:f8', [-73, -63, -63, -46, -63, -59, -78, -70, -66]), ('b8:27:eb:d3:4c:7f', [-56, -61, -65, -81, -60, -59, -70, -71]), ('b8:27:eb:cd:4b:81', [-58, -62, -61, -62, -63, -56, -53, -50]), ('b8:27:eb:ee:32:b8', [-84, -88, -86, -90, -80, -88]), ('b8:27:eb:e7:50:37', [-74, -78, -73, -80, -72, -71, -75, -71]), ('b8:27:eb:63:a1:e3', [-64, -67, -73, -64])]
08:39:24.944839,(-68,-47,-77),(-60,-46,-69),(-63,-51,-69),(-86,-73,-95),(-77,-62,-88),(-61,-50,-67)
[('b8:27:eb:b6:43:f8', [-66, -71, -77, -76, -63, -47, -63, -74]), ('b8:27:eb:d3:4c:7f', [-67, -46, -49, -64, -69, -57, -65]), ('b8:27:eb:cd:4b:81', [-63, -62, -64, -51, -66, -63, -69, -65]), ('b8:27:eb:ee:32:b8', [-95, -79, -87, -86, -73, -83, -92, -86]), ('b8:27:eb:e7:50:37', [-73, -62, -85, -88, -85, -71, -72]), ('b8:27:eb:63:a1:e3', [-63, -66, -52, -67, -62, -62, -50])]
08:39:26.832370,(-65,-53,-78),(-66,-59,-73),(-56,-43,-72),(-87,-82,-90),(-72,-61,-78),(-71,-58,-86)
[('b8:27:eb:b6:43:f8', [-61, -71, -63, -65, -66, -78, -57, -53, -63]), ('b8:27:eb:d3:4c:7f', [-63, -73, -73, -64, -59, -59, -66]), ('b8:27:eb:cd:4b:81', [-53, -72, -59, -43, -59, -46, -54, -58]), ('b8:27:eb:ee:32:b8', [-90, -88, -82, -87, -85]), ('b8:27:eb:e7:50:37', [-61, -78, -76]), ('b8:27:eb:63:a1:e3', [-73, -66, -74, -71, -58, -66, -71, -66, -86, -77])]
08:39:28.728738,(-65,-51,-76),(-57,-43,-69),(-56,-41,-67),(-86,-77,-89),(-79,-74,-84),(-66,-54,-76)
[('b8:27:eb:b6:43:f8', [-66, -51, -67, -65, -66, -71, -58, -76]), ('b8:27:eb:d3:4c:7f', [-43, -47, -65, -69, -47, -59, -56, -67, -53]), ('b8:27:eb:cd:4b:81', [-58, -57, -41, -67, -59, -59, -54, -47]), ('b8:27:eb:ee:32:b8', [-89, -89, -86, -77]), ('b8:27:eb:e7:50:37', [-81, -78, -84, -75, -74, -80]), ('b8:27:eb:63:a1:e3', [-60, -67, -54, -60, -71, -68, -76])]
08:39:30.630411,(-61,-53,-72),(-60,-51,-65),(-60,-45,-70),(-85,-77,-90),(-77,-72,-84),(-72,-65,-85)
[('b8:27:eb:b6:43:f8', [-53, -58, -72, -57, -60, -56, -54, -64, -69]), ('b8:27:eb:d3:4c:7f', [-64, -65, -65, -52, -62, -57, -51, -62, -54]), ('b8:27:eb:cd:4b:81', [-69, -45, -53, -70]), ('b8:27:eb:ee:32:b8', [-77, -90, -87]), ('b8:27:eb:e7:50:37', [-78, -78, -84, -72, -74, -75, -77]), ('b8:27:eb:63:a1:e3', [-68, -71, -67, -85, -65, -71, -68, -76])]
08:39:32.537588,(-68,-57,-82),(-67,-51,-79),(-70,-55,-87),(-87,-77,-95),(-77,-68,-89),(-73,-64,-79)
[('b8:27:eb:b6:43:f8', [-76, -72, -57, -82, -65, -57, -62]), ('b8:27:eb:d3:4c:7f', [-72, -65, -79, -68, -62, -66, -72, -51]), ('b8:27:eb:cd:4b:81', [-55, -67, -65, -73, -87, -61, -68, -71, -75]), ('b8:27:eb:ee:32:b8', [-92, -80, -90, -93, -87, -95, -81, -77]), ('b8:27:eb:e7:50:37', [-89, -76, -71, -76, -73, -81, -68]), ('b8:27:eb:63:a1:e3', [-79, -75, -72, -64, -74, -70])]
08:39:34.447888,(-61,-51,-68),(-66,-57,-71),(-69,-57,-80),(-91,-84,-96),(-71,-57,-79),(-69,-55,-82)
[('b8:27:eb:b6:43:f8', [-51, -64, -59, -63, -66, -51, -59, -62, -68]), ('b8:27:eb:d3:4c:7f', [-57, -70, -67, -68, -71, -63]), ('b8:27:eb:cd:4b:81', [-59, -57, -67, -77, -72, -80, -70]), ('b8:27:eb:ee:32:b8', [-89, -84, -95, -96, -88]), ('b8:27:eb:e7:50:37', [-62, -79, -70, -77, -73, -57, -66, -77]), ('b8:27:eb:63:a1:e3', [-82, -70, -67, -55, -76, -65, -63, -74, -68, -70])]
08:39:36.340273,(-59,-45,-77),(-63,-51,-71),(-62,-47,-75),(-85,-75,-93),(-73,-59,-86),(-58,-47,-68)
[('b8:27:eb:b6:43:f8', [-77, -57, -54, -45]), ('b8:27:eb:d3:4c:7f', [-64, -71, -51, -63, -66, -62, -63, -64]), ('b8:27:eb:cd:4b:81', [-75, -63, -65, -47, -67, -58, -60, -57, -63]), ('b8:27:eb:ee:32:b8', [-80, -86, -93, -75, -82, -91]), ('b8:27:eb:e7:50:37', [-59, -68, -71, -72, -73, -77, -86]), ('b8:27:eb:63:a1:e3', [-51, -51, -68, -62, -64, -60, -47])]
08:39:38.264674,(-60,-48,-66),(-64,-57,-75),(-60,-44,-74),(-88,-82,-94),(-72,-60,-83),(-62,-47,-73)
[('b8:27:eb:b6:43:f8', [-65, -61, -48, -66]), ('b8:27:eb:d3:4c:7f', [-61, -61, -57, -75, -62]), ('b8:27:eb:cd:4b:81', [-67, -62, -65, -66, -50, -74, -65, -44, -47]), ('b8:27:eb:ee:32:b8', [-86, -90, -93, -86, -82, -85, -94, -85, -85]), ('b8:27:eb:e7:50:37', [-78, -75, -82, -60, -60, -83, -61]), ('b8:27:eb:63:a1:e3', [-53, -47, -60, -61, -61, -58, -63, -73, -67, -68])]
08:39:40.157663,(-62,-41,-77),(-57,-44,-65),(-58,-49,-65),(-85,-78,-94),(-75,-71,-82),(-62,-46,-69)
[('b8:27:eb:b6:43:f8', [-65, -62, -68, -57, -41, -74, -43, -77, -63]), ('b8:27:eb:d3:4c:7f', [-44, -53, -63, -65, -48, -62, -61]), ('b8:27:eb:cd:4b:81', [-64, -49, -59, -50, -65, -61]), ('b8:27:eb:ee:32:b8', [-85, -80, -90, -94, -81, -78]), ('b8:27:eb:e7:50:37', [-82, -71, -71, -75, -75, -81, -71, -71, -75]), ('b8:27:eb:63:a1:e3', [-69, -64, -68, -64, -61, -46, -58])]
08:39:42.059472,(-63,-48,-71),(-62,-51,-72),(-57,-44,-63),(-90,-83,-97),(-69,-55,-85),(-64,-53,-80)
[('b8:27:eb:b6:43:f8', [-61, -48, -67, -71, -64]), ('b8:27:eb:d3:4c:7f', [-65, -70, -53, -67, -61, -51, -56, -59, -72]), ('b8:27:eb:cd:4b:81', [-49, -61, -63, -50, -61, -62, -44, -61]), ('b8:27:eb:ee:32:b8', [-92, -91, -85, -90, -83, -97]), ('b8:27:eb:e7:50:37', [-55, -58, -58, -74, -72, -85, -81]), ('b8:27:eb:63:a1:e3', [-56, -80, -64, -65, -65, -53, -61])]
08:39:43.984366,(-68,-55,-77),(-62,-49,-74),(-61,-54,-65),(-84,-77,-91),(-73,-63,-82),(-67,-57,-73)
[('b8:27:eb:b6:43:f8', [-70, -68, -75, -65, -55, -67, -68, -62, -77, -66]), ('b8:27:eb:d3:4c:7f', [-58, -65, -57, -70, -74, -61, -49]), ('b8:27:eb:cd:4b:81', [-60, -61, -60, -65, -58, -54, -64]), ('b8:27:eb:ee:32:b8', [-80, -87, -89, -77, -88, -85, -77, -79, -91]), ('b8:27:eb:e7:50:37', [-75, -79, -74, -67, -67, -63, -82]), ('b8:27:eb:63:a1:e3', [-73, -70, -68, -57])]
08:39:45.882789,(-64,-46,-73),(-69,-61,-73),(-68,-65,-71),(-88,-83,-93),(-77,-62,-84),(-68,-56,-85)
[('b8:27:eb:b6:43:f8', [-69, -66, -46, -73, -61, -63, -70]), ('b8:27:eb:d3:4c:7f', [-61, -68, -73, -69, -73]), ('b8:27:eb:cd:4b:81', [-71, -67, -66, -65]), ('b8:27:eb:ee:32:b8', [-83, -84, -93, -92]), ('b8:27:eb:e7:50:37', [-83, -62, -84, -70, -84, -78]), ('b8:27:eb:63:a1:e3', [-67, -71, -85, -66, -56, -58, -70, -70])]
