08:32:28.756605,(-70,-60,-75),(-50,-37,-59),(-63,-49,-76),(-83,-72,-88),(-71,-60,-81),(-61,-51,-75)
[('b8:27:eb:b6:43:f8', [-60, -75, -73, -67, -69, -72, -68, -69]), ('b8:27:eb:d3:4c:7f', [-40, -39, -59, -54, -55, -53, -53, -54, -37]), ('b8:27:eb:cd:4b:81', [-76, -64, -64, -70, -66, -51, -49]), ('b8:27:eb:ee:32:b8', [-84, -88, -72, -87]), ('b8:27:eb:e7:50:37', [-73, -60, -81, -74, -67, -69, -75, -72, -77, -61]), ('b8:27:eb:63:a1:e3', [-57, -75, -60, -65, -51, -60, -56, -57])]
08:32:30.650749,(-65,-55,-81),(-53,-37,-68),(-59,-46,-72),(-89,-85,-97),(-73,-67,-82),(-52,-43,-64)
[('b8:27:eb:b6:43:f8', [-55, -68, -55, -65, -81, -63]), ('b8:27:eb:d3:4c:7f', [-37, -54, -57, -51, -56, -56, -68, -55, -39]), ('b8:27:eb:cd:4b:81', [-72, -68, -53, -46, -55]), ('b8:27:eb:ee:32:b8', [-85, -91, -86, -86, -97, -88, -89]), ('b8:27:eb:e7:50:37', [-74, -70, -74, -67, -72, -82, -72]), ('b8:27:eb:63:a1:e3', [-43, -48, -64, -58, -57, -45, -47, -51])]
08:32:32.549734,(-65,-48,-74),(-50,-39,-61),(-53,-42,-65),(-84,-76,-90),(-77,-68,-85),(-67,-56,-75)
[('b8:27:eb:b6:43:f8', [-73, -59, -73, -48, -74, -58]), ('b8:27:eb:d3:4c:7f', [-51, -45, -53, -52, -39, -61, -42, -55, -50]), ('b8:27:eb:cd:4b:81', [-42, -47, -59, -43, -58, -57, -65]), ('b8:27:eb:ee:32:b8', [-90, -76, -84]), ('b8:27:eb:e7:50:37', [-72, -85, -83, -73, -82, -68, -74, -73]), ('b8:27:eb:63:a1:e3', [-64, -69, -75, -73, -56, -69, -63, -62, -64])]
08:32:34.445593,(-62,-49,-71),(-47,-35,-55),(-51,-39,-54),(-81,-73,-86),(-80,-75,-86),(-68,-54,-81)
[('b8:27:eb:b6:43:f8', [-71, -63, -69, -54, -49, -65, -59, -63]), ('b8:27:eb:d3:4c:7f', [-52, -38, -52, -54, -37, -55, -52, -35]), ('b8:27:eb:cd:4b:81', [-39, -50, -54, -52, -54, -51, -52]), ('b8:27:eb:ee:32:b8', [-73, -86, -78, -85, -77, -82]), ('b8:27:eb:e7:50:37', [-75, -77, -75, -84, -81, -86, -78]), ('b8:27:eb:63:a1:e3', [-81, -67, -68, -74, -68, -58, -70, -54])]
08:32:36.364548,(-65,-49,-72),(-46,-32,-53),(-41,-31,-52),(-86,-84,-89),(-82,-76,-89),(-73,-68,-79)
[('b8:27:eb:b6:43:f8', [-64, -64, -63, -66, -49, -65, -66, -61, -72, -72]), ('b8:27:eb:d3:4c:7f', [-49, -48, -48, -48, -32, -47, -53, -34, -51]), ('b8:27:eb:cd:4b:81', [-38, -36, -50, -52, -38, -37, -31]), ('b8:27:eb:ee:32:b8', [-89, -84, -85]), ('b8:27:eb:e7:50:37', [-88, -89, -85, -78, -78, -78, -76, -81]), ('b8:27:eb:63:a1:e3', [-68, -74, -73, -69, -79, -70, -75])]
08:32:38.263760,(-72,-66,-78),(-43,-32,-53),(-45,-38,-52),(-83,-74,-89),(-72,-59,-78),(-66,-53,-83)
[('b8:27:eb:b6:43:f8', [-72, -66, -68, -69, -74, -69, -73, -78]), ('b8:27:eb:d3:4c:7f', [-49, -48, -53, -33, -35, -34, -32, -47, -51]), ('b8:27:eb:cd:4b:81', [-39, -52, -38, -51, -45]), ('b8:27:eb:ee:32:b8', [-86, -87, -74, -74, -89, -81, -84]), ('b8:27:eb:e7:50:37', [-78, -76, -68, -59, -71, -76]), ('b8:27:eb:63:a1:e3', [-53, -57, -83, -69, -71, -56, -72])]
08:32:40.148462,(-68,-55,-81),(-47,-33,-59),(-56,-41,-69),(-84,-69,-92),(-74,-69,-80),(-66,-60,-69)
[('b8:27:eb:b6:43:f8', [-71, -69, -62, -81, -55, -62, -65, -76]), ('b8:27:eb:d3:4c:7f', [-48, -33, -37, -51, -53, -59]), ('b8:27:eb:cd:4b:81', [-57, -59, -41, -54, -56, -54, -56, -57, -54, -69]), ('b8:27:eb:ee:32:b8', [-91, -91, -80, -84, -92, -69, -75]), ('b8:27:eb:e7:50:37', [-69, -74, -78, -69, -72, -70, -80]), ('b8:27:eb:63:a1:e3', [-66, -62, -67, -60, -68, -69])]
08:32:42.038477,(-64,-51,-72),(-63,-47,-82),(-51,-40,-58),(-81,-72,-90),(-72,-60,-82),(-62,-47,-71)
[('b8:27:eb:b6:43:f8', [-70, -51, -59, -72, -66]), ('b8:27:eb:d3:4c:7f', [-47, -82, -65, -66, -69, -50, -59, -61, -62]), ('b8:27:eb:cd:4b:81', [-52, -55, -55, -58, -51, -40, -40, -55]), ('b8:27:eb:ee:32:b8', [-77, -81, -72, -77, -83, -90, -83, -80]), ('b8:27:eb:e7:50:37', [-60, -73, -82, -61, -73, -68, -74, -80]), ('b8:27:eb:63:a1:e3', [-70, -52, -63, -71, -47, -64, -63, -66])]
08:32:43.954637,(-70,-51,-86),(-53,-42,-61),(-50,-40,-55),(-86,-72,-95),(-68,-56,-84),(-66,-52,-72)
[('b8:27:eb:b6:43:f8', [-69, -51, -72, -67, -86, -67, -71, -74]), ('b8:27:eb:d3:4c:7f', [-58, -59, -55, -47, -44, -45, -59, -61, -42]), ('b8:27:eb:cd:4b:81', [-43, -40, -55, -55, -52, -55, -41, -54, -53]), ('b8:27:eb:ee:32:b8', [-79, -91, -95, -72, -83, -85, -84, -85, -94]), ('b8:27:eb:e7:50:37', [-58, -59, -73, -68, -62, -72, -84, -56, -76]), ('b8:27:eb:63:a1:e3', [-52, -67, -66, -67, -63, -69, -72])]
08:32:45.847781,(-66,-52,-70),(-52,-38,-58),(-57,-47,-67),(-81,-71,-87),(-72,-58,-79),(-62,-55,-69)
[('b8:27:eb:b6:43:f8', [-69, -63, -70, -52, -70, -69]), ('b8:27:eb:d3:4c:7f', [-58, -54, -55, -54, -38, -55, -53, -55, -40]), ('b8:27:eb:cd:4b:81', [-56, -55, -64, -54, -47, -58, -67, -52]), ('b8:27:eb:ee:32:b8', [-72, -84, -82, -82, -71, -83, -87, -81]), ('b8:27:eb:e7:50:37', [-71, -79, -76, -74, -58, -72, -64, -72, -77]), ('b8:27:eb:63:a1:e3', [-63, -69, -59, -63, -61, -61, -59, -55])]
08:32:47.749648,(-70,-52,-87),(-50,-38,-55),(-62,-51,-68),(-80,-72,-87),(-70,-58,-74),(-56,-45,-65)
[('b8:27:eb:b6:43:f8', [-66, -59, -52, -54, -69, -81, -86, -87]), ('b8:27:eb:d3:4c:7f', [-50, -53, -49, -53, -40, -55, -54, -52, -38]), ('b8:27:eb:cd:4b:81', [-57, -66, -60, -63, -60, -68, -67, -51]), ('b8:27:eb:ee:32:b8', [-86, -73, -86, -72, -78, -75, -87]), ('b8:27:eb:e7:50:37', [-71, -58, -67, -71, -72, -73, -74]), ('b8:27:eb:63:a1:e3', [-63, -56, -48, -49, -45, -65, -63, -59])]
08:32:49.650855,(-67,-52,-84),(-56,-41,-63),(-66,-63,-72),(-84,-75,-90),(-69,-55,-80),(-55,-46,-69)
[('b8:27:eb:b6:43:f8', [-79, -84, -68, -71, -57, -52, -63, -62]), ('b8:27:eb:d3:4c:7f', [-55, -56, -59, -41, -51, -63, -57, -57, -59]), ('b8:27:eb:cd:4b:81', [-64, -72, -63, -67, -64]), ('b8:27:eb:ee:32:b8', [-84, -82, -90, -75, -84, -87]), ('b8:27:eb:e7:50:37', [-66, -55, -68, -74, -80, -67, -62, -76]), ('b8:27:eb:63:a1:e3', [-47, -69, -46, -63, -47])]
08:32:51.560791,(-64,-51,-72),(-46,-36,-72),(-52,-37,-70),(-87,-84,-89),(-72,-59,-78),(-61,-48,-73)
[('b8:27:eb:b6:43:f8', [-59, -51, -72, -68, -70]), ('b8:27:eb:d3:4c:7f', [-40, -72, -55, -39, -50, -37, -36, -36]), ('b8:27:eb:cd:4b:81', [-70, -62, -53, -40, -37, -56, -38, -54]), ('b8:27:eb:ee:32:b8', [-89, -89, -84, -85]), ('b8:27:eb:e7:50:37', [-67, -73, -78, -59, -77, -76, -68, -71]), ('b8:27:eb:63:a1:e3', [-59, -60, -51, -62, -63, -73, -66, -48])]
08:32:53.465466,(-67,-59,-86),(-49,-46,-51),(-46,-35,-51),(-84,-74,-92),(-79,-66,-98),(-68,-58,-76)
[('b8:27:eb:b6:43:f8', [-63, -62, -59, -61, -72, -62, -86, -68]), ('b8:27:eb:d3:4c:7f', [-50, -46, -51, -48, -46, -50, -50, -47]), ('b8:27:eb:cd:4b:81', [-51, -47, -47, -35, -42, -49, -49]), ('b8:27:eb:ee:32:b8', [-78, -92, -74, -84, -81, -90, -85]), ('b8:27:eb:e7:50:37', [-66, -82, -68, -76, -82, -80, -80, -77, -98]), ('b8:27:eb:63:a1:e3', [-65, -58, -69, -76, -67, -67, -72, -76, -65, -64])]
08:32:55.363039,(-65,-52,-79),(-45,-34,-52),(-48,-38,-61),(-85,-74,-95),(-78,-71,-93),(-61,-46,-80)
[('b8:27:eb:b6:43:f8', [-70, -65, -52, -62, -79, -69, -57]), ('b8:27:eb:d3:4c:7f', [-47, -47, -50, -34, -47, -34, -52, -43]), ('b8:27:eb:cd:4b:81', [-38, -51, -45, -61, -59, -41, -40, -42]), ('b8:27:eb:ee:32:b8', [-95, -78, -85, -93, -74, -84]), ('b8:27:eb:e7:50:37', [-93, -77, -72, -74, -71]), ('b8:27:eb:63:a1:e3', [-80, -63, -75, -65, -51, -62, -46, -48, -58])]
08:32:57.293277,(-63,-52,-74),(-63,-51,-92),(-46,-35,-54),(-81,-72,-92),(-69,-60,-76),(-58,-49,-60)
[('b8:27:eb:b6:43:f8', [-64, -67, -74, -62, -53, -67, -63, -65, -52]), ('b8:27:eb:d3:4c:7f', [-92, -51, -53, -56, -55, -59, -66, -65]), ('b8:27:eb:cd:4b:81', [-54, -39, -52, -51, -35, -52, -38]), ('b8:27:eb:ee:32:b8', [-76, -78, -82, -92, -79, -72, -79, -89]), ('b8:27:eb:e7:50:37', [-72, -61, -60, -71, -71, -76, -72]), ('b8:27:eb:63:a1:e3', [-59, -59, -49, -60, -58, -58, -58, -56])]
08:32:59.202146,(-66,-56,-75),(-61,-47,-79),(-48,-38,-53),(-79,-73,-86),(-72,-58,-75),(-65,-50,-78)
[('b8:27:eb:b6:43:f8', [-56, -68, -75, -62, -63, -64, -69]), ('b8:27:eb:d3:4c:7f', [-51, -49, -48, -65, -71, -47, -57, -74, -79]), ('b8:27:eb:cd:4b:81', [-52, -50, -38, -38, -52, -51, -53]), ('b8:27:eb:ee:32:b8', [-73, -74, -86, -82]), ('b8:27:eb:e7:50:37', [-74, -72, -75, -75, -74, -58]), ('b8:27:eb:63:a1:e3', [-65, -63, -50, -59, -78, -67, -73, -62])]
08:33:01.091708,(-66,-51,-77),(-63,-52,-71),(-47,-35,-54),(-80,-70,-84),(-70,-60,-78),(-68,-55,-77)
[('b8:27:eb:b6:43:f8', [-70, -51, -77, -52, -58, -66, -76, -66, -72]), ('b8:27:eb:d3:4c:7f', [-71, -62, -52, -64, -66, -60, -64, -64]), ('b8:27:eb:cd:4b:81', [-35, -52, -53, -54, -54, -50, -41, -37, -39]), ('b8:27:eb:ee:32:b8', [-82, -82, -70, -82, -84]), ('b8:27:eb:e7:50:37', [-73, -78, -72, -60, -69, -61, -69, -74]), ('b8:27:eb:63:a1:e3', [-71, -69, -72, -60, -69, -65, -77, -55])]
08:33:03.010762,(-64,-47,-78),(-61,-55,-67),(-56,-41,-72),(-75,-69,-83),(-76,-62,-85),(-63,-58,-74)
[('b8:27:eb:b6:43:f8', [-64, -47, -59, -63, -72, -60, -78]), ('b8:27:eb:d3:4c:7f', [-67, -56, -55, -65, -60, -59]), ('b8:27:eb:cd:4b:81', [-55, -56, -55, -57, -55, -58, -46, -60, -72, -41]), ('b8:27:eb:ee:32:b8', [-74, -69, -83, -69, -81, -72]), ('b8:27:eb:e7:50:37', [-77, -79, -76, -85, -73, -62]), ('b8:27:eb:63:a1:e3', [-74, -61, -61, -58, -63, -60])]
08:33:04.924095,(-69,-57,-76),(-56,-42,-60),(-57,-43,-61),(-78,-71,-84),(-72,-59,-86),(-62,-55,-68)
[('b8:27:eb:b6:43:f8', [-72, -76, -71, -57, -66, -69, -69]), ('b8:27:eb:d3:4c:7f', [-55, -55, -42, -60, -56, -56, -58, -60]), ('b8:27:eb:cd:4b:81', [-54, -54, -58, -60, -60, -43, -59, -61]), ('b8:27:eb:ee:32:b8', [-84, -82, -71, -73, -83, -74]), ('b8:27:eb:e7:50:37', [-62, -78, -73, -72, -59, -86, -70]), ('b8:27:eb:63:a1:e3', [-62, -61, -61, -61, -55, -68])]
08:33:06.815344,(-68,-55,-72),(-56,-40,-68),(-65,-55,-75),(-80,-75,-82),(-70,-57,-78),(-58,-46,-65)
[('b8:27:eb:b6:43:f8', [-55, -68, -71, -68, -70, -64, -66, -70, -72, -71]), ('b8:27:eb:d3:4c:7f', [-59, -54, -56, -58, -57, -40, -68]), ('b8:27:eb:cd:4b:81', [-69, -65, -63, -55, -64, -66, -63, -75, -67, -61]), ('b8:27:eb:ee:32:b8', [-80, -75, -81, -79, -82]), ('b8:27:eb:e7:50:37', [-57, -60, -71, -76, -77, -78, -61, -74]), ('b8:27:eb:63:a1:e3', [-65, -62, -46, -63, -49, -63, -59, -55, -55])]
08:33:08.734641,(-70,-60,-76),(-55,-43,-66),(-63,-52,-74),(-88,-80,-96),(-69,-56,-86),(-59,-55,-68)
[('b8:27:eb:b6:43:f8', [-76, -60, -68, -72, -72, -69, -66, -71]), ('b8:27:eb:d3:4c:7f', [-66, -48, -43, -49, -57, -54, -62, -60, -46, -58]), ('b8:27:eb:cd:4b:81', [-54, -56, -62, -65, -74, -52, -74, -66]), ('b8:27:eb:ee:32:b8', [-85, -90, -88, -83, -92, -80, -96, -89]), ('b8:27:eb:e7:50:37', [-68, -86, -68, -60, -72, -75, -75, -60, -56]), ('b8:27:eb:63:a1:e3', [-57, -57, -55, -56, -56, -68, -58])]
08:33:10.640890,(-71,-52,-80),(-62,-53,-75),(-63,-49,-70),(-87,-83,-92),(-70,-53,-86),(-57,-45,-62)
[('b8:27:eb:b6:43:f8', [-75, -69, -52, -80, -70, -77, -71, -68, -72]), ('b8:27:eb:d3:4c:7f', [-53, -56, -58, -66, -61, -75, -64, -62]), ('b8:27:eb:cd:4b:81', [-49, -61, -62, -65, -70, -63, -69, -62]), ('b8:27:eb:ee:32:b8', [-92, -86, -83, -85, -85]), ('b8:27:eb:e7:50:37', [-60, -68, -53, -70, -76, -72, -86, -74]), ('b8:27:eb:63:a1:e3', [-50, -45, -56, -58, -56, -62, -62, -56, -61])]
08:33:12.546550,(-69,-51,-78),(-55,-41,-66),(-62,-45,-70),(-82,-68,-91),(-71,-59,-84),(-59,-50,-64)
[('b8:27:eb:b6:43:f8', [-67, -69, -78, -75, -69, -71, -51]), ('b8:27:eb:d3:4c:7f', [-66, -44, -57, -55, -61, -54, -41, -55]), ('b8:27:eb:cd:4b:81', [-64, -63, -60, -70, -68, -60, -45]), ('b8:27:eb:ee:32:b8', [-89, -91, -79, -68, -81]), ('b8:27:eb:e7:50:37', [-78, -60, -84, -70, -62, -80, -75, -59]), ('b8:27:eb:63:a1:e3', [-64, -59, -50, -61, -61, -60, -53, -58, -62, -62])]
08:33:14.436645,(-66,-59,-69),(-51,-40,-55),(-51,-40,-58),(-83,-75,-91),(-72,-58,-77),(-60,-49,-75)
[('b8:27:eb:b6:43:f8', [-63, -59, -68, -66, -66, -68, -69]), ('b8:27:eb:d3:4c:7f', [-54, -54, -55, -54, -54, -40, -40, -41, -55, -54]), ('b8:27:eb:cd:4b:81', [-50, -55, -58, -55, -41, -54, -40, -52]), ('b8:27:eb:ee:32:b8', [-82, -81, -86, -87, -75, -75, -91]), ('b8:27:eb:e7:50:37', [-58, -76, -74, -70, -73, -72, -73, -77]), ('b8:27:eb:63:a1:e3', [-49, -58, -58, -51, -61, -75, -61, -62, -65])]
08:33:16.344593,(-67,-52,-82),(-44,-34,-51),(-52,-41,-55),(-85,-73,-92),(-78,-68,-88),(-62,-55,-68)
[('b8:27:eb:b6:43:f8', [-68, -69, -52, -68, -60, -82, -70, -67]), ('b8:27:eb:d3:4c:7f', [-49, -49, -50, -35, -34, -36, -51, -51, -37]), ('b8:27:eb:cd:4b:81', [-53, -55, -54, -41, -51, -50, -52, -51, -53, -52]), ('b8:27:eb:ee:32:b8', [-88, -86, -78, -73, -89, -92, -89]), ('b8:27:eb:e7:50:37', [-74, -79, -79, -68, -72, -88, -79, -83]), ('b8:27:eb:63:a1:e3', [-63, -61, -55, -58, -62, -68, -67])]
08:33:18.259462,(-67,-53,-75),(-46,-35,-54),(-50,-36,-57),(-80,-69,-88),(-81,-73,-87),(-67,-60,-74)
[('b8:27:eb:b6:43:f8', [-72, -69, -68, -64, -65, -61, -71, -75, -53]), ('b8:27:eb:d3:4c:7f', [-52, -39, -54, -50, -49, -51, -36, -35]), ('b8:27:eb:cd:4b:81', [-54, -55, -53, -51, -36, -57, -54, -46, -36]), ('b8:27:eb:ee:32:b8', [-73, -69, -78, -87, -81, -81, -83, -88]), ('b8:27:eb:e7:50:37', [-86, -78, -80, -73, -87, -80, -79, -84]), ('b8:27:eb:63:a1:e3', [-60, -68, -66, -74])]
08:33:20.188597,(-65,-57,-72),(-45,-33,-49),(-51,-41,-57),(-85,-76,-92),(-75,-60,-83),(-70,-59,-82)
[('b8:27:eb:b6:43:f8', [-60, -71, -57, -72, -60, -70, -59]), ('b8:27:eb:d3:4c:7f', [-47, -46, -48, -49, -48, -47, -35, -49, -33]), ('b8:27:eb:cd:4b:81', [-53, -41, -56, -57, -44]), ('b8:27:eb:ee:32:b8', [-89, -76, -91, -92, -85, -77]), ('b8:27:eb:e7:50:37', [-60, -72, -83, -79, -81, -72]), ('b8:27:eb:63:a1:e3', [-69, -64, -73, -59, -76, -60, -82, -71])]
08:33:22.087986,(-71,-59,-80),(-47,-33,-55),(-55,-46,-64),(-85,-80,-90),(-70,-60,-79),(-66,-60,-70)
[('b8:27:eb:b6:43:f8', [-80, -75, -70, -59, -68, -76, -68]), ('b8:27:eb:d3:4c:7f', [-39, -49, -55, -50, -33, -50, -47]), ('b8:27:eb:cd:4b:81', [-64, -46, -55, -46, -60, -56, -55, -57]), ('b8:27:eb:ee:32:b8', [-85, -85, -85, -80, -90, -80]), ('b8:27:eb:e7:50:37', [-71, -70, -60, -79, -79, -67, -61]), ('b8:27:eb:63:a1:e3', [-70, -60, -67, -62, -67, -69, -65])]
08:33:24.040724,(-66,-56,-73),(-48,-37,-55),(-52,-41,-59),(-83,-76,-92),(-72,-59,-81),(-61,-57,-65)
[('b8:27:eb:b6:43:f8', [-65, -56, -69, -67, -62, -66, -73, -64]), ('b8:27:eb:d3:4c:7f', [-38, -37, -52, -42, -54, -55, -55, -53, -54, -40]), ('b8:27:eb:cd:4b:81', [-56, -41, -59, -58, -44, -55, -43, -55]), ('b8:27:eb:ee:32:b8', [-82, -92, -76, -77, -85, -85, -81, -83]), ('b8:27:eb:e7:50:37', [-59, -81, -71, -72, -69, -81, -67, -73, -71]), ('b8:27:eb:63:a1:e3', [-60, -61, -64, -58, -65, -57, -61])]
08:33:25.946865,(-62,-46,-69),(-56,-49,-63),(-47,-39,-53),(-80,-64,-90),(-75,-61,-92),(-59,-48,-65)
[('b8:27:eb:b6:43:f8', [-54, -68, -63, -46, -63, -65, -69]), ('b8:27:eb:d3:4c:7f', [-54, -54, -56, -59, -58, -55, -49, -63]), ('b8:27:eb:cd:4b:81', [-42, -39, -39, -53, -43, -52, -53, -49]), ('b8:27:eb:ee:32:b8', [-82, -90, -85, -76, -81, -64]), ('b8:27:eb:e7:50:37', [-72, -62, -79, -73, -81, -61, -80, -92]), ('b8:27:eb:63:a1:e3', [-62, -61, -48, -63, -65, -62, -50])]
08:33:27.838446,(-74,-67,-93),(-64,-50,-74),(-50,-35,-89),(-78,-67,-86),(-75,-60,-85),(-66,-57,-74)
[('b8:27:eb:b6:43:f8', [-67, -78, -72, -68, -68, -70, -93]), ('b8:27:eb:d3:4c:7f', [-72, -74, -63, -66, -69, -63, -60, -59, -62, -50]), ('b8:27:eb:cd:4b:81', [-35, -48, -49, -51, -35, -38, -89, -54, -55, -38]), ('b8:27:eb:ee:32:b8', [-75, -74, -77, -81, -82, -73, -86, -67, -81]), ('b8:27:eb:e7:50:37', [-60, -76, -74, -83, -67, -78, -72, -85]), ('b8:27:eb:63:a1:e3', [-57, -71, -62, -63, -74, -66])]
08:33:29.737251,(-70,-58,-77),(-59,-46,-67),(-50,-37,-57),(-82,-77,-93),(-76,-70,-86),(-65,-56,-79)
[('b8:27:eb:b6:43:f8', [-68, -77, -58, -72, -73, -58, -73, -71, -74]), ('b8:27:eb:d3:4c:7f', [-48, -67, -61, -46, -57, -67, -60, -60, -62, -57]), ('b8:27:eb:cd:4b:81', [-54, -38, -43, -37, -54, -55, -57, -41, -55, -57]), ('b8:27:eb:ee:32:b8', [-78, -82, -78, -93, -79, -77]), ('b8:27:eb:e7:50:37', [-86, -71, -77, -71, -70, -75, -75, -78]), ('b8:27:eb:63:a1:e3', [-79, -68, -62, -67, -56, -59, -63])]
08:33:31.624538,(-63,-55,-68),(-51,-36,-66),(-59,-49,-63),(-73,-67,-78),(-73,-66,-77),(-61,-49,-68)
[('b8:27:eb:b6:43:f8', [-66, -68, -63, -64, -61, -55]), ('b8:27:eb:d3:4c:7f', [-41, -55, -54, -36, -57, -66, -54, -39]), ('b8:27:eb:cd:4b:81', [-49, -63, -57, -59, -59, -57, -62, -62, -60]), ('b8:27:eb:ee:32:b8', [-75, -69, -71, -67, -72, -77, -69, -78, -75]), ('b8:27:eb:e7:50:37', [-77, -72, -73, -74, -71, -70, -75, -66]), ('b8:27:eb:63:a1:e3', [-65, -62, -68, -63, -61, -65, -49, -65, -63, -49])]
08:33:33.514658,(-67,-56,-78),(-58,-54,-60),(-58,-50,-61),(-80,-73,-90),(-71,-58,-80),(-59,-46,-68)
[('b8:27:eb:b6:43:f8', [-72, -67, -63, -71, -56, -78, -57, -64, -71, -70]), ('b8:27:eb:d3:4c:7f', [-60, -55, -57, -54, -58, -60]), ('b8:27:eb:cd:4b:81', [-50, -61, -60, -61, -59, -53]), ('b8:27:eb:ee:32:b8', [-74, -80, -80, -77, -83, -73, -90]), ('b8:27:eb:e7:50:37', [-78, -62, -71, -73, -69, -78, -67, -70, -58, -80]), ('b8:27:eb:63:a1:e3', [-63, -68, -55, -57, -60, -59, -59, -46])]
08:33:35.425160,(-70,-61,-78),(-53,-40,-67),(-64,-48,-80),(-86,-82,-92),(-69,-56,-86),(-57,-48,-63)
[('b8:27:eb:b6:43:f8', [-72, -61, -78, -68, -73, -73, -65]), ('b8:27:eb:d3:4c:7f', [-54, -55, -58, -40, -55, -51, -67, -45, -46]), ('b8:27:eb:cd:4b:81', [-55, -77, -64, -80, -67, -66, -61, -48, -58]), ('b8:27:eb:ee:32:b8', [-83, -92, -85, -84, -82, -90]), ('b8:27:eb:e7:50:37', [-86, -56, -70, -73, -57, -70]), ('b8:27:eb:63:a1:e3', [-63, -48, -57, -55, -58, -52, -61])]
08:33:37.319906,(-60,-51,-73),(-57,-43,-63),(-67,-59,-80),(-86,-80,-91),(-68,-57,-79),(-60,-49,-64)
[('b8:27:eb:b6:43:f8', [-60, -73, -52, -54, -67, -66, -51, -56]), ('b8:27:eb:d3:4c:7f', [-60, -50, -58, -63, -62, -60, -43]), ('b8:27:eb:cd:4b:81', [-60, -80, -67, -63, -65, -59, -59, -80]), ('b8:27:eb:ee:32:b8', [-83, -91, -80, -89, -86, -86]), ('b8:27:eb:e7:50:37', [-69, -57, -67, -71, -66, -70, -61, -79, -72]), ('b8:27:eb:63:a1:e3', [-64, -62, -61, -62, -51, -61, -49, -61, -61])]
08:33:39.205765,(-65,-52,-72),(-58,-45,-65),(-59,-46,-69),(-89,-84,-95),(-80,-67,-89),(-62,-59,-68)
[('b8:27:eb:b6:43:f8', [-72, -72, -71, -52, -59, -66, -58]), ('b8:27:eb:d3:4c:7f', [-54, -57, -45, -61, -65, -64, -59]), ('b8:27:eb:cd:4b:81', [-46, -51, -47, -60, -69, -67, -67]), ('b8:27:eb:ee:32:b8', [-88, -90, -84, -85, -91, -95]), ('b8:27:eb:e7:50:37', [-67, -79, -80, -89, -77, -87]), ('b8:27:eb:63:a1:e3', [-64, -59, -60, -59, -68, -62, -59, -64])]
08:33:41.097341,(-66,-55,-84),(-50,-40,-57),(-52,-41,-61),(-84,-73,-90),(-74,-68,-85),(-66,-53,-76)
[('b8:27:eb:b6:43:f8', [-58, -55, -67, -57, -73, -84, -68, -60, -67]), ('b8:27:eb:d3:4c:7f', [-57, -47, -40, -56]), ('b8:27:eb:cd:4b:81', [-46, -49, -48, -56, -61, -55, -55, -54, -41, -52]), ('b8:27:eb:ee:32:b8', [-85, -85, -73, -90, -84, -84]), ('b8:27:eb:e7:50:37', [-68, -69, -71, -72, -79, -71, -85]), ('b8:27:eb:63:a1:e3', [-73, -53, -56, -70, -66, -66, -76])]
08:33:42.985040,(-69,-59,-77),(-44,-33,-52),(-41,-21,-55),(-79,-72,-85),(-72,-61,-79),(-66,-56,-73)
[('b8:27:eb:b6:43:f8', [-68, -70, -68, -77, -67, -68, -73, -69, -59]), ('b8:27:eb:d3:4c:7f', [-38, -52, -38, -50, -33, -52, -33, -49]), ('b8:27:eb:cd:4b:81', [-55, -54, -38, -38, -21, -29, -49, -34, -48]), ('b8:27:eb:ee:32:b8', [-73, -84, -72, -85, -79]), ('b8:27:eb:e7:50:37', [-72, -76, -79, -61]), ('b8:27:eb:63:a1:e3', [-57, -73, -65, -71, -56, -68, -65, -68, -63])]
08:33:44.875384,(-63,-53,-70),(-45,-32,-52),(-50,-38,-58),(-81,-71,-92),(-72,-62,-79),(-67,-60,-71)
[('b8:27:eb:b6:43:f8', [-53, -66, -67, -69, -56, -59, -59, -70]), ('b8:27:eb:d3:4c:7f', [-52, -32, -50, -49, -44, -49, -34]), ('b8:27:eb:cd:4b:81', [-54, -53, -56, -53, -44, -58, -41, -38]), ('b8:27:eb:ee:32:b8', [-86, -71, -84, -71, -86, -80, -84, -92, -74]), ('b8:27:eb:e7:50:37', [-79, -75, -62, -70]), ('b8:27:eb:63:a1:e3', [-64, -66, -70, -60, -67, -71, -62, -70])]
08:33:46.797201,(-65,-55,-72),(-46,-34,-52),(-54,-38,-67),(-88,-75,-101),(-77,-67,-87),(-63,-52,-73)
[('b8:27:eb:b6:43:f8', [-61, -70, -67, -55, -72]), ('b8:27:eb:d3:4c:7f', [-52, -34, -50, -48, -50, -47, -51, -34]), ('b8:27:eb:cd:4b:81', [-38, -53, -54, -52, -60, -67, -56, -48, -61, -44]), ('b8:27:eb:ee:32:b8', [-75, -88, -90, -88, -88, -86, -101]), ('b8:27:eb:e7:50:37', [-67, -76, -87, -77, -74, -78, -72, -80, -82]), ('b8:27:eb:63:a1:e3', [-52, -65, -57, -53, -65, -70, -73, -64])]
08:33:48.738028,(-68,-59,-77),(-49,-40,-55),(-54,-41,-71),(-82,-72,-88),(-73,-70,-80),(-65,-52,-74)
[('b8:27:eb:b6:43:f8', [-59, -70, -77, -64, -67, -72, -59, -71]), ('b8:27:eb:d3:4c:7f', [-49, -48, -50, -40, -52, -41, -55, -52]), ('b8:27:eb:cd:4b:81', [-71, -62, -62, -58, -42, -41, -41]), ('b8:27:eb:ee:32:b8', [-72, -73, -79, -88, -86, -82, -88]), ('b8:27:eb:e7:50:37', [-73, -71, -70, -80, -70]), ('b8:27:eb:63:a1:e3', [-70, -74, -57, -67, -52, -66])]
08:33:50.664563,(-71,-60,-81),(-51,-35,-60),(-50,-40,-54),(-85,-75,-95),(-71,-60,-77),(-58,-45,-74)
[('b8:27:eb:b6:43:f8', [-60, -75, -70, -74, -68, -81, -64]), ('b8:27:eb:d3:4c:7f', [-50, -35, -50, -51, -54, -55, -60, -44, -54]), ('b8:27:eb:cd:4b:81', [-41, -40, -53, -54, -54, -53]), ('b8:27:eb:ee:32:b8', [-81, -90, -95, -82, -75, -82]), ('b8:27:eb:e7:50:37', [-74, -66, -77, -76, -60, -73, -74, -63]), ('b8:27:eb:63:a1:e3', [-67, -64, -57, -74, -59, -45, -45, -57, -51])]
08:33:52.588042,(-67,-56,-77),(-57,-42,-66),(-41,-35,-53),(-84,-74,-96),(-69,-56,-74),(-56,-47,-60)
[('b8:27:eb:b6:43:f8', [-57, -71, -71, -68, -77, -56]), ('b8:27:eb:d3:4c:7f', [-42, -58, -59, -66, -54, -60]), ('b8:27:eb:cd:4b:81', [-35, -38, -53, -35, -35, -52, -38]), ('b8:27:eb:ee:32:b8', [-96, -82, -74, -86, -81, -84, -80]), ('b8:27:eb:e7:50:37', [-74, -74, -56, -69]), ('b8:27:eb:63:a1:e3', [-59, -57, -60, -48, -58, -47, -59, -60])]
08:33:54.490868,(-69,-66,-73),(-58,-47,-65),(-51,-44,-54),(-79,-68,-85),(-73,-64,-78),(-58,-51,-70)
[('b8:27:eb:b6:43:f8', [-73, -67, -70, -68, -66]), ('b8:27:eb:d3:4c:7f', [-60, -61, -59, -47, -65, -62, -48]), ('b8:27:eb:cd:4b:81', [-53, -54, -44, -50, -52, -53]), ('b8:27:eb:ee:32:b8', [-72, -70, -84, -85, -68, -85, -82, -83]), ('b8:27:eb:e7:50:37', [-76, -70, -64, -74, -78]), ('b8:27:eb:63:a1:e3', [-51, -65, -53, -55, -70, -54])]
08:33:56.419755,(-68,-53,-87),(-59,-50,-76),(-47,-38,-55),(-79,-68,-86),(-71,-56,-89),(-64,-46,-71)
[('b8:27:eb:b6:43:f8', [-87, -69, -77, -65, -54, -53, -70]), ('b8:27:eb:d3:4c:7f', [-50, -76, -50, -59]), ('b8:27:eb:cd:4b:81', [-40, -52, -54, -38, -40, -55, -53, -44]), ('b8:27:eb:ee:32:b8', [-79, -79, -68, -80, -80, -78, -86]), ('b8:27:eb:e7:50:37', [-89, -70, -57, -84, -78, -73, -56, -60]), ('b8:27:eb:63:a1:e3', [-70, -66, -59, -63, -68, -46, -71, -65])]
08:33:58.317135,(-70,-60,-79),(-56,-42,-68),(-57,-43,-62),(-79,-73,-84),(-68,-56,-78),(-63,-56,-68)
[('b8:27:eb:b6:43:f8', [-69, -72, -64, -75, -70, -70, -60, -79]), ('b8:27:eb:d3:4c:7f', [-56, -55, -52, -68, -59, -49, -61, -57, -42]), ('b8:27:eb:cd:4b:81', [-59, -60, -55, -54, -62, -43, -60, -61]), ('b8:27:eb:ee:32:b8', [-84, -77, -81, -73]), ('b8:27:eb:e7:50:37', [-72, -77, -76, -78, -69, -57, -56, -58]), ('b8:27:eb:63:a1:e3', [-56, -66, -56, -61, -68, -61, -68, -65])]
08:34:00.211850,(-68,-49,-83),(-54,-51,-56),(-54,-45,-62),(-78,-69,-88),(-75,-67,-80),(-59,-46,-72)
[('b8:27:eb:b6:43:f8', [-73, -81, -51, -83, -76, -70, -49, -57]), ('b8:27:eb:d3:4c:7f', [-54, -55, -51, -56, -54, -53, -55]), ('b8:27:eb:cd:4b:81', [-58, -55, -51, -45, -47, -45, -61, -56, -62]), ('b8:27:eb:ee:32:b8', [-69, -78, -77, -88]), ('b8:27:eb:e7:50:37', [-80, -67, -76, -70, -78, -77, -71]), ('b8:27:eb:63:a1:e3', [-59, -50, -47, -59, -72, -56, -67, -46, -72])]
