08:36:11.171609,(-61,-59,-68),(-66,-55,-70),(-68,-58,-77),(-80,-74,-90),(-74,-53,-83),(-65,-54,-70)
[('b8:27:eb:b6:43:f8', [-59, -61, -59, -59, -59, -60, -68]), ('b8:27:eb:d3:4c:7f', [-55, -67, -70, -68, -61, -65, -69, -67, -63, -67]), ('b8:27:eb:cd:4b:81', [-75, -77, -58, -67, -62, -68]), ('b8:27:eb:ee:32:b8', [-75, -90, -74]), ('b8:27:eb:e7:50:37', [-82, -68, -83, -53, -78, -75]), ('b8:27:eb:63:a1:e3', [-66, -67, -70, -70, -54, -56, -68])]
08:36:13.070303,(-66,-48,-84),(-59,-45,-75),(-60,-53,-69),(-86,-80,-90),(-70,-69,-70),(-67,-53,-74)
[('b8:27:eb:b6:43:f8', [-50, -84, -62, -69, -71, -77, -48, -64, -67]), ('b8:27:eb:d3:4c:7f', [-51, -67, -62, -75, -53, -58, -55, -58, -45]), ('b8:27:eb:cd:4b:81', [-69, -58, -55, -53, -65]), ('b8:27:eb:ee:32:b8', [-86, -88, -84, -90, -80]), ('b8:27:eb:e7:50:37', [-70, -69, -69]), ('b8:27:eb:63:a1:e3', [-72, -74, -70, -66, -62, -73, -60, -53])]
08:36:14.972928,(-60,-52,-68),(-56,-43,-68),(-64,-51,-72),(-82,-75,-85),(-69,-55,-79),(-69,-60,-77)
[('b8:27:eb:b6:43:f8', [-52, -58, -64, -58, -68, -55, -65, -55]), ('b8:27:eb:d3:4c:7f', [-57, -44, -43, -67, -60, -68, -56, -46]), ('b8:27:eb:cd:4b:81', [-51, -67, -66, -64, -67, -56, -69, -61, -72]), ('b8:27:eb:ee:32:b8', [-82, -79, -81, -75, -80, -81, -84, -85, -85]), ('b8:27:eb:e7:50:37', [-55, -79, -75, -75, -56, -69]), ('b8:27:eb:63:a1:e3', [-69, -68, -66, -60, -73, -77, -67, -67])]
08:36:16.887269,(-63,-44,-71),(-62,-55,-76),(-62,-44,-86),(-81,-67,-92),(-64,-52,-76),(-62,-50,-70)
[('b8:27:eb:b6:43:f8', [-71, -67, -56, -44, -71, -53, -64, -59, -66, -71]), ('b8:27:eb:d3:4c:7f', [-59, -57, -58, -57, -55, -68, -76, -60]), ('b8:27:eb:cd:4b:81', [-44, -51, -59, -62, -56, -69, -86, -66]), ('b8:27:eb:ee:32:b8', [-83, -83, -69, -80, -91, -67, -92]), ('b8:27:eb:e7:50:37', [-55, -67, -52, -60, -55, -76, -74, -69]), ('b8:27:eb:63:a1:e3', [-63, -50, -50, -62, -70, -68, -63, -66, -60, -67])]
08:36:18.806098,(-61,-57,-70),(-66,-62,-73),(-64,-54,-70),(-85,-77,-91),(-79,-67,-86),(-71,-56,-87)
[('b8:27:eb:b6:43:f8', [-70, -59, -58, -60, -58, -57]), ('b8:27:eb:d3:4c:7f', [-65, -67, -62, -62, -63, -73, -63, -66]), ('b8:27:eb:cd:4b:81', [-62, -64, -65, -60, -67, -69, -70, -54]), ('b8:27:eb:ee:32:b8', [-77, -85, -83, -86, -91]), ('b8:27:eb:e7:50:37', [-86, -67, -76, -83, -83]), ('b8:27:eb:63:a1:e3', [-56, -68, -64, -87, -79, -68, -68, -73])]
08:36:20.748260,(-52,-42,-59),(-61,-56,-64),(-66,-55,-74),(-89,-85,-93),(-72,-58,-83),(-66,-49,-78)
[('b8:27:eb:b6:43:f8', [-44, -58, -59, -44, -54, -58, -42, -56]), ('b8:27:eb:d3:4c:7f', [-63, -64, -60, -59, -56, -60, -63, -61]), ('b8:27:eb:cd:4b:81', [-64, -70, -59, -70, -74, -68, -68, -66, -55]), ('b8:27:eb:ee:32:b8', [-92, -93, -85, -85]), ('b8:27:eb:e7:50:37', [-83, -77, -74, -75, -65, -74, -58, -72, -58, -79]), ('b8:27:eb:63:a1:e3', [-69, -49, -78, -68, -74, -67, -53, -68])]
08:36:22.640390,(-53,-42,-63),(-57,-46,-62),(-67,-57,-71),(-83,-78,-86),(-77,-61,-83),(-64,-55,-76)
[('b8:27:eb:b6:43:f8', [-59, -45, -63, -46, -58, -57, -57, -51, -42, -44]), ('b8:27:eb:d3:4c:7f', [-62, -46, -60, -56, -59, -58]), ('b8:27:eb:cd:4b:81', [-71, -68, -68, -57, -65, -67, -69]), ('b8:27:eb:ee:32:b8', [-78, -85, -86]), ('b8:27:eb:e7:50:37', [-81, -70, -83, -61, -78, -77, -79, -75, -83]), ('b8:27:eb:63:a1:e3', [-66, -55, -76, -56, -64, -67])]
08:36:24.567393,(-58,-43,-64),(-54,-48,-62),(-62,-48,-70),(-87,-84,-89),(-76,-70,-83),(-72,-66,-80)
[('b8:27:eb:b6:43:f8', [-59, -56, -62, -43, -64, -58, -58, -57, -59]), ('b8:27:eb:d3:4c:7f', [-62, -51, -51, -58, -49, -48]), ('b8:27:eb:cd:4b:81', [-65, -64, -70, -68, -61, -48, -61, -67, -63, -51]), ('b8:27:eb:ee:32:b8', [-87, -84, -89, -87]), ('b8:27:eb:e7:50:37', [-73, -79, -70, -75, -83, -75, -73]), ('b8:27:eb:63:a1:e3', [-73, -72, -66, -71, -68, -80])]
08:36:26.462158,(-62,-45,-74),(-60,-47,-66),(-64,-51,-71),(-86,-70,-94),(-72,-67,-77),(-62,-51,-70)
[('b8:27:eb:b6:43:f8', [-67, -57, -61, -45, -74, -60, -70]), ('b8:27:eb:d3:4c:7f', [-47, -66, -64, -62, -61, -57, -61, -57, -57]), ('b8:27:eb:cd:4b:81', [-60, -64, -51, -61, -62, -71, -71, -62, -69, -68]), ('b8:27:eb:ee:32:b8', [-83, -70, -92, -78, -91, -94, -88]), ('b8:27:eb:e7:50:37', [-77, -75, -71, -72, -67, -70, -71]), ('b8:27:eb:63:a1:e3', [-57, -57, -64, -51, -70, -61, -68])]
08:36:28.360439,(-60,-44,-70),(-62,-56,-78),(-66,-51,-77),(-82,-72,-89),(-69,-52,-88),(-62,-51,-72)
[('b8:27:eb:b6:43:f8', [-69, -70, -62, -62, -61, -61, -48, -44, -59]), ('b8:27:eb:d3:4c:7f', [-58, -58, -60, -63, -57, -78, -56, -66]), ('b8:27:eb:cd:4b:81', [-67, -77, -51, -65, -67]), ('b8:27:eb:ee:32:b8', [-83, -85, -78, -83, -72, -75, -89, -86]), ('b8:27:eb:e7:50:37', [-68, -67, -52, -64, -64, -71, -60, -88, -81, -73]), ('b8:27:eb:63:a1:e3', [-69, -52, -72, -64, -51, -64, -62, -61])]
08:36:30.266531,(-59,-46,-69),(-61,-53,-72),(-64,-55,-72),(-84,-72,-90),(-70,-62,-73),(-59,-49,-65)
[('b8:27:eb:b6:43:f8', [-59, -57, -46, -56, -58, -59, -65, -69, -62]), ('b8:27:eb:d3:4c:7f', [-55, -72, -72, -54, -61, -55, -53, -65, -55]), ('b8:27:eb:cd:4b:81', [-64, -57, -58, -72, -69, -55, -68, -62]), ('b8:27:eb:ee:32:b8', [-72, -73, -83, -90, -90, -85, -89]), ('b8:27:eb:e7:50:37', [-69, -71, -70, -71, -71, -73, -62, -68, -69]), ('b8:27:eb:63:a1:e3', [-64, -49, -60, -51, -61, -65])]
08:36:32.239040,(-61,-48,-68),(-56,-42,-66),(-63,-49,-72),(-86,-77,-95),(-73,-67,-80),(-61,-49,-67)
[('b8:27:eb:b6:43:f8', [-59, -60, -59, -67, -68, -59, -48, -67]), ('b8:27:eb:d3:4c:7f', [-55, -42, -59, -66, -60, -48, -57, -59, -56]), ('b8:27:eb:cd:4b:81', [-72, -56, -62, -62, -49, -67, -70]), ('b8:27:eb:ee:32:b8', [-92, -90, -86, -85, -77, -77, -86, -95]), ('b8:27:eb:e7:50:37', [-67, -72, -67, -73, -73, -80, -73]), ('b8:27:eb:63:a1:e3', [-51, -64, -63, -64, -67, -64, -64, -49])]
08:36:34.143144,(-61,-46,-68),(-55,-43,-65),(-59,-48,-76),(-84,-75,-88),(-69,-61,-77),(-63,-45,-73)
[('b8:27:eb:b6:43:f8', [-55, -46, -60, -68, -68, -64, -65, -56, -62]), ('b8:27:eb:d3:4c:7f', [-65, -43, -59, -45, -60, -62, -46]), ('b8:27:eb:cd:4b:81', [-50, -48, -60, -76, -49, -56, -58, -63, -64]), ('b8:27:eb:ee:32:b8', [-75, -83, -83, -83, -88, -86, -86]), ('b8:27:eb:e7:50:37', [-70, -61, -77, -69, -68]), ('b8:27:eb:63:a1:e3', [-45, -68, -73, -59, -71, -53, -63, -67])]
08:36:36.081977,(-55,-41,-61),(-65,-44,-77),(-61,-49,-74),(-89,-77,-100),(-72,-61,-80),(-67,-55,-77)
[('b8:27:eb:b6:43:f8', [-58, -60, -43, -58, -61, -58, -41, -57, -53]), ('b8:27:eb:d3:4c:7f', [-73, -71, -77, -74, -44, -52, -64]), ('b8:27:eb:cd:4b:81', [-69, -58, -74, -53, -50, -69, -49, -60]), ('b8:27:eb:ee:32:b8', [-77, -78, -96, -87, -89, -100, -85, -96]), ('b8:27:eb:e7:50:37', [-69, -71, -65, -76, -61, -73, -74, -75, -80, -72]), ('b8:27:eb:63:a1:e3', [-77, -67, -72, -60, -68, -55, -65])]
08:36:37.983977,(-58,-43,-66),(-62,-46,-70),(-65,-52,-75),(-89,-81,-98),(-75,-67,-83),(-64,-50,-71)
[('b8:27:eb:b6:43:f8', [-43, -64, -59, -65, -61, -45, -58, -66]), ('b8:27:eb:d3:4c:7f', [-66, -63, -46, -62, -63, -70, -63]), ('b8:27:eb:cd:4b:81', [-67, -52, -75, -75, -53]), ('b8:27:eb:ee:32:b8', [-98, -92, -87, -81, -85]), ('b8:27:eb:e7:50:37', [-72, -69, -83, -79, -77, -67, -72]), ('b8:27:eb:63:a1:e3', [-71, -63, -69, -67, -50, -69, -53])]
08:36:39.874141,(-60,-54,-66),(-57,-42,-75),(-67,-50,-87),(-86,-75,-93),(-70,-57,-82),(-61,-57,-66)
[('b8:27:eb:b6:43:f8', [-60, -56, -62, -66, -54]), ('b8:27:eb:d3:4c:7f', [-64, -62, -75, -43, -59, -42, -50]), ('b8:27:eb:cd:4b:81', [-52, -65, -70, -87, -73, -50]), ('b8:27:eb:ee:32:b8', [-82, -75, -86, -89, -88, -84, -93]), ('b8:27:eb:e7:50:37', [-74, -74, -68, -82, -64, -58, -71, -81, -57]), ('b8:27:eb:63:a1:e3', [-61, -59, -61, -66, -57])]
08:36:41.780827,(-60,-52,-68),(-49,-41,-59),(-67,-51,-74),(-80,-76,-88),(-74,-71,-76),(-65,-54,-74)
[('b8:27:eb:b6:43:f8', [-52, -55, -65, -53, -68, -60, -62]), ('b8:27:eb:d3:4c:7f', [-45, -59, -44, -46, -48, -41, -48, -54]), ('b8:27:eb:cd:4b:81', [-51, -67, -71, -72, -61, -65, -66, -74, -69]), ('b8:27:eb:ee:32:b8', [-88, -76, -76]), ('b8:27:eb:e7:50:37', [-71, -75, -73, -71, -73, -76]), ('b8:27:eb:63:a1:e3', [-74, -57, -72, -54, -67, -66])]
08:36:43.703937,(-63,-45,-73),(-56,-42,-72),(-69,-61,-75),(-77,-73,-82),(-67,-58,-77),(-59,-48,-70)
[('b8:27:eb:b6:43:f8', [-45, -73, -65, -56, -69, -58, -64, -71]), ('b8:27:eb:d3:4c:7f', [-56, -58, -58, -60, -55, -48, -42, -51, -72]), ('b8:27:eb:cd:4b:81', [-64, -65, -70, -69, -75, -70, -61, -70, -70]), ('b8:27:eb:ee:32:b8', [-73, -76, -79, -82, -73]), ('b8:27:eb:e7:50:37', [-61, -58, -77, -73, -58, -77, -59, -72]), ('b8:27:eb:63:a1:e3', [-50, -62, -48, -70, -58, -53, -62, -65])]
08:36:45.642093,(-62,-44,-70),(-61,-52,-68),(-57,-43,-73),(-80,-69,-89),(-65,-52,-73),(-71,-59,-83)
[('b8:27:eb:b6:43:f8', [-70, -65, -69, -67, -62, -44, -66, -52]), ('b8:27:eb:d3:4c:7f', [-63, -52, -68, -60]), ('b8:27:eb:cd:4b:81', [-49, -43, -57, -67, -52, -48, -73, -67]), ('b8:27:eb:ee:32:b8', [-83, -69, -83, -74, -89, -78]), ('b8:27:eb:e7:50:37', [-67, -72, -56, -52, -66, -65, -73, -63, -69]), ('b8:27:eb:63:a1:e3', [-67, -59, -80, -83, -67, -77, -65, -70])]
08:36:47.562831,(-61,-51,-70),(-64,-51,-72),(-69,-62,-75),(-87,-76,-92),(-73,-59,-81),(-68,-52,-79)
[('b8:27:eb:b6:43:f8', [-64, -65, -63, -51, -57, -70, -57, -57]), ('b8:27:eb:d3:4c:7f', [-64, -72, -65, -67, -64, -51]), ('b8:27:eb:cd:4b:81', [-65, -62, -66, -75, -73, -67, -67, -68, -73]), ('b8:27:eb:ee:32:b8', [-87, -76, -92, -91]), ('b8:27:eb:e7:50:37', [-68, -69, -67, -75, -77, -59, -79, -76, -81]), ('b8:27:eb:63:a1:e3', [-67, -72, -67, -60, -70, -76, -79, -52])]
08:36:49.456109,(-60,-45,-83),(-63,-44,-74),(-70,-61,-77),(-91,-87,-100),(-76,-61,-86),(-67,-62,-71)
[('b8:27:eb:b6:43:f8', [-83, -56, -59, -55, -58, -45, -69, -72, -45, -49]), ('b8:27:eb:d3:4c:7f', [-67, -62, -74, -65, -44, -62]), ('b8:27:eb:cd:4b:81', [-69, -68, -77, -71, -71, -61, -72, -65]), ('b8:27:eb:ee:32:b8', [-88, -91, -88, -100, -87]), ('b8:27:eb:e7:50:37', [-75, -61, -65, -68, -68, -83, -82, -83, -86, -80]), ('b8:27:eb:63:a1:e3', [-71, -65, -68, -62])]
08:36:51.365965,(-56,-48,-61),(-56,-46,-64),(-68,-62,-85),(-85,-82,-87),(-72,-56,-77),(-62,-51,-74)
[('b8:27:eb:b6:43:f8', [-48, -56, -48, -61, -61, -59, -58]), ('b8:27:eb:d3:4c:7f', [-57, -49, -62, -46, -64, -55]), ('b8:27:eb:cd:4b:81', [-66, -67, -85, -64, -64, -66, -66, -62]), ('b8:27:eb:ee:32:b8', [-86, -82, -84, -87, -83]), ('b8:27:eb:e7:50:37', [-76, -77, -76, -73, -69, -72, -56]), ('b8:27:eb:63:a1:e3', [-51, -67, -55, -74, -74, -54, -53])]
08:36:53.261428,(-62,-48,-72),(-56,-46,-67),(-62,-53,-73),(-84,-81,-88),(-69,-57,-78),(-64,-46,-76)
[('b8:27:eb:b6:43:f8', [-60, -64, -67, -48, -62, -53, -72, -67]), ('b8:27:eb:d3:4c:7f', [-54, -52, -67, -46, -61]), ('b8:27:eb:cd:4b:81', [-53, -63, -71, -54, -73, -58, -65, -61, -56]), ('b8:27:eb:ee:32:b8', [-88, -81, -82, -83]), ('b8:27:eb:e7:50:37', [-76, -57, -60, -78, -57, -76, -73, -72]), ('b8:27:eb:63:a1:e3', [-71, -65, -56, -65, -46, -76])]
08:36:55.161780,(-63,-56,-70),(-55,-42,-66),(-70,-54,-87),(-81,-71,-89),(-68,-56,-78),(-70,-55,-80)
[('b8:27:eb:b6:43:f8', [-56, -59, -63, -70, -63, -63, -61]), ('b8:27:eb:d3:4c:7f', [-49, -56, -42, -58, -60, -66, -46, -62]), ('b8:27:eb:cd:4b:81', [-87, -69, -62, -54, -72, -82, -58]), ('b8:27:eb:ee:32:b8', [-89, -83, -80, -74, -84, -83, -71]), ('b8:27:eb:e7:50:37', [-76, -72, -65, -57, -68, -56, -78]), ('b8:27:eb:63:a1:e3', [-80, -78, -55, -66, -70, -68])]
08:36:57.058440,(-62,-48,-72),(-64,-48,-78),(-60,-47,-82),(-82,-72,-86),(-72,-62,-87),(-62,-53,-70)
[('b8:27:eb:b6:43:f8', [-57, -57, -48, -65, -67, -62, -72]), ('b8:27:eb:d3:4c:7f', [-59, -48, -60, -64, -71, -65, -78, -67]), ('b8:27:eb:cd:4b:81', [-47, -62, -63, -50, -82, -56]), ('b8:27:eb:ee:32:b8', [-84, -81, -83, -81, -72, -86]), ('b8:27:eb:e7:50:37', [-62, -72, -63, -69, -69, -79, -87]), ('b8:27:eb:63:a1:e3', [-65, -64, -54, -53, -59, -70, -63, -67])]
08:36:58.949566,(-58,-43,-68),(-61,-46,-72),(-68,-64,-71),(-89,-85,-92),(-80,-73,-85),(-69,-56,-78)
[('b8:27:eb:b6:43:f8', [-48, -58, -56, -68, -61, -64, -57, -59, -63, -43]), ('b8:27:eb:d3:4c:7f', [-67, -69, -72, -46, -62, -46]), ('b8:27:eb:cd:4b:81', [-65, -70, -69, -71, -68, -69, -66, -64]), ('b8:27:eb:ee:32:b8', [-92, -92, -88, -85, -88, -85, -91, -90]), ('b8:27:eb:e7:50:37', [-82, -79, -78, -85, -73]), ('b8:27:eb:63:a1:e3', [-60, -75, -66, -78, -67, -75, -56])]
08:37:00.876859,(-65,-63,-68),(-59,-49,-64),(-66,-54,-72),(-87,-77,-93),(-81,-72,-88),(-62,-53,-67)
[('b8:27:eb:b6:43:f8', [-64, -63, -68, -64]), ('b8:27:eb:d3:4c:7f', [-60, -62, -63, -50, -63, -63, -50, -64, -49]), ('b8:27:eb:cd:4b:81', [-63, -69, -71, -70, -69, -72, -54, -54]), ('b8:27:eb:ee:32:b8', [-87, -86, -77, -93, -92]), ('b8:27:eb:e7:50:37', [-81, -80, -80, -81, -72, -88, -77, -82]), ('b8:27:eb:63:a1:e3', [-65, -67, -67, -53, -66, -53])]
08:37:02.784570,(-56,-47,-65),(-60,-49,-66),(-65,-54,-80),(-86,-76,-96),(-77,-67,-83),(-66,-51,-80)
[('b8:27:eb:b6:43:f8', [-47, -65, -60, -58, -55, -53, -51]), ('b8:27:eb:d3:4c:7f', [-64, -64, -63, -49, -66, -51, -63]), ('b8:27:eb:cd:4b:81', [-59, -80, -54, -74, -61, -71, -54, -61]), ('b8:27:eb:ee:32:b8', [-96, -78, -76, -85, -80, -94, -87, -86]), ('b8:27:eb:e7:50:37', [-79, -73, -83, -72, -67, -83]), ('b8:27:eb:63:a1:e3', [-65, -51, -66, -80, -68, -72, -55])]
08:37:04.676100,(-59,-39,-67),(-60,-53,-67),(-65,-57,-71),(-85,-75,-95),(-70,-53,-83),(-64,-50,-80)
[('b8:27:eb:b6:43:f8', [-39, -63, -59, -67, -65]), ('b8:27:eb:d3:4c:7f', [-67, -65, -57, -53, -62, -58, -57]), ('b8:27:eb:cd:4b:81', [-57, -67, -62, -64, -66, -69, -71, -59, -67, -65]), ('b8:27:eb:ee:32:b8', [-95, -81, -90, -75, -81, -83]), ('b8:27:eb:e7:50:37', [-78, -77, -75, -60, -74, -53, -57, -83]), ('b8:27:eb:63:a1:e3', [-80, -56, -69, -54, -50, -55, -74, -70])]
08:37:06.569403,(-67,-59,-73),(-56,-47,-59),(-62,-49,-72),(-86,-74,-95),(-70,-61,-76),(-66,-52,-71)
[('b8:27:eb:b6:43:f8', [-69, -59, -69, -73, -65, -66, -68]), ('b8:27:eb:d3:4c:7f', [-58, -57, -54, -58, -59, -59, -47]), ('b8:27:eb:cd:4b:81', [-66, -49, -62, -63, -72, -59]), ('b8:27:eb:ee:32:b8', [-85, -82, -74, -88, -76, -91, -93, -95]), ('b8:27:eb:e7:50:37', [-67, -61, -70, -76, -68, -66, -74, -71]), ('b8:27:eb:63:a1:e3', [-69, -68, -52, -60, -71, -71])]
08:37:08.485958,(-59,-49,-71),(-60,-54,-66),(-60,-53,-70),(-87,-72,-98),(-68,-52,-89),(-63,-51,-73)
[('b8:27:eb:b6:43:f8', [-55, -64, -71, -49, -57, -58]), ('b8:27:eb:d3:4c:7f', [-56, -58, -66, -54, -56, -62, -66, -56]), ('b8:27:eb:cd:4b:81', [-62, -56, -60, -70, -60, -55, -62, -53]), ('b8:27:eb:ee:32:b8', [-91, -86, -98, -88, -72]), ('b8:27:eb:e7:50:37', [-52, -69, -67, -66, -65, -89]), ('b8:27:eb:63:a1:e3', [-73, -52, -65, -51, -66, -66])]
08:37:10.375831,(-62,-46,-71),(-56,-47,-64),(-59,-49,-69),(-85,-82,-87),(-68,-55,-76),(-66,-60,-69)
[('b8:27:eb:b6:43:f8', [-65, -46, -69, -71, -59, -65, -57, -60]), ('b8:27:eb:d3:4c:7f', [-55, -55, -57, -48, -47, -64, -59, -61]), ('b8:27:eb:cd:4b:81', [-65, -49, -63, -50, -57, -69, -57]), ('b8:27:eb:ee:32:b8', [-87, -83, -86, -83, -84, -82]), ('b8:27:eb:e7:50:37', [-71, -55, -76, -62, -76, -75, -55]), ('b8:27:eb:63:a1:e3', [-63, -60, -68, -69, -68])]
08:37:12.276489,(-60,-47,-72),(-66,-61,-71),(-66,-56,-73),(-81,-69,-94),(-74,-67,-79),(-65,-49,-76)
[('b8:27:eb:b6:43:f8', [-68, -58, -49, -47, -66, -72]), ('b8:27:eb:d3:4c:7f', [-68, -61, -71, -65, -66, -68, -61]), ('b8:27:eb:cd:4b:81', [-56, -61, -72, -68, -71, -56, -73]), ('b8:27:eb:ee:32:b8', [-69, -82, -94, -82, -87, -76, -74]), ('b8:27:eb:e7:50:37', [-72, -67, -79, -72, -77, -74, -76, -74]), ('b8:27:eb:63:a1:e3', [-67, -49, -67, -60, -76, -64, -72])]
08:37:14.178479,(-55,-41,-67),(-62,-53,-68),(-66,-56,-70),(-85,-76,-98),(-71,-62,-81),(-64,-50,-71)
[('b8:27:eb:b6:43:f8', [-45, -41, -54, -62, -63, -50, -67]), ('b8:27:eb:d3:4c:7f', [-53, -62, -68, -62, -62, -65, -62, -60, -56]), ('b8:27:eb:cd:4b:81', [-67, -70, -64, -64, -65, -69, -56, -67]), ('b8:27:eb:ee:32:b8', [-80, -84, -76, -98]), ('b8:27:eb:e7:50:37', [-62, -73, -75, -63, -72, -81]), ('b8:27:eb:63:a1:e3', [-61, -71, -66, -68, -50, -68])]
08:37:16.069290,(-55,-40,-80),(-62,-49,-72),(-63,-47,-76),(-85,-80,-90),(-75,-66,-90),(-69,-55,-88)
[('b8:27:eb:b6:43:f8', [-62, -60, -48, -80, -54, -42, -40, -52]), ('b8:27:eb:d3:4c:7f', [-62, -49, -72, -62, -51, -71, -62]), ('b8:27:eb:cd:4b:81', [-67, -54, -62, -76, -47, -62, -68, -62]), ('b8:27:eb:ee:32:b8', [-87, -80, -86, -84, -86, -81, -90]), ('b8:27:eb:e7:50:37', [-75, -66, -90, -67, -77, -71]), ('b8:27:eb:63:a1:e3', [-73, -68, -66, -63, -55, -88])]
08:37:17.968219,(-65,-57,-78),(-63,-43,-74),(-60,-47,-70),(-84,-76,-93),(-71,-56,-79),(-64,-53,-71)
[('b8:27:eb:b6:43:f8', [-60, -59, -57, -78, -62, -65, -72]), ('b8:27:eb:d3:4c:7f', [-74, -61, -67, -67, -60, -43, -64]), ('b8:27:eb:cd:4b:81', [-62, -64, -47, -52, -70, -62]), ('b8:27:eb:ee:32:b8', [-81, -76, -84, -93]), ('b8:27:eb:e7:50:37', [-79, -71, -56, -77]), ('b8:27:eb:63:a1:e3', [-53, -67, -68, -55, -71, -66])]
08:37:19.860826,(-69,-58,-84),(-52,-42,-62),(-60,-49,-67),(-84,-75,-88),(-71,-61,-78),(-63,-51,-71)
[('b8:27:eb:b6:43:f8', [-58, -84, -64, -67, -75, -60, -63, -74, -72]), ('b8:27:eb:d3:4c:7f', [-62, -54, -54, -42, -54, -55, -42, -49, -56]), ('b8:27:eb:cd:4b:81', [-64, -62, -60, -51, -60, -67, -49, -62]), ('b8:27:eb:ee:32:b8', [-87, -86, -86, -88, -85, -83, -77, -75]), ('b8:27:eb:e7:50:37', [-61, -74, -70, -74, -78, -67]), ('b8:27:eb:63:a1:e3', [-71, -53, -65, -71, -51])]
08:37:21.764781,(-62,-44,-73),(-54,-42,-61),(-67,-52,-78),(-82,-72,-87),(-71,-60,-79),(-66,-62,-71)
[('b8:27:eb:b6:43:f8', [-63, -62, -73, -72, -56, -63, -59, -64, -44]), ('b8:27:eb:d3:4c:7f', [-42, -58, -61, -45, -58, -44, -59, -57, -58]), ('b8:27:eb:cd:4b:81', [-64, -64, -70, -66, -78, -69, -52, -70, -68]), ('b8:27:eb:ee:32:b8', [-83, -87, -83, -72, -82, -81]), ('b8:27:eb:e7:50:37', [-79, -71, -76, -60, -75, -63, -60, -78, -77, -71]), ('b8:27:eb:63:a1:e3', [-64, -62, -67, -71, -63])]
08:37:23.660372,(-52,-42,-64),(-57,-46,-62),(-63,-55,-68),(-89,-81,-94),(-71,-54,-82),(-73,-61,-80)
[('b8:27:eb:b6:43:f8', [-51, -44, -60, -42, -53, -64, -43, -62, -43]), ('b8:27:eb:d3:4c:7f', [-58, -55, -56, -62, -55, -57, -46, -61, -60]), ('b8:27:eb:cd:4b:81', [-68, -64, -55, -64, -65, -67, -65, -61, -57]), ('b8:27:eb:ee:32:b8', [-93, -90, -83, -81, -94]), ('b8:27:eb:e7:50:37', [-81, -82, -59, -66, -54, -81]), ('b8:27:eb:63:a1:e3', [-68, -61, -80, -73, -77, -76])]
08:37:25.572181,(-55,-45,-60),(-52,-42,-66),(-62,-50,-72),(-81,-77,-84),(-73,-58,-81),(-65,-59,-72)
[('b8:27:eb:b6:43:f8', [-57, -58, -55, -56, -48, -60, -45, -58]), ('b8:27:eb:d3:4c:7f', [-42, -55, -43, -66, -42, -60, -43, -63]), ('b8:27:eb:cd:4b:81', [-67, -56, -64, -55, -72, -51, -67, -68, -50]), ('b8:27:eb:ee:32:b8', [-77, -79, -84, -83, -82]), ('b8:27:eb:e7:50:37', [-75, -70, -79, -66, -81, -58, -81]), ('b8:27:eb:63:a1:e3', [-64, -67, -66, -59, -59, -72])]
08:37:27.480559,(-54,-41,-67),(-55,-44,-66),(-66,-56,-83),(-81,-69,-89),(-62,-52,-72),(-62,-51,-71)
[('b8:27:eb:b6:43:f8', [-44, -41, -61, -53, -49, -67, -52, -60]), ('b8:27:eb:d3:4c:7f', [-56, -47, -62, -64, -66, -46, -44]), ('b8:27:eb:cd:4b:81', [-56, -73, -60, -83, -61, -69, -58, -66]), ('b8:27:eb:ee:32:b8', [-86, -89, -73, -76, -84, -76, -69, -88]), ('b8:27:eb:e7:50:37', [-67, -72, -55, -65, -68, -52, -52, -59]), ('b8:27:eb:63:a1:e3', [-66, -59, -53, -68, -51, -65, -71])]
08:37:29.394600,(-62,-45,-70),(-63,-47,-72),(-63,-48,-70),(-87,-80,-91),(-69,-56,-79),(-70,-63,-81)
[('b8:27:eb:b6:43:f8', [-70, -60, -64, -69, -55, -66, -45]), ('b8:27:eb:d3:4c:7f', [-47, -62, -61, -66, -68, -63, -63, -72]), ('b8:27:eb:cd:4b:81', [-66, -68, -66, -67, -70, -48, -52, -69, -57]), ('b8:27:eb:ee:32:b8', [-88, -91, -87, -80]), ('b8:27:eb:e7:50:37', [-72, -70, -68, -56, -62, -74, -79]), ('b8:27:eb:63:a1:e3', [-70, -81, -63, -68, -66, -64, -72, -72])]
08:37:31.283429,(-63,-48,-79),(-66,-55,-79),(-62,-52,-70),(-82,-78,-86),(-76,-68,-81),(-63,-53,-69)
[('b8:27:eb:b6:43:f8', [-62, -56, -54, -61, -67, -79, -63, -65, -48, -69]), ('b8:27:eb:d3:4c:7f', [-62, -56, -72, -72, -79, -67, -62, -63, -55]), ('b8:27:eb:cd:4b:81', [-67, -70, -52, -52, -59, -69]), ('b8:27:eb:ee:32:b8', [-79, -86, -82, -83, -78]), ('b8:27:eb:e7:50:37', [-68, -74, -75, -81, -81]), ('b8:27:eb:63:a1:e3', [-58, -53, -65, -66, -69, -56, -69, -65])]
08:37:33.209181,(-63,-58,-72),(-56,-43,-69),(-70,-48,-88),(-92,-87,-97),(-75,-63,-86),(-70,-56,-78)
[('b8:27:eb:b6:43:f8', [-60, -64, -65, -63, -72, -58, -59]), ('b8:27:eb:d3:4c:7f', [-64, -47, -55, -53, -53, -69, -60, -57, -43]), ('b8:27:eb:cd:4b:81', [-73, -75, -71, -70, -88, -72, -55, -76, -48]), ('b8:27:eb:ee:32:b8', [-87, -96, -92, -87, -92, -97]), ('b8:27:eb:e7:50:37', [-74, -67, -83, -63, -86, -76, -73, -73]), ('b8:27:eb:63:a1:e3', [-68, -72, -73, -78, -56, -61, -71, -75, -75])]
08:37:35.115955,(-59,-46,-67),(-57,-45,-65),(-59,-52,-68),(-84,-72,-95),(-74,-59,-87),(-63,-54,-71)
[('b8:27:eb:b6:43:f8', [-61, -64, -65, -46, -62, -47, -60, -67]), ('b8:27:eb:d3:4c:7f', [-45, -60, -45, -53, -65, -64, -62, -59]), ('b8:27:eb:cd:4b:81', [-53, -66, -52, -52, -68]), ('b8:27:eb:ee:32:b8', [-88, -75, -72, -88, -95]), ('b8:27:eb:e7:50:37', [-59, -70, -75, -87, -82, -73, -74, -68]), ('b8:27:eb:63:a1:e3', [-55, -71, -68, -68, -59, -54, -61])]
08:37:37.002461,(-68,-62,-78),(-62,-46,-74),(-64,-48,-75),(-89,-86,-93),(-71,-54,-75),(-64,-52,-71)
[('b8:27:eb:b6:43:f8', [-66, -71, -68, -64, -65, -78, -62, -64]), ('b8:27:eb:d3:4c:7f', [-58, -62, -74, -73, -70, -46, -48, -56, -70]), ('b8:27:eb:cd:4b:81', [-69, -75, -62, -48, -70, -57, -62, -67]), ('b8:27:eb:ee:32:b8', [-86, -88, -93]), ('b8:27:eb:e7:50:37', [-71, -70, -54, -71, -75, -75, -75, -75, -73]), ('b8:27:eb:63:a1:e3', [-64, -55, -58, -68, -71, -62, -71, -52, -71, -65])]
08:37:38.889952,(-62,-44,-73),(-65,-49,-74),(-60,-46,-73),(-82,-72,-96),(-64,-51,-80),(-65,-53,-70)
[('b8:27:eb:b6:43:f8', [-44, -61, -68, -57, -73, -56, -58, -66, -73]), ('b8:27:eb:d3:4c:7f', [-62, -63, -49, -61, -71, -74, -71]), ('b8:27:eb:cd:4b:81', [-60, -50, -71, -46, -56, -62, -73, -49, -68]), ('b8:27:eb:ee:32:b8', [-72, -86, -96, -73]), ('b8:27:eb:e7:50:37', [-73, -68, -51, -52, -59, -80]), ('b8:27:eb:63:a1:e3', [-70, -68, -53, -63, -66, -69])]
08:37:40.791311,(-61,-46,-72),(-61,-47,-70),(-64,-55,-71),(-79,-71,-92),(-74,-62,-81),(-72,-67,-79)
[('b8:27:eb:b6:43:f8', [-46, -60, -72, -60, -68, -48, -67]), ('b8:27:eb:d3:4c:7f', [-58, -68, -52, -61, -70, -47, -66]), ('b8:27:eb:cd:4b:81', [-60, -66, -65, -56, -71, -55, -70]), ('b8:27:eb:ee:32:b8', [-92, -71, -72]), ('b8:27:eb:e7:50:37', [-79, -77, -73, -72, -81, -73, -68, -62]), ('b8:27:eb:63:a1:e3', [-70, -68, -72, -67, -69, -75, -79, -76])]
08:37:42.702885,(-57,-41,-70),(-59,-44,-70),(-68,-62,-71),(-85,-77,-90),(-76,-71,-79),(-69,-63,-76)
[('b8:27:eb:b6:43:f8', [-52, -47, -41, -60, -62, -65, -70]), ('b8:27:eb:d3:4c:7f', [-60, -66, -57, -67, -46, -70, -44]), ('b8:27:eb:cd:4b:81', [-67, -70, -62, -70, -63, -68, -71]), ('b8:27:eb:ee:32:b8', [-88, -84, -85, -77, -90, -85]), ('b8:27:eb:e7:50:37', [-79, -75, -71, -75, -79, -77]), ('b8:27:eb:63:a1:e3', [-65, -76, -63, -66, -66, -69, -74])]
08:37:44.595947,(-58,-45,-74),(-56,-44,-68),(-62,-47,-83),(-86,-83,-93),(-70,-63,-78),(-58,-45,-72)
[('b8:27:eb:b6:43:f8', [-74, -58, -47, -54, -45, -61, -64]), ('b8:27:eb:d3:4c:7f', [-44, -68, -56, -46, -66, -49, -61]), ('b8:27:eb:cd:4b:81', [-58, -53, -59, -67, -63, -57, -65, -83, -47]), ('b8:27:eb:ee:32:b8', [-93, -83, -87, -83, -84]), ('b8:27:eb:e7:50:37', [-78, -66, -72, -70, -63, -72, -65]), ('b8:27:eb:63:a1:e3', [-71, -72, -46, -45, -70, -51, -48])]
08:37:46.489945,(-60,-47,-84),(-60,-48,-69),(-70,-62,-75),(-82,-70,-91),(-69,-52,-83),(-71,-63,-83)
[('b8:27:eb:b6:43:f8', [-84, -53, -68, -58, -54, -47, -55]), ('b8:27:eb:d3:4c:7f', [-68, -69, -54, -50, -63, -57, -63, -48, -66]), ('b8:27:eb:cd:4b:81', [-70, -68, -73, -68, -75, -62, -71]), ('b8:27:eb:ee:32:b8', [-73, -91, -70, -91]), ('b8:27:eb:e7:50:37', [-52, -64, -67, -83, -75]), ('b8:27:eb:63:a1:e3', [-63, -66, -68, -71, -83])]
08:37:48.427737,(-55,-48,-62),(-63,-54,-70),(-67,-49,-78),(-88,-84,-91),(-75,-63,-80),(-68,-47,-77)
[('b8:27:eb:b6:43:f8', [-52, -51, -61, -54, -59, -51, -48, -62, -53]), ('b8:27:eb:d3:4c:7f', [-65, -59, -63, -64, -65, -54, -65, -59, -70]), ('b8:27:eb:cd:4b:81', [-66, -49, -70, -68, -62, -70, -78]), ('b8:27:eb:ee:32:b8', [-90, -84, -91, -86]), ('b8:27:eb:e7:50:37', [-79, -76, -79, -63, -80, -71, -76, -70]), ('b8:27:eb:63:a1:e3', [-77, -47, -71, -69, -72])]
08:37:50.326519,(-64,-49,-80),(-61,-52,-71),(-61,-49,-69),(-89,-78,-100),(-67,-57,-75),(-64,-50,-72)
[('b8:27:eb:b6:43:f8', [-71, -80, -56, -66, -63, -49, -59]), ('b8:27:eb:d3:4c:7f', [-52, -60, -68, -63, -60, -71, -52]), ('b8:27:eb:cd:4b:81', [-66, -55, -50, -49, -66, -69, -67, -63]), ('b8:27:eb:ee:32:b8', [-87, -78, -88, -90, -86, -100]), ('b8:27:eb:e7:50:37', [-62, -60, -75, -57, -70, -70, -71]), ('b8:27:eb:63:a1:e3', [-68, -67, -65, -72, -62, -50, -66, -60])]
08:37:52.229131,(-54,-40,-68),(-63,-46,-74),(-61,-52,-66),(-86,-73,-94),(-67,-57,-72),(-61,-50,-71)
[('b8:27:eb:b6:43:f8', [-55, -41, -46, -40, -62, -52, -66, -68, -56]), ('b8:27:eb:d3:4c:7f', [-60, -56, -46, -72, -73, -74, -50, -59, -71]), ('b8:27:eb:cd:4b:81', [-63, -65, -59, -62, -60, -52, -63, -56, -66]), ('b8:27:eb:ee:32:b8', [-94, -73, -79, -81, -87, -92, -85, -92]), ('b8:27:eb:e7:50:37', [-57, -72, -68, -68, -68, -72, -68, -59]), ('b8:27:eb:63:a1:e3', [-61, -71, -62, -61, -50])]
