08:34:14.540765,(-65,-46,-71),(-53,-39,-57),(-58,-45,-68),(-78,-66,-91),(-75,-64,-83),(-63,-51,-74)
[('b8:27:eb:b6:43:f8', [-70, -69, -70, -63, -67, -46, -71, -61, -66, -66]), ('b8:27:eb:d3:4c:7f', [-53, -54, -39, -57, -55, -57, -52, -57, -52, -54]), ('b8:27:eb:cd:4b:81', [-45, -58, -45, -61, -64, -68, -61, -55]), ('b8:27:eb:ee:32:b8', [-66, -70, -84, -79, -91, -72, -81]), ('b8:27:eb:e7:50:37', [-76, -79, -83, -77, -64, -67, -76]), ('b8:27:eb:63:a1:e3', [-63, -66, -51, -61, -68, -60, -59, -62, -74])]
08:34:16.439783,(-62,-50,-72),(-50,-40,-56),(-66,-52,-81),(-82,-70,-92),(-78,-71,-82),(-63,-52,-66)
[('b8:27:eb:b6:43:f8', [-55, -51, -72, -70, -72, -54, -67, -65, -50]), ('b8:27:eb:d3:4c:7f', [-53, -42, -40, -55, -56, -51, -55, -56, -41]), ('b8:27:eb:cd:4b:81', [-54, -72, -65, -65, -70, -52, -69, -81, -58]), ('b8:27:eb:ee:32:b8', [-70, -85, -71, -92, -88, -81]), ('b8:27:eb:e7:50:37', [-81, -74, -81, -76, -75, -71, -82]), ('b8:27:eb:63:a1:e3', [-52, -66, -65, -63, -65, -65])]
08:34:18.340616,(-65,-55,-73),(-56,-52,-61),(-59,-54,-67),(-80,-70,-88),(-72,-62,-80),(-69,-55,-73)
[('b8:27:eb:b6:43:f8', [-55, -67, -68, -62, -65, -71, -73, -59]), ('b8:27:eb:d3:4c:7f', [-52, -52, -57, -56, -55, -57, -61]), ('b8:27:eb:cd:4b:81', [-57, -58, -55, -59, -54, -67, -59, -59, -55]), ('b8:27:eb:ee:32:b8', [-84, -78, -80, -84, -70, -88, -73]), ('b8:27:eb:e7:50:37', [-74, -75, -72, -62, -62, -80, -74]), ('b8:27:eb:63:a1:e3', [-71, -55, -69, -73, -68, -69, -73, -68])]
08:34:20.239650,(-66,-50,-78),(-58,-50,-66),(-61,-54,-69),(-81,-76,-84),(-75,-66,-82),(-66,-53,-73)
[('b8:27:eb:b6:43:f8', [-78, -66, -50, -68, -72, -54, -64, -72]), ('b8:27:eb:d3:4c:7f', [-59, -63, -66, -50, -51]), ('b8:27:eb:cd:4b:81', [-58, -59, -61, -60, -60, -69, -59, -54, -61, -66]), ('b8:27:eb:ee:32:b8', [-80, -82, -84, -83, -82, -76, -76]), ('b8:27:eb:e7:50:37', [-77, -78, -82, -78, -73, -67, -66]), ('b8:27:eb:63:a1:e3', [-68, -67, -73, -68, -53, -64, -68, -67, -66, -65])]
08:34:22.141190,(-74,-54,-87),(-63,-53,-69),(-60,-48,-75),(-78,-68,-86),(-68,-52,-79),(-67,-44,-83)
[('b8:27:eb:b6:43:f8', [-79, -67, -87, -54, -73, -79]), ('b8:27:eb:d3:4c:7f', [-64, -67, -57, -68, -63, -69, -53, -63, -63]), ('b8:27:eb:cd:4b:81', [-60, -67, -60, -59, -66, -49, -48, -75, -49]), ('b8:27:eb:ee:32:b8', [-80, -71, -78, -77, -78, -86, -80, -68]), ('b8:27:eb:e7:50:37', [-79, -71, -72, -76, -67, -53, -52, -67, -68]), ('b8:27:eb:63:a1:e3', [-67, -63, -78, -44, -69, -83, -65, -66, -62])]
08:34:24.053176,(-71,-55,-79),(-59,-45,-81),(-67,-50,-78),(-82,-71,-92),(-67,-53,-78),(-55,-45,-61)
[('b8:27:eb:b6:43:f8', [-71, -71, -77, -70, -55, -79, -72]), ('b8:27:eb:d3:4c:7f', [-57, -63, -57, -55, -59, -54, -81, -45, -53]), ('b8:27:eb:cd:4b:81', [-71, -50, -56, -71, -78, -74, -67, -71, -61]), ('b8:27:eb:ee:32:b8', [-81, -79, -83, -92, -71]), ('b8:27:eb:e7:50:37', [-73, -64, -68, -78, -60, -53, -71]), ('b8:27:eb:63:a1:e3', [-58, -61, -45, -58, -60, -46, -48, -55, -59])]
08:34:25.977370,(-69,-64,-74),(-59,-43,-76),(-63,-50,-77),(-74,-62,-90),(-73,-66,-88),(-58,-46,-71)
[('b8:27:eb:b6:43:f8', [-68, -71, -67, -70, -74, -67, -64]), ('b8:27:eb:d3:4c:7f', [-57, -55, -64, -59, -76, -43, -56, -56]), ('b8:27:eb:cd:4b:81', [-77, -64, -71, -61, -51, -63, -50]), ('b8:27:eb:ee:32:b8', [-73, -81, -90, -63, -62]), ('b8:27:eb:e7:50:37', [-68, -75, -73, -66, -66, -88]), ('b8:27:eb:63:a1:e3', [-46, -71, -56, -54, -47, -58, -50, -64, -70])]
08:34:27.863879,(-67,-59,-71),(-59,-45,-65),(-62,-49,-73),(-78,-73,-81),(-68,-58,-72),(-66,-57,-72)
[('b8:27:eb:b6:43:f8', [-71, -70, -63, -59, -69]), ('b8:27:eb:d3:4c:7f', [-62, -65, -61, -55, -45, -61]), ('b8:27:eb:cd:4b:81', [-58, -55, -68, -72, -56, -73, -49]), ('b8:27:eb:ee:32:b8', [-79, -73, -77, -77, -78, -81]), ('b8:27:eb:e7:50:37', [-58, -67, -69, -70, -68, -72]), ('b8:27:eb:63:a1:e3', [-72, -70, -62, -57, -63, -67, -67])]
08:34:29.784349,(-63,-49,-72),(-52,-43,-61),(-60,-52,-68),(-75,-68,-80),(-78,-72,-86),(-61,-47,-77)
[('b8:27:eb:b6:43:f8', [-59, -53, -68, -49, -72, -71, -69, -58, -66]), ('b8:27:eb:d3:4c:7f', [-59, -61, -45, -43, -60, -44]), ('b8:27:eb:cd:4b:81', [-60, -60, -58, -68, -58, -52, -63]), ('b8:27:eb:ee:32:b8', [-78, -80, -79, -74, -68, -71]), ('b8:27:eb:e7:50:37', [-72, -82, -78, -72, -79, -75, -86]), ('b8:27:eb:63:a1:e3', [-63, -47, -53, -77, -56, -58, -60, -69, -58])]
08:34:31.683455,(-64,-52,-71),(-50,-40,-55),(-60,-47,-66),(-82,-64,-90),(-75,-74,-78),(-72,-59,-86)
[('b8:27:eb:b6:43:f8', [-68, -52, -69, -62, -71, -55, -66, -64, -63]), ('b8:27:eb:d3:4c:7f', [-55, -54, -54, -54, -40, -40]), ('b8:27:eb:cd:4b:81', [-63, -56, -59, -66, -62, -60, -47, -61]), ('b8:27:eb:ee:32:b8', [-64, -80, -90, -89, -87, -80]), ('b8:27:eb:e7:50:37', [-75, -74, -78, -75, -74, -74]), ('b8:27:eb:63:a1:e3', [-86, -67, -78, -70, -59, -76, -65])]
08:34:33.582275,(-67,-59,-76),(-50,-39,-54),(-62,-51,-71),(-80,-70,-88),(-72,-59,-83),(-66,-56,-76)
[('b8:27:eb:b6:43:f8', [-67, -71, -65, -59, -69, -59, -76, -64]), ('b8:27:eb:d3:4c:7f', [-54, -52, -39, -53, -51, -50]), ('b8:27:eb:cd:4b:81', [-51, -58, -69, -71, -67, -53, -62, -69, -56, -64]), ('b8:27:eb:ee:32:b8', [-70, -80, -87, -82, -72, -88]), ('b8:27:eb:e7:50:37', [-82, -83, -82, -66, -79, -59, -71, -59, -67]), ('b8:27:eb:63:a1:e3', [-61, -61, -66, -72, -56, -64, -76])]
08:34:35.474263,(-61,-50,-69),(-49,-39,-59),(-64,-58,-73),(-82,-68,-93),(-69,-57,-80),(-71,-56,-85)
[('b8:27:eb:b6:43:f8', [-69, -64, -60, -58, -56, -50, -67]), ('b8:27:eb:d3:4c:7f', [-49, -52, -39, -59, -39, -53]), ('b8:27:eb:cd:4b:81', [-58, -63, -67, -61, -66, -58, -60, -73]), ('b8:27:eb:ee:32:b8', [-85, -79, -83, -93, -82, -68, -79, -83]), ('b8:27:eb:e7:50:37', [-73, -57, -75, -75, -60, -80, -61]), ('b8:27:eb:63:a1:e3', [-85, -62, -82, -56, -67, -74])]
08:34:37.395969,(-64,-52,-73),(-46,-41,-55),(-63,-46,-71),(-81,-72,-88),(-76,-65,-82),(-71,-61,-84)
[('b8:27:eb:b6:43:f8', [-56, -65, -68, -58, -72, -73, -68, -52]), ('b8:27:eb:d3:4c:7f', [-54, -43, -55, -41, -41, -43, -42]), ('b8:27:eb:cd:4b:81', [-68, -64, -65, -65, -46, -58, -71]), ('b8:27:eb:ee:32:b8', [-85, -72, -75, -85, -88, -76]), ('b8:27:eb:e7:50:37', [-65, -74, -77, -78, -82]), ('b8:27:eb:63:a1:e3', [-68, -75, -84, -71, -75, -65, -62, -61])]
08:34:39.311935,(-70,-58,-84),(-54,-39,-62),(-59,-56,-61),(-85,-70,-92),(-74,-60,-86),(-65,-47,-80)
[('b8:27:eb:b6:43:f8', [-71, -58, -72, -66, -66, -84, -73, -69]), ('b8:27:eb:d3:4c:7f', [-62, -54, -55, -54, -60, -39]), ('b8:27:eb:cd:4b:81', [-59, -58, -61, -58, -56]), ('b8:27:eb:ee:32:b8', [-89, -92, -70, -89, -78, -88]), ('b8:27:eb:e7:50:37', [-60, -71, -71, -70, -86, -86]), ('b8:27:eb:63:a1:e3', [-80, -51, -68, -47, -71, -76, -58, -66])]
08:34:41.217285,(-70,-56,-80),(-56,-43,-71),(-59,-43,-76),(-83,-74,-93),(-74,-59,-80),(-65,-52,-74)
[('b8:27:eb:b6:43:f8', [-68, -73, -56, -73, -80, -67, -69, -68]), ('b8:27:eb:d3:4c:7f', [-53, -43, -54, -58, -60, -51, -48, -71, -64]), ('b8:27:eb:cd:4b:81', [-43, -55, -46, -60, -61, -76, -70, -51, -67]), ('b8:27:eb:ee:32:b8', [-83, -93, -81, -84, -81, -87, -82, -76, -74]), ('b8:27:eb:e7:50:37', [-77, -59, -76, -72, -78, -71, -80, -73]), ('b8:27:eb:63:a1:e3', [-74, -72, -55, -61, -52, -67, -68, -65, -63])]
08:34:43.103540,(-65,-48,-72),(-64,-54,-74),(-65,-58,-69),(-79,-68,-89),(-65,-55,-75),(-64,-55,-72)
[('b8:27:eb:b6:43:f8', [-71, -70, -63, -65, -64, -48, -72]), ('b8:27:eb:d3:4c:7f', [-71, -74, -54, -60, -66, -64, -57]), ('b8:27:eb:cd:4b:81', [-68, -63, -69, -60, -68, -58]), ('b8:27:eb:ee:32:b8', [-85, -89, -68, -81, -73, -76]), ('b8:27:eb:e7:50:37', [-67, -59, -75, -58, -74, -66, -55, -60, -68]), ('b8:27:eb:63:a1:e3', [-63, -63, -69, -61, -64, -72, -61, -55])]
08:34:45.006635,(-68,-52,-87),(-57,-43,-68),(-68,-58,-79),(-77,-72,-82),(-66,-53,-76),(-55,-48,-68)
[('b8:27:eb:b6:43:f8', [-75, -58, -53, -52, -75, -74, -87]), ('b8:27:eb:d3:4c:7f', [-68, -46, -56, -43, -57, -64, -62]), ('b8:27:eb:cd:4b:81', [-79, -65, -69, -70, -58, -58, -71]), ('b8:27:eb:ee:32:b8', [-72, -80, -73, -82, -76, -77, -76, -79]), ('b8:27:eb:e7:50:37', [-66, -71, -76, -74, -64, -53, -69, -54]), ('b8:27:eb:63:a1:e3', [-50, -54, -48, -57, -48, -68, -56])]
08:34:46.913240,(-63,-52,-69),(-60,-49,-71),(-60,-48,-68),(-82,-73,-93),(-65,-53,-75),(-62,-45,-70)
[('b8:27:eb:b6:43:f8', [-55, -66, -67, -69, -63, -64, -62, -52, -65]), ('b8:27:eb:d3:4c:7f', [-49, -55, -61, -59, -71, -61, -61]), ('b8:27:eb:cd:4b:81', [-65, -64, -49, -63, -53, -64, -68, -48]), ('b8:27:eb:ee:32:b8', [-80, -82, -84, -76, -73, -93, -84]), ('b8:27:eb:e7:50:37', [-75, -69, -54, -66, -53, -70, -66, -64, -68]), ('b8:27:eb:63:a1:e3', [-45, -70, -68, -69, -58, -55, -65, -63])]
08:34:48.837164,(-62,-51,-68),(-59,-46,-68),(-62,-45,-73),(-78,-71,-88),(-66,-53,-80),(-58,-43,-71)
[('b8:27:eb:b6:43:f8', [-66, -68, -60, -67, -51, -51, -66, -65]), ('b8:27:eb:d3:4c:7f', [-68, -58, -46, -52, -65, -65, -55, -60]), ('b8:27:eb:cd:4b:81', [-45, -64, -61, -73, -64]), ('b8:27:eb:ee:32:b8', [-71, -71, -88, -73, -75, -83, -84]), ('b8:27:eb:e7:50:37', [-80, -65, -65, -67, -53, -57, -67, -67, -66, -69]), ('b8:27:eb:63:a1:e3', [-71, -56, -58, -61, -70, -43, -58, -45, -59])]
08:34:50.725870,(-62,-50,-68),(-56,-45,-69),(-64,-55,-71),(-82,-74,-88),(-70,-60,-77),(-66,-60,-70)
[('b8:27:eb:b6:43:f8', [-68, -50, -65, -63]), ('b8:27:eb:d3:4c:7f', [-45, -46, -66, -52, -69, -53, -55, -56, -58]), ('b8:27:eb:cd:4b:81', [-63, -71, -60, -68, -68, -55, -67, -57]), ('b8:27:eb:ee:32:b8', [-83, -88, -74]), ('b8:27:eb:e7:50:37', [-70, -62, -60, -77, -71, -77]), ('b8:27:eb:63:a1:e3', [-65, -69, -60, -62, -69, -70, -67, -60])]
08:34:52.681811,(-69,-57,-78),(-49,-36,-57),(-65,-58,-70),(-82,-69,-88),(-78,-66,-85),(-61,-50,-68)
[('b8:27:eb:b6:43:f8', [-69, -69, -74, -57, -57, -78, -67, -72, -68, -73]), ('b8:27:eb:d3:4c:7f', [-57, -52, -49, -36, -54, -38, -55]), ('b8:27:eb:cd:4b:81', [-70, -58, -69, -61]), ('b8:27:eb:ee:32:b8', [-82, -87, -86, -79, -88, -74, -82, -69, -84]), ('b8:27:eb:e7:50:37', [-81, -85, -79, -66, -74, -81, -72, -85]), ('b8:27:eb:63:a1:e3', [-56, -65, -52, -67, -65, -68, -50])]
08:34:54.574115,(-71,-54,-83),(-59,-51,-91),(-64,-53,-74),(-81,-74,-85),(-71,-59,-74),(-67,-56,-76)
[('b8:27:eb:b6:43:f8', [-77, -66, -83, -54, -71, -65, -67, -77, -72]), ('b8:27:eb:d3:4c:7f', [-52, -54, -51, -91, -57, -55, -54, -54, -57]), ('b8:27:eb:cd:4b:81', [-61, -53, -70, -74, -64, -64, -61, -63]), ('b8:27:eb:ee:32:b8', [-85, -84, -80, -80, -84, -74, -76]), ('b8:27:eb:e7:50:37', [-70, -72, -59, -72, -71, -70, -72, -70, -73, -74]), ('b8:27:eb:63:a1:e3', [-68, -76, -56, -57, -71, -67, -72])]
08:34:56.480970,(-72,-66,-79),(-55,-37,-64),(-51,-40,-60),(-77,-66,-85),(-72,-57,-79),(-64,-56,-74)
[('b8:27:eb:b6:43:f8', [-70, -76, -66, -76, -69, -68, -79, -69]), ('b8:27:eb:d3:4c:7f', [-55, -64, -61, -58, -55, -51, -54, -55, -37, -54]), ('b8:27:eb:cd:4b:81', [-60, -54, -40, -47, -60, -45, -57, -44]), ('b8:27:eb:ee:32:b8', [-66, -85, -72, -84, -81, -77, -69, -77]), ('b8:27:eb:e7:50:37', [-75, -57, -68, -68, -77, -78, -79, -68]), ('b8:27:eb:63:a1:e3', [-56, -67, -61, -59, -74, -62])]
08:34:58.413449,(-73,-63,-81),(-55,-41,-65),(-57,-42,-65),(-86,-78,-99),(-67,-55,-75),(-62,-53,-69)
[('b8:27:eb:b6:43:f8', [-67, -65, -75, -81, -73, -76, -76, -74, -72, -63]), ('b8:27:eb:d3:4c:7f', [-56, -41, -41, -59, -65, -61, -57]), ('b8:27:eb:cd:4b:81', [-65, -42, -54, -60, -64, -57, -58, -54, -57]), ('b8:27:eb:ee:32:b8', [-78, -82, -99, -89, -84, -79]), ('b8:27:eb:e7:50:37', [-72, -71, -60, -73, -55, -68, -57, -72, -75]), ('b8:27:eb:63:a1:e3', [-53, -65, -68, -68, -69, -55, -54])]
08:35:00.299589,(-71,-57,-81),(-64,-46,-78),(-54,-41,-73),(-74,-66,-86),(-70,-62,-75),(-71,-62,-79)
[('b8:27:eb:b6:43:f8', [-71, -70, -74, -57, -73, -67, -68, -81]), ('b8:27:eb:d3:4c:7f', [-61, -57, -62, -62, -46, -68, -62, -78, -77, -63]), ('b8:27:eb:cd:4b:81', [-41, -54, -43, -42, -62, -59, -73]), ('b8:27:eb:ee:32:b8', [-66, -68, -86, -75, -66, -80]), ('b8:27:eb:e7:50:37', [-75, -75, -71, -62, -71, -68, -67]), ('b8:27:eb:63:a1:e3', [-79, -66, -79, -72, -67, -66, -62])]
08:35:02.234671,(-64,-52,-71),(-62,-49,-71),(-59,-47,-79),(-76,-66,-83),(-62,-51,-76),(-63,-52,-73)
[('b8:27:eb:b6:43:f8', [-66, -65, -52, -70, -55, -71]), ('b8:27:eb:d3:4c:7f', [-66, -49, -71, -66, -62, -69, -49]), ('b8:27:eb:cd:4b:81', [-47, -47, -51, -64, -61, -56, -79, -65]), ('b8:27:eb:ee:32:b8', [-77, -72, -78, -83, -79, -66]), ('b8:27:eb:e7:50:37', [-58, -75, -69, -52, -53, -55, -76, -51, -68]), ('b8:27:eb:63:a1:e3', [-65, -66, -68, -59, -73, -56, -52])]
08:35:04.139818,(-70,-51,-80),(-56,-44,-63),(-59,-47,-73),(-85,-77,-95),(-66,-48,-75),(-63,-48,-70)
[('b8:27:eb:b6:43:f8', [-51, -68, -66, -78, -80, -69, -74, -71]), ('b8:27:eb:d3:4c:7f', [-62, -60, -47, -59, -63, -44, -59, -44, -60, -60]), ('b8:27:eb:cd:4b:81', [-49, -47, -73, -67, -48, -62, -67]), ('b8:27:eb:ee:32:b8', [-77, -84, -95, -84]), ('b8:27:eb:e7:50:37', [-69, -66, -70, -70, -70, -57, -48, -68, -75]), ('b8:27:eb:63:a1:e3', [-48, -70, -70, -65, -59, -67, -57, -68, -51, -70])]
08:35:06.039768,(-74,-66,-84),(-59,-45,-68),(-61,-56,-64),(-77,-68,-86),(-70,-59,-78),(-61,-44,-73)
[('b8:27:eb:b6:43:f8', [-72, -72, -74, -66, -84, -73]), ('b8:27:eb:d3:4c:7f', [-64, -56, -45, -68, -61]), ('b8:27:eb:cd:4b:81', [-56, -61, -64]), ('b8:27:eb:ee:32:b8', [-68, -77, -83, -86, -74, -77, -73]), ('b8:27:eb:e7:50:37', [-77, -66, -63, -66, -78, -66, -73, -74, -59]), ('b8:27:eb:63:a1:e3', [-62, -73, -44, -60, -63, -62, -59, -61])]
08:35:07.948585,(-67,-57,-75),(-62,-43,-77),(-63,-52,-78),(-71,-67,-83),(-65,-50,-77),(-61,-56,-67)
[('b8:27:eb:b6:43:f8', [-68, -70, -75, -64, -58, -70, -66, -57, -67]), ('b8:27:eb:d3:4c:7f', [-71, -56, -61, -67, -43, -77, -55, -62, -64]), ('b8:27:eb:cd:4b:81', [-52, -78, -66, -63, -52]), ('b8:27:eb:ee:32:b8', [-67, -67, -67, -83]), ('b8:27:eb:e7:50:37', [-68, -71, -69, -55, -77, -59, -50, -64]), ('b8:27:eb:63:a1:e3', [-61, -58, -67, -59, -56, -64, -56])]
08:35:09.839783,(-68,-55,-73),(-53,-41,-73),(-62,-47,-71),(-76,-63,-80),(-73,-53,-84),(-58,-54,-62)
[('b8:27:eb:b6:43:f8', [-67, -73, -69, -67, -72, -71, -55, -67, -69]), ('b8:27:eb:d3:4c:7f', [-73, -47, -47, -53, -59, -43, -49, -59, -41, -59]), ('b8:27:eb:cd:4b:81', [-66, -67, -64, -71, -68, -47, -61, -48]), ('b8:27:eb:ee:32:b8', [-78, -80, -75, -75, -63, -80]), ('b8:27:eb:e7:50:37', [-84, -72, -69, -78, -53, -81, -70, -70, -75]), ('b8:27:eb:63:a1:e3', [-61, -58, -62, -54, -55, -58, -55])]
08:35:11.729665,(-69,-65,-77),(-57,-45,-74),(-64,-55,-69),(-75,-62,-83),(-69,-55,-78),(-56,-44,-66)
[('b8:27:eb:b6:43:f8', [-70, -77, -68, -65, -73, -65, -68, -65]), ('b8:27:eb:d3:4c:7f', [-45, -57, -50, -61, -65, -74, -46, -51]), ('b8:27:eb:cd:4b:81', [-55, -69, -68, -64, -59, -67, -62, -66, -63]), ('b8:27:eb:ee:32:b8', [-76, -83, -73, -79, -75, -75, -62]), ('b8:27:eb:e7:50:37', [-75, -73, -59, -76, -55, -78, -73, -68, -62]), ('b8:27:eb:63:a1:e3', [-66, -63, -59, -57, -44, -50, -47])]
08:35:13.619880,(-65,-48,-75),(-63,-56,-65),(-66,-47,-85),(-79,-71,-89),(-69,-54,-82),(-64,-53,-75)
[('b8:27:eb:b6:43:f8', [-48, -64, -68, -64, -68, -56, -73, -75]), ('b8:27:eb:d3:4c:7f', [-61, -61, -63, -65, -65, -64, -56]), ('b8:27:eb:cd:4b:81', [-73, -65, -47, -85, -59, -73, -59, -65]), ('b8:27:eb:ee:32:b8', [-75, -79, -77, -89, -79, -71]), ('b8:27:eb:e7:50:37', [-82, -57, -75, -54, -67, -56, -71, -78, -72, -74]), ('b8:27:eb:63:a1:e3', [-63, -66, -61, -61, -61, -75, -71, -60, -53])]
08:35:15.521025,(-67,-57,-74),(-60,-48,-67),(-58,-48,-71),(-83,-75,-91),(-73,-61,-85),(-63,-52,-71)
[('b8:27:eb:b6:43:f8', [-57, -63, -68, -66, -73, -74, -67, -64]), ('b8:27:eb:d3:4c:7f', [-60, -60, -62, -48, -61, -59, -57, -67, -61, -62]), ('b8:27:eb:cd:4b:81', [-55, -55, -71, -56, -59, -48, -49, -70]), ('b8:27:eb:ee:32:b8', [-80, -80, -75, -78, -87, -86, -91, -84]), ('b8:27:eb:e7:50:37', [-69, -71, -71, -73, -73, -74, -61, -85, -78, -72]), ('b8:27:eb:63:a1:e3', [-62, -71, -59, -66, -60, -52, -70, -57])]
08:35:17.416007,(-67,-52,-76),(-56,-44,-66),(-60,-46,-66),(-81,-70,-84),(-75,-59,-81),(-63,-46,-75)
[('b8:27:eb:b6:43:f8', [-66, -52, -53, -72, -70, -71, -71, -69, -76]), ('b8:27:eb:d3:4c:7f', [-66, -46, -45, -64, -44, -61, -58, -49, -65]), ('b8:27:eb:cd:4b:81', [-66, -46, -61, -65, -49, -61, -63, -63, -63]), ('b8:27:eb:ee:32:b8', [-84, -82, -83, -83, -70]), ('b8:27:eb:e7:50:37', [-78, -59, -81, -80, -75, -74, -72]), ('b8:27:eb:63:a1:e3', [-75, -71, -56, -67, -58, -46])]
08:35:19.340683,(-59,-47,-70),(-52,-43,-59),(-63,-54,-71),(-87,-72,-98),(-71,-59,-84),(-64,-61,-66)
[('b8:27:eb:b6:43:f8', [-62, -50, -47, -70, -47, -67, -66]), ('b8:27:eb:d3:4c:7f', [-43, -58, -51, -48, -51, -52, -59]), ('b8:27:eb:cd:4b:81', [-58, -54, -69, -54, -66, -65, -71, -66]), ('b8:27:eb:ee:32:b8', [-72, -80, -91, -98, -90]), ('b8:27:eb:e7:50:37', [-84, -64, -59, -76, -74, -82, -59, -75, -66]), ('b8:27:eb:63:a1:e3', [-61, -66, -62, -63, -64, -64, -63])]
08:35:21.250798,(-64,-50,-71),(-55,-54,-55),(-54,-42,-65),(-89,-82,-96),(-70,-61,-77),(-58,-50,-68)
[('b8:27:eb:b6:43:f8', [-68, -68, -57, -70, -71, -57, -69, -50, -58]), ('b8:27:eb:d3:4c:7f', [-55, -54, -54]), ('b8:27:eb:cd:4b:81', [-59, -60, -42, -65, -42, -52]), ('b8:27:eb:ee:32:b8', [-96, -86, -82, -91]), ('b8:27:eb:e7:50:37', [-69, -74, -61, -72, -77, -64]), ('b8:27:eb:63:a1:e3', [-51, -68, -60, -62, -50, -52, -64, -55])]
08:35:23.161747,(-60,-52,-69),(-50,-37,-55),(-60,-49,-69),(-78,-72,-82),(-83,-74,-92),(-63,-49,-80)
[('b8:27:eb:b6:43:f8', [-56, -64, -64, -55, -69, -52, -57]), ('b8:27:eb:d3:4c:7f', [-49, -37, -50, -55, -53, -53]), ('b8:27:eb:cd:4b:81', [-69, -52, -64, -63, -62, -58, -58, -49, -59]), ('b8:27:eb:ee:32:b8', [-79, -77, -72, -76, -76, -81, -78, -82, -73]), ('b8:27:eb:e7:50:37', [-92, -74, -76, -85, -82, -85]), ('b8:27:eb:63:a1:e3', [-51, -49, -70, -63, -77, -80, -49, -76, -62, -52])]
08:35:25.077375,(-70,-61,-74),(-46,-36,-57),(-63,-59,-76),(-82,-68,-95),(-73,-59,-78),(-65,-53,-82)
[('b8:27:eb:b6:43:f8', [-70, -71, -74, -68, -73, -72, -70, -61, -65]), ('b8:27:eb:d3:4c:7f', [-36, -40, -37, -54, -36, -57, -56, -40, -55]), ('b8:27:eb:cd:4b:81', [-61, -61, -59, -63, -76, -61, -59]), ('b8:27:eb:ee:32:b8', [-95, -68, -85, -74, -86, -83]), ('b8:27:eb:e7:50:37', [-73, -73, -78, -76, -72, -59, -75]), ('b8:27:eb:63:a1:e3', [-68, -67, -82, -63, -53, -57, -61])]
08:35:26.999637,(-67,-57,-72),(-53,-39,-60),(-57,-45,-68),(-78,-65,-91),(-74,-61,-83),(-65,-54,-72)
[('b8:27:eb:b6:43:f8', [-68, -71, -67, -69, -72, -57, -61]), ('b8:27:eb:d3:4c:7f', [-39, -52, -55, -60, -53, -42, -53, -58, -59]), ('b8:27:eb:cd:4b:81', [-45, -61, -45, -58, -61, -68, -60, -51, -58, -54]), ('b8:27:eb:ee:32:b8', [-81, -65, -77, -84, -91, -70]), ('b8:27:eb:e7:50:37', [-67, -78, -83, -78, -65, -61, -80, -78]), ('b8:27:eb:63:a1:e3', [-66, -71, -72, -54, -71, -54, -62, -64])]
08:35:28.897981,(-74,-61,-88),(-62,-51,-72),(-60,-50,-67),(-79,-74,-84),(-71,-60,-80),(-57,-45,-65)
[('b8:27:eb:b6:43:f8', [-75, -78, -61, -67, -88, -73, -73, -72]), ('b8:27:eb:d3:4c:7f', [-59, -56, -51, -60, -60, -64, -59, -63, -72, -71]), ('b8:27:eb:cd:4b:81', [-63, -55, -56, -60, -67, -63, -50]), ('b8:27:eb:ee:32:b8', [-81, -77, -84, -77, -77, -74, -81]), ('b8:27:eb:e7:50:37', [-77, -64, -80, -65, -60, -80]), ('b8:27:eb:63:a1:e3', [-65, -58, -65, -49, -45, -59])]
08:35:30.835309,(-67,-51,-79),(-71,-64,-83),(-61,-46,-73),(-78,-63,-84),(-73,-59,-97),(-57,-48,-63)
[('b8:27:eb:b6:43:f8', [-65, -72, -70, -63, -79, -51, -73, -63]), ('b8:27:eb:d3:4c:7f', [-72, -83, -64, -73, -65, -64, -74]), ('b8:27:eb:cd:4b:81', [-73, -63, -46, -51, -60, -68]), ('b8:27:eb:ee:32:b8', [-63, -82, -84, -80]), ('b8:27:eb:e7:50:37', [-59, -72, -72, -74, -71, -97, -69, -67, -74]), ('b8:27:eb:63:a1:e3', [-59, -61, -48, -51, -63, -56])]
08:35:32.764177,(-67,-55,-76),(-62,-54,-70),(-65,-61,-74),(-79,-73,-86),(-67,-52,-77),(-60,-48,-72)
[('b8:27:eb:b6:43:f8', [-67, -76, -65, -67, -65, -55, -68]), ('b8:27:eb:d3:4c:7f', [-68, -70, -62, -54, -54, -60, -63]), ('b8:27:eb:cd:4b:81', [-63, -61, -61, -74]), ('b8:27:eb:ee:32:b8', [-73, -86, -81, -76]), ('b8:27:eb:e7:50:37', [-67, -71, -52, -77, -68, -60, -74, -71, -54, -73]), ('b8:27:eb:63:a1:e3', [-50, -70, -56, -59, -48, -68, -72, -56])]
08:35:34.734511,(-70,-55,-85),(-59,-55,-66),(-72,-61,-81),(-79,-66,-91),(-69,-55,-81),(-60,-44,-80)
[('b8:27:eb:b6:43:f8', [-55, -70, -85, -68, -58, -72, -77, -71, -74]), ('b8:27:eb:d3:4c:7f', [-56, -66, -55, -61, -60, -55]), ('b8:27:eb:cd:4b:81', [-75, -81, -61, -65, -75]), ('b8:27:eb:ee:32:b8', [-66, -70, -79, -91, -84, -77, -77, -84]), ('b8:27:eb:e7:50:37', [-55, -70, -56, -80, -69, -81]), ('b8:27:eb:63:a1:e3', [-80, -61, -59, -56, -62, -50, -44, -66])]
08:35:36.643160,(-70,-59,-82),(-55,-39,-60),(-66,-52,-82),(-76,-69,-84),(-64,-53,-78),(-54,-43,-60)
[('b8:27:eb:b6:43:f8', [-82, -69, -59, -66, -70, -72, -71]), ('b8:27:eb:d3:4c:7f', [-57, -57, -54, -39, -59, -57, -51, -60]), ('b8:27:eb:cd:4b:81', [-68, -78, -82, -52, -58, -65, -53]), ('b8:27:eb:ee:32:b8', [-82, -76, -69, -75, -70, -72, -84]), ('b8:27:eb:e7:50:37', [-53, -78, -65, -58, -66, -56, -65, -67]), ('b8:27:eb:63:a1:e3', [-58, -46, -54, -60, -43, -58])]
08:35:38.543467,(-59,-52,-68),(-66,-52,-72),(-66,-56,-74),(-79,-75,-88),(-67,-52,-85),(-69,-63,-72)
[('b8:27:eb:b6:43:f8', [-52, -64, -56, -62, -57, -62, -68, -52, -61, -56]), ('b8:27:eb:d3:4c:7f', [-70, -66, -72, -68, -52, -72, -65, -62]), ('b8:27:eb:cd:4b:81', [-67, -56, -67, -74, -67, -57, -63, -71]), ('b8:27:eb:ee:32:b8', [-76, -75, -80, -77, -77, -75, -78, -88, -81]), ('b8:27:eb:e7:50:37', [-52, -57, -68, -85, -70, -70, -78, -61, -57]), ('b8:27:eb:63:a1:e3', [-69, -71, -72, -63, -67])]
08:35:40.453371,(-64,-47,-83),(-68,-58,-80),(-63,-43,-79),(-79,-64,-89),(-69,-53,-78),(-61,-45,-79)
[('b8:27:eb:b6:43:f8', [-48, -64, -75, -83, -47, -68, -61, -64, -66]), ('b8:27:eb:d3:4c:7f', [-72, -62, -66, -80, -59, -74, -67, -58]), ('b8:27:eb:cd:4b:81', [-59, -68, -62, -71, -56, -66, -43, -60, -79, -66]), ('b8:27:eb:ee:32:b8', [-89, -73, -64, -80, -82, -81, -79]), ('b8:27:eb:e7:50:37', [-73, -66, -77, -68, -78, -58, -76, -53]), ('b8:27:eb:63:a1:e3', [-49, -62, -45, -56, -56, -68, -71, -79])]
08:35:42.362033,(-69,-63,-78),(-58,-48,-66),(-61,-51,-67),(-81,-78,-82),(-71,-66,-78),(-64,-48,-79)
[('b8:27:eb:b6:43:f8', [-69, -71, -63, -67, -78, -69, -67, -69, -67, -67]), ('b8:27:eb:d3:4c:7f', [-48, -60, -61, -55, -53, -57, -66]), ('b8:27:eb:cd:4b:81', [-67, -61, -62, -64, -51, -67, -53, -60, -62]), ('b8:27:eb:ee:32:b8', [-82, -78, -81, -82, -80]), ('b8:27:eb:e7:50:37', [-68, -78, -71, -66]), ('b8:27:eb:63:a1:e3', [-61, -73, -48, -55, -60, -66, -79, -70])]
08:35:44.305542,(-66,-53,-77),(-51,-39,-66),(-61,-46,-71),(-74,-66,-88),(-77,-62,-86),(-68,-53,-78)
[('b8:27:eb:b6:43:f8', [-77, -70, -53, -66, -66, -69, -69, -62, -56]), ('b8:27:eb:d3:4c:7f', [-64, -45, -43, -54, -55, -54, -66, -39, -39]), ('b8:27:eb:cd:4b:81', [-60, -58, -46, -60, -71, -66, -57, -62, -62, -61]), ('b8:27:eb:ee:32:b8', [-88, -78, -69, -69, -79, -68, -66, -69]), ('b8:27:eb:e7:50:37', [-82, -86, -75, -73, -81, -62, -81, -76]), ('b8:27:eb:63:a1:e3', [-63, -78, -77, -70, -53, -62])]
08:35:46.204534,(-63,-47,-74),(-54,-39,-60),(-60,-49,-66),(-87,-81,-90),(-74,-61,-80),(-66,-62,-67)
[('b8:27:eb:b6:43:f8', [-66, -47, -66, -56, -60, -74, -65, -71, -55]), ('b8:27:eb:d3:4c:7f', [-39, -60, -52, -56, -55, -54, -55, -55, -55]), ('b8:27:eb:cd:4b:81', [-51, -60, -64, -66, -61, -63, -49]), ('b8:27:eb:ee:32:b8', [-81, -86, -90, -88, -89, -84]), ('b8:27:eb:e7:50:37', [-76, -80, -75, -74, -61, -74]), ('b8:27:eb:63:a1:e3', [-67, -65, -64, -67, -62, -64, -67])]
08:35:48.104728,(-70,-52,-76),(-54,-38,-58),(-66,-61,-73),(-85,-77,-94),(-74,-68,-80),(-68,-51,-83)
[('b8:27:eb:b6:43:f8', [-52, -65, -72, -74, -72, -76, -71, -76]), ('b8:27:eb:d3:4c:7f', [-53, -53, -52, -56, -38, -54, -56, -58, -58, -57]), ('b8:27:eb:cd:4b:81', [-61, -61, -65, -63, -64, -65, -71, -73]), ('b8:27:eb:ee:32:b8', [-80, -86, -87, -94, -87, -84, -77]), ('b8:27:eb:e7:50:37', [-73, -76, -72, -80, -68, -73, -78, -71, -76, -72]), ('b8:27:eb:63:a1:e3', [-83, -54, -63, -64, -76, -73, -71, -71, -51])]
08:35:50.005753,(-69,-52,-95),(-51,-37,-57),(-58,-46,-64),(-82,-74,-90),(-71,-56,-79),(-63,-52,-74)
[('b8:27:eb:b6:43:f8', [-68, -52, -75, -95, -68, -52, -78, -54, -68, -71]), ('b8:27:eb:d3:4c:7f', [-55, -54, -57, -37, -55, -40, -55]), ('b8:27:eb:cd:4b:81', [-46, -59, -63, -64, -54, -63, -58, -50]), ('b8:27:eb:ee:32:b8', [-84, -90, -82, -77, -83, -79, -74]), ('b8:27:eb:e7:50:37', [-57, -75, -56, -73, -79, -73, -79]), ('b8:27:eb:63:a1:e3', [-52, -57, -64, -62, -56, -74, -67, -69, -57, -68])]
