08:28:32.012532,(-77,-64,-84),(-68,-57,-80),(-74,-57,-85),(-78,-72,-86),(-56,-46,-67),(-62,-49,-73)
[('b8:27:eb:b6:43:f8', [-84, -84, -79, -68, -68, -64, -84, -81]), ('b8:27:eb:d3:4c:7f', [-57, -71, -80, -72, -76, -58, -68, -59]), ('b8:27:eb:cd:4b:81', [-85, -78, -83, -72, -57, -66]), ('b8:27:eb:ee:32:b8', [-72, -86, -76, -73, -73, -75, -79, -82, -83]), ('b8:27:eb:e7:50:37', [-46, -58, -61, -64, -50, -62, -47, -67, -47]), ('b8:27:eb:63:a1:e3', [-49, -64, -63, -62, -67, -56, -73, -59, -59])]
08:28:33.950489,(-82,-76,-89),(-71,-56,-80),(-77,-71,-82),(-68,-61,-76),(-60,-49,-66),(-57,-42,-68)
[('b8:27:eb:b6:43:f8', [-84, -76, -85, -89, -82, -79, -83, -77, -78]), ('b8:27:eb:d3:4c:7f', [-73, -80, -77, -61, -66, -61, -80, -76, -78, -56]), ('b8:27:eb:cd:4b:81', [-77, -78, -78, -71, -82, -81, -71, -78, -76]), ('b8:27:eb:ee:32:b8', [-61, -67, -70, -73, -61, -61, -70, -76]), ('b8:27:eb:e7:50:37', [-66, -60, -62, -65, -65, -64, -49, -53, -51]), ('b8:27:eb:63:a1:e3', [-68, -42, -63, -63, -47, -51, -60, -59, -58])]
08:28:35.886013,(-78,-63,-87),(-70,-57,-75),(-81,-74,-84),(-74,-70,-85),(-68,-57,-79),(-59,-43,-72)
[('b8:27:eb:b6:43:f8', [-72, -82, -81, -63, -83, -78, -87, -79, -69]), ('b8:27:eb:d3:4c:7f', [-72, -73, -75, -59, -75, -57, -75]), ('b8:27:eb:cd:4b:81', [-74, -77, -83, -84, -83]), ('b8:27:eb:ee:32:b8', [-85, -71, -74, -71, -73, -72, -70]), ('b8:27:eb:e7:50:37', [-59, -57, -71, -79, -66, -79, -70, -62, -66]), ('b8:27:eb:63:a1:e3', [-43, -62, -56, -57, -56, -64, -72])]
08:28:37.796526,(-82,-69,-91),(-68,-62,-72),(-70,-59,-83),(-69,-58,-75),(-67,-57,-79),(-58,-45,-70)
[('b8:27:eb:b6:43:f8', [-70, -83, -86, -84, -80, -69, -91, -89]), ('b8:27:eb:d3:4c:7f', [-71, -70, -72, -67, -62, -67, -64]), ('b8:27:eb:cd:4b:81', [-65, -72, -63, -59, -76, -83, -69]), ('b8:27:eb:ee:32:b8', [-70, -58, -71, -75]), ('b8:27:eb:e7:50:37', [-67, -58, -57, -57, -73, -57, -72, -79, -69, -72]), ('b8:27:eb:63:a1:e3', [-45, -64, -56, -58, -57, -55, -57, -70])]
08:28:39.708792,(-84,-79,-90),(-65,-50,-77),(-75,-62,-87),(-75,-67,-81),(-64,-50,-74),(-63,-43,-80)
[('b8:27:eb:b6:43:f8', [-81, -86, -90, -83, -79, -84]), ('b8:27:eb:d3:4c:7f', [-50, -53, -58, -73, -75, -77, -72, -59, -58, -68]), ('b8:27:eb:cd:4b:81', [-62, -87, -72, -74, -71, -74, -73, -79, -82]), ('b8:27:eb:ee:32:b8', [-67, -81, -74, -74, -81, -79, -72, -69, -78]), ('b8:27:eb:e7:50:37', [-71, -69, -74, -55, -65, -63, -50, -65]), ('b8:27:eb:63:a1:e3', [-43, -72, -80, -59, -72, -44, -63, -67])]
08:28:41.646651,(-83,-70,-90),(-70,-50,-90),(-69,-60,-73),(-71,-59,-81),(-62,-48,-71),(-53,-47,-61)
[('b8:27:eb:b6:43:f8', [-84, -90, -79, -70, -78, -90, -88]), ('b8:27:eb:d3:4c:7f', [-62, -71, -73, -73, -90, -71, -50]), ('b8:27:eb:cd:4b:81', [-73, -67, -65, -68, -60, -73, -72, -72]), ('b8:27:eb:ee:32:b8', [-70, -80, -59, -62, -81, -74, -68]), ('b8:27:eb:e7:50:37', [-63, -60, -63, -61, -48, -63, -71]), ('b8:27:eb:63:a1:e3', [-49, -57, -50, -47, -47, -60, -61, -47])]
08:28:43.569184,(-81,-70,-87),(-66,-55,-72),(-69,-58,-75),(-70,-58,-80),(-65,-48,-75),(-64,-48,-73)
[('b8:27:eb:b6:43:f8', [-83, -70, -82, -87, -82]), ('b8:27:eb:d3:4c:7f', [-58, -69, -67, -66, -71, -72, -55, -57, -72]), ('b8:27:eb:cd:4b:81', [-68, -58, -73, -75, -75, -62]), ('b8:27:eb:ee:32:b8', [-71, -80, -58, -67, -76, -66]), ('b8:27:eb:e7:50:37', [-68, -75, -64, -74, -64, -65, -48, -57, -68]), ('b8:27:eb:63:a1:e3', [-68, -73, -48, -58, -62, -67, -69])]
08:28:45.472926,(-77,-72,-79),(-74,-61,-83),(-74,-59,-86),(-66,-52,-79),(-62,-49,-72),(-66,-51,-78)
[('b8:27:eb:b6:43:f8', [-72, -79, -76, -79]), ('b8:27:eb:d3:4c:7f', [-80, -72, -83, -75, -70, -75, -61]), ('b8:27:eb:cd:4b:81', [-74, -70, -75, -59, -76, -86]), ('b8:27:eb:ee:32:b8', [-79, -56, -72, -57, -72, -61, -72, -52]), ('b8:27:eb:e7:50:37', [-63, -66, -62, -49, -61, -72, -61]), ('b8:27:eb:63:a1:e3', [-51, -58, -67, -70, -67, -78])]
08:28:47.385216,(-80,-74,-85),(-75,-68,-79),(-75,-67,-82),(-68,-55,-74),(-61,-49,-67),(-67,-55,-72)
[('b8:27:eb:b6:43:f8', [-85, -76, -82, -74, -80, -80, -79, -78]), ('b8:27:eb:d3:4c:7f', [-68, -73, -74, -76, -76, -79, -72, -75]), ('b8:27:eb:cd:4b:81', [-74, -77, -78, -67, -74, -69, -78, -82]), ('b8:27:eb:ee:32:b8', [-68, -74, -72, -70, -62, -68, -71, -66, -55]), ('b8:27:eb:e7:50:37', [-65, -64, -62, -62, -49, -58, -61, -67]), ('b8:27:eb:63:a1:e3', [-67, -66, -72, -68, -72, -55])]
08:28:49.308699,(-73,-64,-85),(-72,-56,-78),(-77,-73,-82),(-61,-53,-71),(-60,-49,-69),(-56,-47,-63)
[('b8:27:eb:b6:43:f8', [-68, -85, -75, -74, -68, -64, -65, -81]), ('b8:27:eb:d3:4c:7f', [-69, -76, -78, -71, -75, -56, -73, -73, -73]), ('b8:27:eb:cd:4b:81', [-77, -73, -74, -82, -73, -75, -75, -82]), ('b8:27:eb:ee:32:b8', [-70, -55, -71, -53, -53]), ('b8:27:eb:e7:50:37', [-62, -49, -69, -59, -52, -51, -67, -58, -67]), ('b8:27:eb:63:a1:e3', [-52, -55, -57, -56, -49, -62, -63, -58, -53, -47])]
08:28:51.242861,(-79,-64,-93),(-70,-58,-77),(-77,-72,-82),(-63,-52,-72),(-58,-46,-67),(-63,-57,-75)
[('b8:27:eb:b6:43:f8', [-93, -64, -79, -75, -79, -82]), ('b8:27:eb:d3:4c:7f', [-58, -70, -77, -66, -77, -66, -71, -70, -71]), ('b8:27:eb:cd:4b:81', [-76, -72, -74, -82, -74, -73, -81, -78]), ('b8:27:eb:ee:32:b8', [-67, -69, -72, -71, -65, -52, -53, -53]), ('b8:27:eb:e7:50:37', [-63, -46, -67, -51, -62, -61, -57, -49, -61]), ('b8:27:eb:63:a1:e3', [-75, -61, -59, -57, -60, -60, -65, -61])]
08:28:53.178798,(-81,-68,-93),(-67,-52,-73),(-77,-68,-80),(-64,-52,-82),(-57,-43,-66),(-63,-53,-70)
[('b8:27:eb:b6:43:f8', [-68, -89, -93, -81, -78, -80, -73]), ('b8:27:eb:d3:4c:7f', [-72, -71, -71, -71, -52, -67, -72, -73, -54]), ('b8:27:eb:cd:4b:81', [-77, -74, -68, -77, -80, -80, -73, -80]), ('b8:27:eb:ee:32:b8', [-60, -54, -67, -52, -69, -66, -55, -67, -82]), ('b8:27:eb:e7:50:37', [-58, -62, -43, -46, -60, -58, -66, -50, -64]), ('b8:27:eb:63:a1:e3', [-67, -68, -53, -65, -70, -64, -59, -63, -57])]
08:28:55.108969,(-81,-74,-93),(-72,-69,-78),(-76,-67,-83),(-70,-59,-79),(-65,-46,-74),(-58,-48,-70)
[('b8:27:eb:b6:43:f8', [-79, -82, -77, -93, -82, -81, -74, -79, -83, -80]), ('b8:27:eb:d3:4c:7f', [-69, -71, -70, -72, -72, -72, -73, -71, -78]), ('b8:27:eb:cd:4b:81', [-74, -74, -83, -80, -67]), ('b8:27:eb:ee:32:b8', [-79, -61, -72, -72, -59, -70, -75]), ('b8:27:eb:e7:50:37', [-46, -62, -73, -74, -67, -64, -72, -61, -68, -62]), ('b8:27:eb:63:a1:e3', [-48, -63, -51, -70, -67, -52, -52])]
08:28:57.049186,(-80,-70,-84),(-77,-73,-81),(-79,-76,-84),(-72,-59,-88),(-61,-46,-70),(-63,-53,-72)
[('b8:27:eb:b6:43:f8', [-79, -84, -83, -70, -81, -79]), ('b8:27:eb:d3:4c:7f', [-73, -81, -75, -79]), ('b8:27:eb:cd:4b:81', [-77, -77, -84, -79, -76, -81]), ('b8:27:eb:ee:32:b8', [-68, -69, -71, -75, -59, -77, -61, -88, -72]), ('b8:27:eb:e7:50:37', [-46, -65, -61, -58, -60, -64, -70, -60, -64]), ('b8:27:eb:63:a1:e3', [-53, -61, -67, -53, -65, -72, -65])]
08:28:58.943265,(-81,-77,-84),(-75,-61,-84),(-77,-62,-96),(-76,-70,-83),(-60,-47,-70),(-64,-62,-65)
[('b8:27:eb:b6:43:f8', [-77, -77, -84, -82, -83]), ('b8:27:eb:d3:4c:7f', [-61, -84, -79, -73, -69, -75, -79]), ('b8:27:eb:cd:4b:81', [-80, -62, -76, -96, -74, -80, -72, -75]), ('b8:27:eb:ee:32:b8', [-83, -76, -72, -70]), ('b8:27:eb:e7:50:37', [-57, -70, -68, -50, -59, -65, -47, -62, -54]), ('b8:27:eb:63:a1:e3', [-62, -64, -63, -65])]
08:29:00.841706,(-83,-72,-96),(-71,-58,-83),(-76,-68,-82),(-73,-60,-84),(-67,-61,-71),(-66,-53,-81)
[('b8:27:eb:b6:43:f8', [-82, -72, -82, -83, -84, -96, -81, -77]), ('b8:27:eb:d3:4c:7f', [-58, -61, -73, -73, -71, -69, -83, -77]), ('b8:27:eb:cd:4b:81', [-68, -81, -71, -82, -77]), ('b8:27:eb:ee:32:b8', [-84, -60, -80, -73, -66, -71, -71]), ('b8:27:eb:e7:50:37', [-66, -61, -65, -67, -69, -71, -64]), ('b8:27:eb:63:a1:e3', [-61, -62, -53, -64, -81, -69, -69])]
08:29:02.807511,(-80,-69,-84),(-73,-55,-88),(-78,-74,-86),(-73,-58,-80),(-66,-46,-73),(-61,-48,-69)
[('b8:27:eb:b6:43:f8', [-71, -69, -83, -80, -80, -80, -81, -84, -83, -80]), ('b8:27:eb:d3:4c:7f', [-74, -79, -59, -78, -75, -62, -55, -77, -88, -77]), ('b8:27:eb:cd:4b:81', [-78, -75, -86, -77, -74, -78]), ('b8:27:eb:ee:32:b8', [-76, -58, -71, -77, -80, -72, -73, -76]), ('b8:27:eb:e7:50:37', [-68, -73, -46, -66, -69, -69]), ('b8:27:eb:63:a1:e3', [-48, -59, -69, -67, -66, -57])]
08:29:04.704218,(-80,-68,-97),(-72,-66,-79),(-78,-71,-91),(-73,-67,-78),(-62,-44,-73),(-57,-49,-68)
[('b8:27:eb:b6:43:f8', [-73, -79, -97, -68, -71, -76, -85, -89]), ('b8:27:eb:d3:4c:7f', [-70, -71, -79, -76, -66, -68, -76, -67]), ('b8:27:eb:cd:4b:81', [-75, -77, -91, -71, -76, -78, -76]), ('b8:27:eb:ee:32:b8', [-78, -77, -71, -71, -67, -69, -78]), ('b8:27:eb:e7:50:37', [-69, -67, -64, -73, -57, -44, -66, -55, -60]), ('b8:27:eb:63:a1:e3', [-68, -63, -56, -52, -58, -49, -51, -59])]
08:29:06.593695,(-77,-62,-88),(-71,-56,-80),(-78,-63,-92),(-76,-66,-89),(-61,-48,-73),(-63,-56,-70)
[('b8:27:eb:b6:43:f8', [-88, -77, -81, -78, -80, -86, -62, -62]), ('b8:27:eb:d3:4c:7f', [-56, -77, -57, -74, -71, -72, -77, -74, -80]), ('b8:27:eb:cd:4b:81', [-63, -71, -92, -90, -80, -76, -75, -73]), ('b8:27:eb:ee:32:b8', [-81, -71, -78, -66, -79, -69, -89, -69]), ('b8:27:eb:e7:50:37', [-69, -62, -58, -59, -51, -66, -73, -58, -48, -57]), ('b8:27:eb:63:a1:e3', [-62, -59, -56, -65, -65, -61, -70, -62, -60])]
08:29:08.494018,(-77,-69,-85),(-75,-60,-87),(-75,-60,-93),(-74,-62,-82),(-59,-44,-68),(-59,-47,-66)
[('b8:27:eb:b6:43:f8', [-76, -79, -80, -70, -77, -69, -74, -85]), ('b8:27:eb:d3:4c:7f', [-72, -79, -75, -76, -60, -87, -72, -74]), ('b8:27:eb:cd:4b:81', [-77, -60, -93, -73, -75, -67, -82, -73]), ('b8:27:eb:ee:32:b8', [-79, -74, -62, -73, -66, -73, -72, -77, -82]), ('b8:27:eb:e7:50:37', [-44, -60, -68, -56, -65, -57, -60, -68, -52]), ('b8:27:eb:63:a1:e3', [-52, -66, -65, -49, -66, -47, -57, -65])]
08:29:10.400369,(-81,-77,-83),(-77,-55,-84),(-74,-62,-80),(-77,-62,-85),(-63,-52,-70),(-59,-51,-65)
[('b8:27:eb:b6:43:f8', [-77, -81, -83, -82, -79, -81]), ('b8:27:eb:d3:4c:7f', [-81, -55, -82, -72, -77, -84, -80, -76, -81]), ('b8:27:eb:cd:4b:81', [-80, -77, -80, -76, -71, -77, -71, -72, -62]), ('b8:27:eb:ee:32:b8', [-71, -85, -62, -72, -85, -85]), ('b8:27:eb:e7:50:37', [-61, -52, -66, -64, -64, -67, -53, -70]), ('b8:27:eb:63:a1:e3', [-61, -51, -60, -65, -55, -58])]
08:29:12.315915,(-80,-71,-90),(-73,-58,-80),(-78,-73,-94),(-73,-58,-87),(-67,-51,-87),(-51,-42,-59)
[('b8:27:eb:b6:43:f8', [-80, -83, -71, -78, -90, -73, -76, -86]), ('b8:27:eb:d3:4c:7f', [-73, -72, -67, -80, -72, -58, -80, -75]), ('b8:27:eb:cd:4b:81', [-78, -75, -73, -73, -94, -76, -76, -75]), ('b8:27:eb:ee:32:b8', [-87, -58, -74, -77, -73, -74, -83, -61, -69]), ('b8:27:eb:e7:50:37', [-61, -87, -70, -64, -67, -65, -51, -68, -64]), ('b8:27:eb:63:a1:e3', [-42, -42, -58, -56, -58, -59, -46, -47, -47])]
08:29:14.212946,(-78,-69,-85),(-65,-54,-72),(-75,-61,-87),(-76,-71,-87),(-65,-53,-75),(-58,-42,-69)
[('b8:27:eb:b6:43:f8', [-82, -82, -69, -77, -71, -85, -74, -80]), ('b8:27:eb:d3:4c:7f', [-69, -54, -66, -66, -72, -68, -55, -70]), ('b8:27:eb:cd:4b:81', [-78, -78, -61, -71, -73, -61, -79, -78, -84, -87]), ('b8:27:eb:ee:32:b8', [-71, -76, -71, -72, -87, -74, -81, -71]), ('b8:27:eb:e7:50:37', [-66, -64, -62, -73, -53, -66, -56, -75, -63, -69]), ('b8:27:eb:63:a1:e3', [-53, -65, -42, -69, -55, -62, -55])]
08:29:16.110456,(-80,-65,-91),(-71,-53,-79),(-74,-69,-83),(-67,-55,-79),(-64,-55,-69),(-58,-45,-68)
[('b8:27:eb:b6:43:f8', [-65, -76, -91, -85, -83, -78, -81]), ('b8:27:eb:d3:4c:7f', [-53, -76, -75, -69, -75, -61, -79, -73, -74]), ('b8:27:eb:cd:4b:81', [-75, -77, -72, -69, -73, -71, -83, -72, -73]), ('b8:27:eb:ee:32:b8', [-76, -55, -67, -61, -60, -79, -71, -67]), ('b8:27:eb:e7:50:37', [-66, -61, -69, -67, -55]), ('b8:27:eb:63:a1:e3', [-55, -64, -63, -45, -59, -68, -62, -56, -47])]
08:29:18.036325,(-82,-73,-91),(-74,-69,-81),(-75,-68,-85),(-70,-64,-77),(-61,-48,-73),(-56,-44,-65)
[('b8:27:eb:b6:43:f8', [-91, -86, -79, -73, -79, -78, -82, -83]), ('b8:27:eb:d3:4c:7f', [-73, -69, -73, -70, -81, -75, -74, -73]), ('b8:27:eb:cd:4b:81', [-85, -74, -71, -68, -84, -76, -75, -69, -73]), ('b8:27:eb:ee:32:b8', [-77, -70, -65, -64, -72, -72]), ('b8:27:eb:e7:50:37', [-62, -60, -73, -52, -66, -65, -59, -64, -48]), ('b8:27:eb:63:a1:e3', [-44, -59, -58, -58, -65, -51])]
08:29:19.968548,(-85,-78,-93),(-75,-70,-78),(-77,-61,-87),(-70,-56,-86),(-67,-50,-75),(-63,-50,-68)
[('b8:27:eb:b6:43:f8', [-82, -86, -86, -78, -84, -84, -86, -93]), ('b8:27:eb:d3:4c:7f', [-78, -75, -70, -75, -72, -75]), ('b8:27:eb:cd:4b:81', [-71, -73, -87, -78, -61, -82, -80, -80]), ('b8:27:eb:ee:32:b8', [-70, -71, -78, -58, -86, -56, -65, -75, -70]), ('b8:27:eb:e7:50:37', [-75, -72, -71, -67, -50, -66, -69, -65, -70, -65]), ('b8:27:eb:63:a1:e3', [-65, -62, -68, -67, -51, -66, -67, -67, -50])]
08:29:21.935842,(-81,-76,-87),(-76,-61,-82),(-76,-61,-85),(-65,-56,-73),(-63,-44,-72),(-63,-50,-79)
[('b8:27:eb:b6:43:f8', [-83, -82, -87, -79, -82, -78, -76, -76]), ('b8:27:eb:d3:4c:7f', [-61, -75, -82, -79, -82, -76, -72, -81]), ('b8:27:eb:cd:4b:81', [-85, -78, -75, -85, -79, -74, -61, -67, -76]), ('b8:27:eb:ee:32:b8', [-56, -73, -61, -60, -62, -70, -70, -68]), ('b8:27:eb:e7:50:37', [-66, -62, -44, -63, -72, -59, -70, -66]), ('b8:27:eb:63:a1:e3', [-60, -59, -71, -62, -60, -63, -66, -50, -79, -59])]
08:29:23.891641,(-83,-72,-89),(-71,-59,-79),(-73,-67,-79),(-70,-59,-86),(-57,-45,-68),(-58,-49,-68)
[('b8:27:eb:b6:43:f8', [-80, -89, -84, -84, -72, -85, -87, -81]), ('b8:27:eb:d3:4c:7f', [-72, -60, -76, -74, -73, -73, -66, -59, -71, -79]), ('b8:27:eb:cd:4b:81', [-68, -79, -75, -67, -68, -77]), ('b8:27:eb:ee:32:b8', [-65, -64, -74, -72, -68, -86, -72, -59, -72, -65]), ('b8:27:eb:e7:50:37', [-58, -68, -45, -45, -49, -52, -65, -66, -66, -50]), ('b8:27:eb:63:a1:e3', [-49, -62, -62, -59, -68, -49, -49, -64])]
08:29:25.831596,(-80,-77,-85),(-74,-67,-83),(-82,-75,-89),(-66,-50,-72),(-64,-52,-71),(-64,-61,-68)
[('b8:27:eb:b6:43:f8', [-78, -82, -78, -77, -85]), ('b8:27:eb:d3:4c:7f', [-73, -80, -72, -75, -71, -69, -68, -83, -67]), ('b8:27:eb:cd:4b:81', [-80, -78, -77, -75, -86, -76, -88, -89, -85]), ('b8:27:eb:ee:32:b8', [-66, -67, -69, -69, -68, -50, -70, -72, -59]), ('b8:27:eb:e7:50:37', [-62, -64, -71, -52, -67, -63, -63, -69]), ('b8:27:eb:63:a1:e3', [-62, -62, -65, -61, -61, -68, -63, -65])]
08:29:27.738475,(-81,-71,-89),(-72,-66,-78),(-80,-62,-87),(-65,-52,-76),(-68,-61,-74),(-63,-56,-71)
[('b8:27:eb:b6:43:f8', [-77, -80, -89, -78, -83, -84, -71]), ('b8:27:eb:d3:4c:7f', [-74, -78, -74, -66, -69, -67, -68, -72, -78]), ('b8:27:eb:cd:4b:81', [-85, -80, -62, -77, -87, -84, -85]), ('b8:27:eb:ee:32:b8', [-58, -59, -52, -63, -76, -75, -72]), ('b8:27:eb:e7:50:37', [-65, -61, -63, -74, -64, -72, -70, -73]), ('b8:27:eb:63:a1:e3', [-61, -60, -62, -64, -68, -59, -56, -71])]
08:29:29.636556,(-78,-72,-80),(-74,-69,-82),(-76,-64,-96),(-70,-56,-87),(-63,-51,-75),(-60,-52,-67)
[('b8:27:eb:b6:43:f8', [-80, -75, -72, -80, -80]), ('b8:27:eb:d3:4c:7f', [-82, -74, -71, -73, -69, -78, -69, -75]), ('b8:27:eb:cd:4b:81', [-76, -73, -77, -96, -66, -79, -75, -73, -64]), ('b8:27:eb:ee:32:b8', [-56, -71, -75, -87, -68, -56, -71, -74, -71]), ('b8:27:eb:e7:50:37', [-63, -59, -75, -61, -62, -51, -63, -66]), ('b8:27:eb:63:a1:e3', [-56, -63, -52, -67, -58, -59, -64])]
08:29:31.545391,(-79,-75,-82),(-70,-54,-81),(-76,-68,-82),(-74,-58,-89),(-59,-45,-67),(-59,-46,-72)
[('b8:27:eb:b6:43:f8', [-79, -75, -77, -82]), ('b8:27:eb:d3:4c:7f', [-57, -73, -72, -74, -73, -73, -54, -65, -81]), ('b8:27:eb:cd:4b:81', [-73, -68, -75, -77, -82, -72, -74, -81]), ('b8:27:eb:ee:32:b8', [-73, -77, -89, -70, -76, -58]), ('b8:27:eb:e7:50:37', [-64, -45, -67, -65, -49, -64]), ('b8:27:eb:63:a1:e3', [-72, -64, -47, -68, -63, -46, -53])]
08:29:33.451679,(-81,-76,-84),(-73,-57,-85),(-77,-59,-83),(-75,-68,-80),(-64,-52,-71),(-59,-45,-69)
[('b8:27:eb:b6:43:f8', [-82, -76, -81, -84]), ('b8:27:eb:d3:4c:7f', [-74, -57, -81, -59, -71, -85, -82]), ('b8:27:eb:cd:4b:81', [-83, -77, -80, -76, -82, -74, -81, -82, -59, -70]), ('b8:27:eb:ee:32:b8', [-79, -77, -69, -68, -80]), ('b8:27:eb:e7:50:37', [-65, -66, -52, -71, -68, -62, -63]), ('b8:27:eb:63:a1:e3', [-64, -69, -55, -45, -51, -48, -69, -68, -62, -58])]
08:29:35.391936,(-81,-69,-88),(-74,-62,-83),(-81,-74,-90),(-73,-57,-81),(-64,-44,-87),(-63,-48,-75)
[('b8:27:eb:b6:43:f8', [-80, -83, -81, -79, -88, -74, -84, -85, -69, -85]), ('b8:27:eb:d3:4c:7f', [-80, -83, -69, -71, -82, -62, -73, -73, -70]), ('b8:27:eb:cd:4b:81', [-76, -90, -88, -77, -83, -78, -76, -74]), ('b8:27:eb:ee:32:b8', [-72, -73, -75, -81, -57, -76]), ('b8:27:eb:e7:50:37', [-64, -87, -69, -65, -64, -68, -65, -44, -44]), ('b8:27:eb:63:a1:e3', [-64, -56, -52, -61, -75, -65, -48, -64, -74])]
08:29:37.282350,(-79,-71,-89),(-70,-60,-85),(-77,-60,-90),(-76,-62,-88),(-62,-51,-66),(-60,-52,-70)
[('b8:27:eb:b6:43:f8', [-72, -82, -79, -77, -71, -85, -72, -89]), ('b8:27:eb:d3:4c:7f', [-65, -73, -77, -78, -60, -85, -71, -60, -61]), ('b8:27:eb:cd:4b:81', [-90, -79, -60, -78, -79, -80, -68]), ('b8:27:eb:ee:32:b8', [-62, -72, -88, -84, -74, -72]), ('b8:27:eb:e7:50:37', [-62, -62, -65, -51, -64, -58, -66]), ('b8:27:eb:63:a1:e3', [-55, -61, -52, -70, -67, -60, -58, -52, -58])]
08:29:39.244088,(-76,-69,-80),(-74,-60,-91),(-76,-70,-81),(-69,-56,-83),(-59,-46,-72),(-61,-47,-71)
[('b8:27:eb:b6:43:f8', [-78, -69, -78, -73, -78, -77, -80, -70]), ('b8:27:eb:d3:4c:7f', [-73, -68, -74, -70, -77, -74, -74, -91, -60]), ('b8:27:eb:cd:4b:81', [-70, -81, -75, -75, -74, -76]), ('b8:27:eb:ee:32:b8', [-59, -73, -72, -75, -68, -56, -60, -83, -69]), ('b8:27:eb:e7:50:37', [-72, -46, -59, -61, -50, -65]), ('b8:27:eb:63:a1:e3', [-63, -47, -52, -61, -51, -68, -68, -61, -65, -71])]
08:29:41.144762,(-84,-78,-92),(-72,-60,-81),(-70,-58,-80),(-76,-67,-82),(-67,-61,-72),(-60,-49,-66)
[('b8:27:eb:b6:43:f8', [-80, -90, -78, -79, -81, -83, -88, -80, -92]), ('b8:27:eb:d3:4c:7f', [-70, -81, -72, -69, -75, -74, -72, -60, -72]), ('b8:27:eb:cd:4b:81', [-61, -74, -75, -66, -58, -80, -69, -72]), ('b8:27:eb:ee:32:b8', [-72, -75, -72, -67, -73, -78, -78, -82, -79, -76]), ('b8:27:eb:e7:50:37', [-61, -69, -63, -72]), ('b8:27:eb:63:a1:e3', [-64, -66, -58, -56, -60, -63, -60, -49, -58])]
08:29:43.083404,(-78,-74,-85),(-76,-59,-87),(-74,-68,-81),(-71,-62,-77),(-66,-58,-71),(-56,-50,-61)
[('b8:27:eb:b6:43:f8', [-74, -80, -75, -79, -85, -75, -80, -76]), ('b8:27:eb:d3:4c:7f', [-72, -59, -87, -69, -85, -79]), ('b8:27:eb:cd:4b:81', [-73, -74, -68, -71, -68, -77, -76, -81]), ('b8:27:eb:ee:32:b8', [-75, -76, -62, -77, -68, -63, -76]), ('b8:27:eb:e7:50:37', [-68, -67, -71, -68, -67, -63, -58, -66]), ('b8:27:eb:63:a1:e3', [-58, -50, -59, -56, -61, -51, -50, -59])]
08:29:45.018716,(-78,-67,-85),(-77,-67,-89),(-77,-66,-84),(-67,-56,-74),(-69,-53,-85),(-57,-41,-72)
[('b8:27:eb:b6:43:f8', [-80, -81, -80, -81, -70, -85, -77, -67]), ('b8:27:eb:d3:4c:7f', [-74, -72, -86, -81, -68, -73, -89, -67]), ('b8:27:eb:cd:4b:81', [-72, -84, -77, -82, -83, -66, -74, -80, -72]), ('b8:27:eb:ee:32:b8', [-59, -56, -74, -72, -66, -67, -71]), ('b8:27:eb:e7:50:37', [-67, -76, -56, -53, -85, -72]), ('b8:27:eb:63:a1:e3', [-57, -56, -64, -72, -56, -58, -51, -41])]
08:29:46.914718,(-80,-69,-90),(-67,-52,-81),(-73,-56,-82),(-76,-67,-85),(-68,-57,-76),(-59,-55,-64)
[('b8:27:eb:b6:43:f8', [-78, -80, -69, -77, -82, -90]), ('b8:27:eb:d3:4c:7f', [-81, -68, -69, -52, -59, -66, -64, -72, -67, -65]), ('b8:27:eb:cd:4b:81', [-75, -78, -74, -82, -56, -82, -56, -76]), ('b8:27:eb:ee:32:b8', [-72, -83, -73, -79, -67, -73, -85]), ('b8:27:eb:e7:50:37', [-64, -68, -76, -65, -74, -57, -66]), ('b8:27:eb:63:a1:e3', [-57, -64, -59, -61, -63, -55, -58, -55])]
08:29:48.810056,(-78,-68,-85),(-64,-52,-74),(-67,-55,-82),(-78,-61,-85),(-64,-53,-72),(-60,-48,-71)
[('b8:27:eb:b6:43:f8', [-68, -68, -74, -80, -85, -82, -83]), ('b8:27:eb:d3:4c:7f', [-74, -59, -71, -57, -52, -66, -66]), ('b8:27:eb:cd:4b:81', [-82, -55, -60, -69, -62, -75, -66]), ('b8:27:eb:ee:32:b8', [-78, -73, -78, -81, -61, -79, -82, -85]), ('b8:27:eb:e7:50:37', [-53, -55, -67, -64, -64, -64, -72, -66, -65]), ('b8:27:eb:63:a1:e3', [-60, -56, -48, -62, -59, -71, -59, -65])]
08:29:50.777415,(-89,-82,-94),(-70,-56,-78),(-69,-62,-75),(-74,-55,-81),(-64,-60,-67),(-64,-54,-75)
[('b8:27:eb:b6:43:f8', [-87, -82, -92, -94, -90]), ('b8:27:eb:d3:4c:7f', [-72, -56, -76, -62, -72, -72, -78]), ('b8:27:eb:cd:4b:81', [-66, -74, -75, -69, -70, -62, -63, -72]), ('b8:27:eb:ee:32:b8', [-74, -77, -75, -81, -72, -55, -69, -75, -77, -76]), ('b8:27:eb:e7:50:37', [-60, -65, -63, -67, -60, -65, -66, -66, -62]), ('b8:27:eb:63:a1:e3', [-54, -66, -75, -65, -63, -60, -62])]
08:29:52.713637,(-80,-71,-87),(-75,-56,-87),(-72,-58,-84),(-71,-52,-84),(-62,-48,-71),(-69,-49,-78)
[('b8:27:eb:b6:43:f8', [-81, -87, -81, -72, -79, -71, -78, -78, -85]), ('b8:27:eb:d3:4c:7f', [-67, -77, -87, -78, -78, -73, -56, -77]), ('b8:27:eb:cd:4b:81', [-71, -59, -81, -73, -77, -84, -71, -58]), ('b8:27:eb:ee:32:b8', [-84, -80, -59, -82, -74, -70, -67, -66, -52, -69]), ('b8:27:eb:e7:50:37', [-71, -64, -48, -51, -69, -65, -63, -63]), ('b8:27:eb:63:a1:e3', [-78, -67, -49, -70, -66, -75, -68, -72, -69])]
08:29:54.621635,(-81,-73,-90),(-72,-59,-79),(-74,-61,-87),(-70,-55,-78),(-60,-42,-69),(-62,-46,-69)
[('b8:27:eb:b6:43:f8', [-83, -73, -80, -78, -90, -84, -80, -74]), ('b8:27:eb:d3:4c:7f', [-78, -59, -71, -73, -79, -68, -73, -73]), ('b8:27:eb:cd:4b:81', [-77, -76, -61, -69, -87, -76, -76, -74, -65, -70]), ('b8:27:eb:ee:32:b8', [-68, -70, -75, -74, -78, -76, -55, -57, -70, -68]), ('b8:27:eb:e7:50:37', [-66, -69, -60, -68, -52, -42, -63]), ('b8:27:eb:63:a1:e3', [-69, -68, -65, -61, -64, -65, -54, -46, -64])]
08:29:56.538701,(-82,-69,-89),(-75,-69,-80),(-75,-60,-93),(-64,-53,-71),(-57,-46,-64),(-61,-47,-73)
[('b8:27:eb:b6:43:f8', [-81, -69, -82, -79, -83, -89, -85]), ('b8:27:eb:d3:4c:7f', [-74, -69, -80, -71, -73, -77, -75]), ('b8:27:eb:cd:4b:81', [-77, -60, -73, -67, -79, -77, -93, -68]), ('b8:27:eb:ee:32:b8', [-64, -56, -69, -62, -53, -71, -68, -64, -67]), ('b8:27:eb:e7:50:37', [-51, -64, -59, -60, -61, -46]), ('b8:27:eb:63:a1:e3', [-71, -64, -47, -48, -73, -61, -60, -61])]
08:29:58.468185,(-77,-71,-91),(-68,-53,-80),(-75,-62,-84),(-74,-68,-81),(-63,-45,-71),(-68,-47,-92)
[('b8:27:eb:b6:43:f8', [-75, -76, -73, -81, -91, -73, -71, -73]), ('b8:27:eb:d3:4c:7f', [-53, -75, -74, -67, -59, -62, -80]), ('b8:27:eb:cd:4b:81', [-76, -84, -74, -68, -80, -62, -73, -73, -77]), ('b8:27:eb:ee:32:b8', [-71, -68, -70, -77, -73, -75, -81]), ('b8:27:eb:e7:50:37', [-65, -45, -62, -67, -71, -71, -54, -62]), ('b8:27:eb:63:a1:e3', [-47, -66, -64, -92, -80, -58, -72, -62])]
08:30:00.415313,(-84,-80,-88),(-72,-60,-82),(-72,-64,-76),(-74,-64,-87),(-60,-50,-73),(-57,-48,-65)
[('b8:27:eb:b6:43:f8', [-80, -88, -88, -86, -83, -82, -82, -83]), ('b8:27:eb:d3:4c:7f', [-73, -60, -62, -74, -76, -76, -77, -62, -82]), ('b8:27:eb:cd:4b:81', [-72, -73, -76, -72, -72, -73, -64, -67]), ('b8:27:eb:ee:32:b8', [-77, -73, -67, -68, -87, -64, -76, -74]), ('b8:27:eb:e7:50:37', [-59, -63, -63, -65, -51, -50, -51, -73]), ('b8:27:eb:63:a1:e3', [-59, -51, -62, -57, -48, -65, -59, -49])]
08:30:02.315426,(-79,-65,-88),(-69,-58,-87),(-74,-62,-84),(-71,-62,-77),(-66,-55,-82),(-59,-48,-67)
[('b8:27:eb:b6:43:f8', [-81, -88, -83, -65, -85, -82, -81, -73, -70]), ('b8:27:eb:d3:4c:7f', [-73, -58, -71, -60, -61, -87, -69, -70]), ('b8:27:eb:cd:4b:81', [-84, -78, -65, -72, -75, -62, -81]), ('b8:27:eb:ee:32:b8', [-66, -73, -69, -62, -66, -75, -73, -77]), ('b8:27:eb:e7:50:37', [-82, -57, -62, -65, -62, -78, -55]), ('b8:27:eb:63:a1:e3', [-64, -64, -60, -49, -67, -58, -48, -59, -55])]
08:30:04.251172,(-79,-68,-86),(-81,-73,-95),(-72,-62,-81),(-73,-67,-84),(-60,-48,-71),(-55,-44,-75)
[('b8:27:eb:b6:43:f8', [-77, -81, -82, -75, -78, -77, -68, -79, -86, -78]), ('b8:27:eb:d3:4c:7f', [-75, -79, -75, -89, -76, -95, -73]), ('b8:27:eb:cd:4b:81', [-68, -81, -62, -76, -78, -62, -76]), ('b8:27:eb:ee:32:b8', [-71, -73, -67, -73, -84, -73, -69]), ('b8:27:eb:e7:50:37', [-63, -52, -68, -50, -48, -63, -71, -62]), ('b8:27:eb:63:a1:e3', [-44, -75, -56, -44, -44, -62, -58, -64, -46])]
08:30:06.212425,(-77,-70,-82),(-70,-57,-77),(-74,-67,-77),(-75,-61,-85),(-65,-49,-78),(-59,-44,-68)
[('b8:27:eb:b6:43:f8', [-80, -77, -82, -72, -74, -75, -70, -81, -81]), ('b8:27:eb:d3:4c:7f', [-77, -59, -75, -73, -57, -69, -76, -73]), ('b8:27:eb:cd:4b:81', [-75, -67, -74, -77, -74, -73, -77]), ('b8:27:eb:ee:32:b8', [-85, -61, -73, -82, -72, -77]), ('b8:27:eb:e7:50:37', [-78, -53, -60, -49, -70, -73, -62, -68]), ('b8:27:eb:63:a1:e3', [-62, -56, -44, -59, -68, -54, -66, -59, -55])]
08:30:08.111130,(-82,-78,-85),(-64,-49,-73),(-72,-57,-84),(-67,-52,-78),(-64,-55,-72),(-57,-40,-71)
[('b8:27:eb:b6:43:f8', [-85, -83, -78, -80, -82, -81]), ('b8:27:eb:d3:4c:7f', [-70, -64, -66, -73, -70, -53, -49, -69, -68, -52]), ('b8:27:eb:cd:4b:81', [-70, -82, -59, -84, -71, -57, -77]), ('b8:27:eb:ee:32:b8', [-76, -75, -61, -60, -60, -78, -68, -52, -57, -74]), ('b8:27:eb:e7:50:37', [-70, -64, -72, -62, -55, -56]), ('b8:27:eb:63:a1:e3', [-40, -57, -51, -62, -58, -71])]
08:30:10.070387,(-83,-79,-89),(-65,-54,-71),(-71,-58,-83),(-76,-60,-85),(-69,-59,-75),(-57,-45,-69)
[('b8:27:eb:b6:43:f8', [-82, -79, -79, -89]), ('b8:27:eb:d3:4c:7f', [-66, -68, -67, -54, -69, -69, -57, -55, -67, -71]), ('b8:27:eb:cd:4b:81', [-73, -61, -82, -75, -83, -80, -68, -66, -61, -58]), ('b8:27:eb:ee:32:b8', [-85, -84, -69, -60, -78, -84, -84, -74, -76, -60]), ('b8:27:eb:e7:50:37', [-70, -71, -73, -66, -59, -69, -75]), ('b8:27:eb:63:a1:e3', [-54, -58, -45, -69, -58])]
08:30:11.979777,(-84,-69,-92),(-74,-65,-95),(-72,-67,-79),(-69,-52,-83),(-66,-47,-79),(-62,-46,-72)
[('b8:27:eb:b6:43:f8', [-69, -86, -81, -89, -92, -84]), ('b8:27:eb:d3:4c:7f', [-67, -70, -74, -73, -65, -79, -68, -95]), ('b8:27:eb:cd:4b:81', [-73, -70, -68, -67, -72, -68, -79, -76]), ('b8:27:eb:ee:32:b8', [-83, -70, -75, -55, -59, -80, -64, -52, -77]), ('b8:27:eb:e7:50:37', [-69, -79, -65, -68, -47]), ('b8:27:eb:63:a1:e3', [-60, -66, -59, -50, -46, -65, -71, -72])]
08:30:13.903554,(-77,-70,-84),(-70,-59,-73),(-83,-74,-93),(-69,-56,-85),(-64,-51,-82),(-65,-48,-81)
[('b8:27:eb:b6:43:f8', [-70, -84, -74, -78, -77]), ('b8:27:eb:d3:4c:7f', [-72, -59, -72, -72, -71, -73, -70, -70, -71]), ('b8:27:eb:cd:4b:81', [-77, -76, -83, -74, -81, -77, -93, -89, -90]), ('b8:27:eb:ee:32:b8', [-72, -85, -68, -68, -71, -56, -57, -75]), ('b8:27:eb:e7:50:37', [-61, -51, -65, -64, -66, -56, -60, -82]), ('b8:27:eb:63:a1:e3', [-67, -48, -62, -81, -63, -65, -64])]
08:30:15.789194,(-80,-66,-95),(-68,-56,-73),(-85,-79,-92),(-70,-58,-76),(-60,-48,-62),(-63,-50,-71)
[('b8:27:eb:b6:43:f8', [-73, -95, -83, -66, -77, -83]), ('b8:27:eb:d3:4c:7f', [-69, -60, -68, -73, -72, -69, -56, -73, -71]), ('b8:27:eb:cd:4b:81', [-90, -79, -92, -91, -84, -80, -92, -79, -79, -81]), ('b8:27:eb:ee:32:b8', [-70, -61, -70, -76, -73, -73, -74, -73, -58]), ('b8:27:eb:e7:50:37', [-61, -61, -60, -48, -60, -62, -60, -61, -60, -61]), ('b8:27:eb:63:a1:e3', [-65, -69, -50, -71, -65, -65, -51, -57, -65, -63])]
