08:26:42.207379,(-75,-67,-91),(-74,-68,-78),(-75,-60,-81),(-64,-50,-73),(-62,-52,-67),(-63,-55,-73)
[('b8:27:eb:b6:43:f8', [-79, -78, -67, -73, -68, -70, -79, -72, -68, -91]), ('b8:27:eb:d3:4c:7f', [-74, -71, -74, -78, -75, -68, -78]), ('b8:27:eb:cd:4b:81', [-74, -60, -77, -78, -81, -79, -72]), ('b8:27:eb:ee:32:b8', [-73, -50, -63, -68, -64, -65, -65]), ('b8:27:eb:e7:50:37', [-64, -67, -63, -57, -52, -63, -62]), ('b8:27:eb:63:a1:e3', [-62, -58, -63, -55, -59, -72, -65, -73, -55, -59])]
08:26:44.172212,(-79,-65,-97),(-70,-54,-95),(-78,-61,-89),(-65,-52,-68),(-63,-50,-70),(-53,-42,-58)
[('b8:27:eb:b6:43:f8', [-82, -86, -74, -97, -81, -65, -84, -79, -68, -70]), ('b8:27:eb:d3:4c:7f', [-54, -62, -62, -68, -72, -95, -74, -68]), ('b8:27:eb:cd:4b:81', [-83, -72, -81, -82, -61, -77, -89]), ('b8:27:eb:ee:32:b8', [-62, -52, -64, -65, -68, -68, -67, -67]), ('b8:27:eb:e7:50:37', [-64, -56, -65, -69, -70, -58, -69, -50]), ('b8:27:eb:63:a1:e3', [-42, -54, -57, -55, -43, -55, -55, -58])]
08:26:46.071654,(-82,-75,-89),(-64,-48,-74),(-76,-59,-94),(-75,-56,-95),(-64,-50,-72),(-55,-39,-64)
[('b8:27:eb:b6:43:f8', [-78, -75, -89, -81, -87, -79]), ('b8:27:eb:d3:4c:7f', [-74, -71, -67, -73, -48, -65, -68, -52, -50]), ('b8:27:eb:cd:4b:81', [-68, -67, -94, -59, -78, -76, -78, -86]), ('b8:27:eb:ee:32:b8', [-68, -78, -56, -67, -72, -74, -95, -89]), ('b8:27:eb:e7:50:37', [-65, -62, -61, -72, -69, -67, -50]), ('b8:27:eb:63:a1:e3', [-56, -39, -54, -56, -54, -64, -59, -55])]
08:26:48.005330,(-79,-66,-92),(-65,-53,-72),(-72,-60,-89),(-81,-66,-92),(-60,-57,-63),(-54,-42,-69)
[('b8:27:eb:b6:43:f8', [-74, -79, -92, -85, -66, -77, -74]), ('b8:27:eb:d3:4c:7f', [-53, -68, -63, -64, -64, -61, -72, -68]), ('b8:27:eb:cd:4b:81', [-76, -77, -62, -73, -89, -60, -72, -66, -70]), ('b8:27:eb:ee:32:b8', [-66, -83, -92, -76, -84]), ('b8:27:eb:e7:50:37', [-62, -63, -57, -58, -60, -59, -60]), ('b8:27:eb:63:a1:e3', [-69, -55, -55, -58, -56, -42, -42, -58, -49, -53])]
08:26:49.921099,(-74,-61,-83),(-69,-55,-78),(-72,-66,-79),(-68,-61,-74),(-68,-49,-85),(-58,-41,-65)
[('b8:27:eb:b6:43:f8', [-77, -83, -76, -75, -74, -61, -71, -72]), ('b8:27:eb:d3:4c:7f', [-66, -76, -78, -55, -69, -65, -65, -74]), ('b8:27:eb:cd:4b:81', [-66, -68, -67, -79, -68, -77, -74]), ('b8:27:eb:ee:32:b8', [-68, -61, -68, -74]), ('b8:27:eb:e7:50:37', [-72, -49, -66, -64, -85, -71, -70, -72, -61]), ('b8:27:eb:63:a1:e3', [-61, -57, -59, -56, -65, -41, -65])]
08:26:51.820036,(-76,-59,-92),(-67,-48,-76),(-67,-60,-76),(-74,-60,-82),(-64,-47,-73),(-54,-42,-59)
[('b8:27:eb:b6:43:f8', [-59, -70, -76, -82, -74, -92]), ('b8:27:eb:d3:4c:7f', [-69, -76, -48, -66, -61, -69, -70, -73]), ('b8:27:eb:cd:4b:81', [-76, -62, -68, -60, -60, -75, -62, -69]), ('b8:27:eb:ee:32:b8', [-82, -79, -72, -60, -77, -72]), ('b8:27:eb:e7:50:37', [-68, -73, -47, -68, -71, -50, -61, -67, -68]), ('b8:27:eb:63:a1:e3', [-42, -44, -59, -57, -57, -56, -58])]
08:26:53.709830,(-74,-69,-78),(-66,-57,-75),(-70,-61,-77),(-74,-62,-81),(-63,-50,-73),(-55,-47,-60)
[('b8:27:eb:b6:43:f8', [-71, -78, -76, -75, -74, -69, -73]), ('b8:27:eb:d3:4c:7f', [-68, -69, -59, -58, -68, -71, -75, -66, -57]), ('b8:27:eb:cd:4b:81', [-74, -77, -61, -67, -72, -74, -61, -70]), ('b8:27:eb:ee:32:b8', [-70, -78, -62, -81, -78, -73, -70, -75]), ('b8:27:eb:e7:50:37', [-55, -73, -68, -50, -53, -57, -67, -68, -67, -71]), ('b8:27:eb:63:a1:e3', [-54, -54, -57, -56, -57, -48, -60, -47])]
08:26:55.641762,(-73,-59,-80),(-66,-51,-75),(-71,-57,-75),(-73,-58,-82),(-63,-49,-77),(-58,-52,-66)
[('b8:27:eb:b6:43:f8', [-62, -80, -71, -79, -59, -80, -75]), ('b8:27:eb:d3:4c:7f', [-59, -75, -70, -73, -51, -65, -67, -66]), ('b8:27:eb:cd:4b:81', [-73, -57, -73, -71, -69, -73, -75]), ('b8:27:eb:ee:32:b8', [-72, -82, -58, -77]), ('b8:27:eb:e7:50:37', [-71, -56, -49, -69, -53, -58, -70, -63, -77]), ('b8:27:eb:63:a1:e3', [-53, -66, -59, -54, -52, -60, -54, -55, -61, -60])]
08:26:57.532836,(-77,-67,-89),(-63,-47,-75),(-70,-66,-75),(-78,-67,-87),(-71,-67,-76),(-53,-42,-56)
[('b8:27:eb:b6:43:f8', [-85, -73, -89, -79, -72, -67, -69]), ('b8:27:eb:d3:4c:7f', [-47, -61, -67, -75, -63, -61]), ('b8:27:eb:cd:4b:81', [-68, -70, -66, -75, -70, -71, -66]), ('b8:27:eb:ee:32:b8', [-87, -79, -76, -80, -78, -67, -77]), ('b8:27:eb:e7:50:37', [-70, -76, -67, -70, -74, -68, -68]), ('b8:27:eb:63:a1:e3', [-54, -55, -55, -42, -53, -56, -54, -54, -51])]
08:26:59.461665,(-74,-62,-81),(-69,-49,-79),(-67,-53,-88),(-71,-59,-81),(-65,-49,-81),(-58,-53,-65)
[('b8:27:eb:b6:43:f8', [-62, -77, -78, -77, -77, -81, -71, -68, -74]), ('b8:27:eb:d3:4c:7f', [-49, -75, -77, -64, -67, -72, -79, -58, -74]), ('b8:27:eb:cd:4b:81', [-56, -68, -76, -88, -53, -67, -58]), ('b8:27:eb:ee:32:b8', [-78, -78, -61, -62, -81, -71, -59, -72]), ('b8:27:eb:e7:50:37', [-69, -64, -70, -49, -59, -59, -71, -70, -81, -58]), ('b8:27:eb:63:a1:e3', [-56, -56, -65, -56, -53, -59])]
08:27:01.350037,(-75,-58,-84),(-63,-52,-74),(-62,-52,-70),(-74,-66,-91),(-64,-52,-76),(-46,-38,-54)
[('b8:27:eb:b6:43:f8', [-75, -79, -58, -64, -72, -77, -79, -83, -84]), ('b8:27:eb:d3:4c:7f', [-55, -58, -74, -62, -65, -52, -70]), ('b8:27:eb:cd:4b:81', [-67, -70, -60, -69, -52, -52]), ('b8:27:eb:ee:32:b8', [-72, -66, -91, -70, -68, -72, -84, -69]), ('b8:27:eb:e7:50:37', [-59, -52, -76, -66, -65]), ('b8:27:eb:63:a1:e3', [-43, -40, -54, -53, -43, -51, -43, -38])]
08:27:03.246565,(-76,-67,-84),(-63,-53,-69),(-70,-59,-78),(-72,-53,-85),(-64,-49,-89),(-60,-45,-69)
[('b8:27:eb:b6:43:f8', [-74, -77, -76, -67, -75, -73, -84]), ('b8:27:eb:d3:4c:7f', [-53, -61, -68, -64, -62, -64, -69]), ('b8:27:eb:cd:4b:81', [-71, -70, -62, -59, -73, -78, -77]), ('b8:27:eb:ee:32:b8', [-69, -77, -53, -71, -75, -72, -71, -71, -85]), ('b8:27:eb:e7:50:37', [-49, -73, -89, -62, -59, -50]), ('b8:27:eb:63:a1:e3', [-53, -61, -53, -45, -65, -65, -66, -58, -69])]
08:27:05.172050,(-79,-75,-83),(-70,-61,-80),(-72,-60,-86),(-69,-57,-81),(-64,-51,-80),(-66,-56,-74)
[('b8:27:eb:b6:43:f8', [-76, -83, -78, -77, -75, -77, -81]), ('b8:27:eb:d3:4c:7f', [-61, -62, -72, -74, -67, -80, -70, -74, -64]), ('b8:27:eb:cd:4b:81', [-71, -60, -86, -75, -66, -73, -78, -71, -62]), ('b8:27:eb:ee:32:b8', [-69, -57, -72, -81, -57, -74, -70, -72]), ('b8:27:eb:e7:50:37', [-80, -67, -52, -51, -64, -70, -64]), ('b8:27:eb:63:a1:e3', [-59, -65, -68, -74, -56, -68, -66])]
08:27:07.062423,(-74,-62,-80),(-66,-49,-75),(-72,-58,-80),(-70,-54,-86),(-68,-52,-82),(-59,-45,-73)
[('b8:27:eb:b6:43:f8', [-77, -62, -73, -79, -77, -80, -71, -68]), ('b8:27:eb:d3:4c:7f', [-49, -73, -64, -53, -75, -70, -64, -69, -71]), ('b8:27:eb:cd:4b:81', [-73, -58, -68, -80, -79, -73, -66, -77]), ('b8:27:eb:ee:32:b8', [-54, -75, -69, -81, -70, -61, -62, -86]), ('b8:27:eb:e7:50:37', [-77, -69, -66, -69, -61, -68, -52, -82]), ('b8:27:eb:63:a1:e3', [-73, -59, -66, -50, -57, -59, -45, -66, -55])]
08:27:08.962572,(-76,-63,-84),(-67,-56,-76),(-75,-61,-87),(-73,-64,-83),(-66,-52,-74),(-63,-47,-75)
[('b8:27:eb:b6:43:f8', [-63, -73, -84, -78, -77, -69, -82]), ('b8:27:eb:d3:4c:7f', [-57, -76, -73, -59, -76, -73, -56, -71, -61]), ('b8:27:eb:cd:4b:81', [-83, -80, -75, -61, -87, -67, -71, -74]), ('b8:27:eb:ee:32:b8', [-69, -78, -72, -83, -67, -75, -68, -75, -64, -75]), ('b8:27:eb:e7:50:37', [-74, -63, -71, -64, -70, -64, -52]), ('b8:27:eb:63:a1:e3', [-69, -69, -47, -75, -62, -55, -60, -61])]
08:27:10.928587,(-78,-68,-84),(-67,-50,-83),(-82,-74,-100),(-73,-61,-82),(-57,-49,-67),(-61,-49,-73)
[('b8:27:eb:b6:43:f8', [-68, -77, -82, -71, -82, -84]), ('b8:27:eb:d3:4c:7f', [-62, -56, -50, -70, -70, -67, -83, -66, -80, -59]), ('b8:27:eb:cd:4b:81', [-76, -82, -79, -83, -75, -86, -100, -74]), ('b8:27:eb:ee:32:b8', [-61, -78, -69, -74, -82, -73, -73]), ('b8:27:eb:e7:50:37', [-54, -62, -50, -67, -62, -49, -62, -49]), ('b8:27:eb:63:a1:e3', [-59, -60, -63, -58, -62, -49, -68, -49, -73])]
08:27:12.855893,(-76,-69,-84),(-63,-50,-72),(-74,-61,-83),(-71,-59,-79),(-61,-52,-69),(-67,-53,-76)
[('b8:27:eb:b6:43:f8', [-75, -69, -72, -75, -84, -81, -75]), ('b8:27:eb:d3:4c:7f', [-72, -66, -50, -50, -57, -69, -66, -72]), ('b8:27:eb:cd:4b:81', [-69, -74, -83, -71, -71, -82, -74, -73, -78, -61]), ('b8:27:eb:ee:32:b8', [-71, -79, -59, -72]), ('b8:27:eb:e7:50:37', [-54, -52, -62, -60, -64, -60, -61, -69, -64]), ('b8:27:eb:63:a1:e3', [-65, -76, -64, -71, -72, -66, -67, -53])]
08:27:14.749689,(-77,-69,-84),(-72,-67,-83),(-83,-70,-95),(-76,-60,-93),(-59,-50,-66),(-65,-46,-78)
[('b8:27:eb:b6:43:f8', [-73, -80, -69, -76, -79, -69, -82, -81, -71, -84]), ('b8:27:eb:d3:4c:7f', [-69, -68, -73, -68, -67, -72, -83, -73, -74]), ('b8:27:eb:cd:4b:81', [-70, -79, -81, -87, -95]), ('b8:27:eb:ee:32:b8', [-76, -72, -93, -78, -72, -60]), ('b8:27:eb:e7:50:37', [-55, -66, -62, -66, -51, -61, -50, -61]), ('b8:27:eb:63:a1:e3', [-66, -64, -46, -64, -59, -65, -74, -78])]
08:27:16.666506,(-80,-71,-88),(-72,-66,-79),(-77,-61,-93),(-69,-58,-76),(-59,-46,-75),(-55,-46,-71)
[('b8:27:eb:b6:43:f8', [-86, -71, -74, -79, -81, -73, -86, -88, -79]), ('b8:27:eb:d3:4c:7f', [-79, -79, -70, -72, -70, -66, -78, -67, -67, -72]), ('b8:27:eb:cd:4b:81', [-61, -61, -79, -73, -91, -81, -93]), ('b8:27:eb:ee:32:b8', [-69, -68, -58, -74, -70, -71, -62, -76]), ('b8:27:eb:e7:50:37', [-58, -75, -46, -57, -60, -56]), ('b8:27:eb:63:a1:e3', [-62, -59, -62, -49, -46, -47, -71, -54, -47, -53])]
08:27:18.600275,(-83,-75,-90),(-73,-56,-89),(-77,-60,-96),(-67,-57,-74),(-63,-54,-70),(-58,-53,-67)
[('b8:27:eb:b6:43:f8', [-79, -81, -75, -88, -90, -79, -82, -87]), ('b8:27:eb:d3:4c:7f', [-73, -68, -89, -70, -58, -83, -80, -56]), ('b8:27:eb:cd:4b:81', [-84, -67, -81, -96, -67, -86, -81, -70, -60]), ('b8:27:eb:ee:32:b8', [-65, -66, -70, -71, -74, -57, -61]), ('b8:27:eb:e7:50:37', [-61, -54, -62, -59, -70, -69, -63]), ('b8:27:eb:63:a1:e3', [-53, -58, -67, -56, -57, -55, -55, -58, -56])]
08:27:20.536471,(-76,-69,-79),(-66,-53,-75),(-79,-72,-88),(-72,-60,-77),(-62,-52,-67),(-53,-37,-62)
[('b8:27:eb:b6:43:f8', [-79, -79, -75, -78, -77, -69, -75]), ('b8:27:eb:d3:4c:7f', [-66, -61, -75, -71, -67, -68, -53]), ('b8:27:eb:cd:4b:81', [-78, -72, -74, -88, -74, -80, -79, -73, -86]), ('b8:27:eb:ee:32:b8', [-75, -72, -60, -77, -75]), ('b8:27:eb:e7:50:37', [-66, -60, -67, -52, -66, -57, -62]), ('b8:27:eb:63:a1:e3', [-39, -37, -56, -59, -54, -62, -59])]
08:27:22.425914,(-75,-60,-87),(-63,-51,-73),(-75,-60,-84),(-77,-66,-81),(-62,-49,-72),(-60,-46,-69)
[('b8:27:eb:b6:43:f8', [-68, -76, -60, -80, -75, -73, -87]), ('b8:27:eb:d3:4c:7f', [-67, -67, -60, -51, -51, -64, -70, -73]), ('b8:27:eb:cd:4b:81', [-73, -77, -76, -76, -70, -77, -60, -84]), ('b8:27:eb:ee:32:b8', [-75, -66, -80, -77, -81, -78, -79]), ('b8:27:eb:e7:50:37', [-52, -63, -72, -56, -72, -67, -49]), ('b8:27:eb:63:a1:e3', [-60, -56, -67, -59, -62, -57, -58, -46, -69])]
08:27:24.354984,(-79,-74,-83),(-63,-52,-79),(-71,-56,-86),(-70,-58,-82),(-62,-48,-77),(-54,-40,-63)
[('b8:27:eb:b6:43:f8', [-74, -75, -81, -83, -80, -78, -81, -79]), ('b8:27:eb:d3:4c:7f', [-65, -68, -58, -55, -79, -52, -69, -56, -62]), ('b8:27:eb:cd:4b:81', [-86, -84, -77, -71, -56, -58, -70, -72, -64]), ('b8:27:eb:ee:32:b8', [-79, -70, -71, -66, -82, -58, -65, -67]), ('b8:27:eb:e7:50:37', [-54, -75, -77, -56, -65, -59, -51, -69, -48]), ('b8:27:eb:63:a1:e3', [-58, -47, -57, -40, -54, -54, -55, -63, -57, -52])]
08:27:26.286212,(-71,-59,-82),(-63,-46,-73),(-61,-53,-71),(-74,-59,-84),(-62,-50,-71),(-51,-37,-63)
[('b8:27:eb:b6:43:f8', [-63, -82, -77, -78, -65, -59]), ('b8:27:eb:d3:4c:7f', [-73, -67, -46, -69, -67, -68, -47, -62]), ('b8:27:eb:cd:4b:81', [-55, -71, -55, -69, -53, -56, -53, -69]), ('b8:27:eb:ee:32:b8', [-77, -74, -71, -76, -84, -59]), ('b8:27:eb:e7:50:37', [-62, -60, -67, -50, -71, -59, -62, -52, -67]), ('b8:27:eb:63:a1:e3', [-54, -49, -54, -61, -40, -37, -63, -53, -47])]
08:27:28.196664,(-76,-61,-93),(-59,-46,-71),(-73,-66,-88),(-80,-62,-88),(-67,-51,-80),(-52,-44,-61)
[('b8:27:eb:b6:43:f8', [-73, -93, -61, -75, -74, -75]), ('b8:27:eb:d3:4c:7f', [-61, -60, -58, -58, -58, -46, -71, -48, -66]), ('b8:27:eb:cd:4b:81', [-66, -75, -71, -68, -69, -74, -72, -68, -88, -70]), ('b8:27:eb:ee:32:b8', [-88, -85, -82, -62, -79]), ('b8:27:eb:e7:50:37', [-62, -80, -51, -71, -65, -77, -68, -69, -72, -54]), ('b8:27:eb:63:a1:e3', [-56, -45, -47, -48, -61, -44, -53, -59])]
08:27:30.112205,(-80,-74,-88),(-67,-49,-79),(-73,-55,-97),(-83,-74,-89),(-64,-54,-76),(-61,-46,-68)
[('b8:27:eb:b6:43:f8', [-75, -76, -88, -81, -79, -84, -76, -74, -79]), ('b8:27:eb:d3:4c:7f', [-68, -49, -64, -63, -72, -56, -79, -74, -70]), ('b8:27:eb:cd:4b:81', [-55, -72, -57, -79, -97, -76, -73]), ('b8:27:eb:ee:32:b8', [-74, -89, -85, -82, -84, -79, -84]), ('b8:27:eb:e7:50:37', [-76, -66, -69, -54, -58, -60, -69, -59]), ('b8:27:eb:63:a1:e3', [-47, -61, -61, -46, -61, -65, -68, -66, -67])]
08:27:32.017822,(-80,-71,-84),(-67,-56,-82),(-76,-64,-86),(-70,-52,-84),(-64,-48,-77),(-67,-50,-78)
[('b8:27:eb:b6:43:f8', [-78, -78, -84, -81, -78, -80, -82, -81, -71]), ('b8:27:eb:d3:4c:7f', [-69, -63, -74, -56, -82, -71, -56, -59, -72]), ('b8:27:eb:cd:4b:81', [-78, -64, -81, -72, -73, -86, -73, -75, -80]), ('b8:27:eb:ee:32:b8', [-71, -84, -78, -71, -70, -54, -78, -52]), ('b8:27:eb:e7:50:37', [-64, -64, -48, -77, -58, -62, -62, -76, -58]), ('b8:27:eb:63:a1:e3', [-50, -69, -59, -78, -62, -67, -78, -71])]
08:27:33.928499,(-78,-63,-90),(-74,-64,-82),(-77,-67,-89),(-67,-53,-74),(-64,-49,-77),(-64,-53,-75)
[('b8:27:eb:b6:43:f8', [-63, -84, -77, -79, -84, -68, -90, -79]), ('b8:27:eb:d3:4c:7f', [-73, -77, -73, -79, -82, -71, -72, -64]), ('b8:27:eb:cd:4b:81', [-67, -89, -76, -75, -78, -79, -75, -71, -81]), ('b8:27:eb:ee:32:b8', [-59, -53, -72, -74, -69, -66, -73, -67]), ('b8:27:eb:e7:50:37', [-62, -66, -61, -65, -71, -77, -52, -61, -49, -72]), ('b8:27:eb:63:a1:e3', [-66, -70, -62, -58, -53, -75, -69, -65, -57])]
08:27:35.851455,(-76,-72,-81),(-70,-48,-92),(-75,-58,-92),(-70,-60,-82),(-67,-48,-73),(-51,-41,-54)
[('b8:27:eb:b6:43:f8', [-81, -74, -73, -79, -73, -72]), ('b8:27:eb:d3:4c:7f', [-71, -59, -48, -92, -70, -77]), ('b8:27:eb:cd:4b:81', [-80, -75, -69, -92, -58, -76]), ('b8:27:eb:ee:32:b8', [-82, -60, -65, -74, -68, -64, -74]), ('b8:27:eb:e7:50:37', [-68, -64, -48, -67, -73, -71, -72, -67, -68]), ('b8:27:eb:63:a1:e3', [-53, -54, -54, -52, -41, -52])]
08:27:37.789056,(-81,-62,-90),(-73,-57,-78),(-70,-60,-79),(-74,-67,-78),(-67,-50,-75),(-54,-42,-62)
[('b8:27:eb:b6:43:f8', [-84, -62, -81, -81, -81, -87, -90, -77]), ('b8:27:eb:d3:4c:7f', [-76, -57, -77, -78, -73, -77, -70]), ('b8:27:eb:cd:4b:81', [-60, -74, -60, -75, -79, -61, -75]), ('b8:27:eb:ee:32:b8', [-67, -73, -72, -78, -74, -76, -75]), ('b8:27:eb:e7:50:37', [-69, -62, -69, -75, -68, -71, -67, -65, -50]), ('b8:27:eb:63:a1:e3', [-62, -61, -56, -58, -51, -54, -42, -44, -55])]
08:27:39.718609,(-80,-75,-84),(-67,-50,-75),(-72,-59,-78),(-77,-69,-89),(-63,-51,-76),(-62,-54,-75)
[('b8:27:eb:b6:43:f8', [-79, -83, -80, -84, -77, -75, -75, -83]), ('b8:27:eb:d3:4c:7f', [-69, -67, -66, -50, -63, -69, -75, -71, -71, -69]), ('b8:27:eb:cd:4b:81', [-78, -78, -59, -64, -77, -67, -76, -74]), ('b8:27:eb:ee:32:b8', [-70, -89, -75, -79, -69, -79, -76]), ('b8:27:eb:e7:50:37', [-59, -59, -51, -58, -69, -51, -69, -76, -74]), ('b8:27:eb:63:a1:e3', [-55, -58, -75, -64, -67, -57, -54])]
08:27:41.648596,(-75,-67,-84),(-65,-56,-72),(-68,-51,-77),(-75,-59,-86),(-65,-52,-73),(-52,-39,-61)
[('b8:27:eb:b6:43:f8', [-71, -84, -78, -79, -79, -71, -72, -67, -69]), ('b8:27:eb:d3:4c:7f', [-63, -56, -56, -71, -68, -72, -63]), ('b8:27:eb:cd:4b:81', [-76, -73, -53, -51, -73, -77, -71]), ('b8:27:eb:ee:32:b8', [-85, -62, -81, -61, -59, -81, -78, -75, -86]), ('b8:27:eb:e7:50:37', [-70, -58, -72, -67, -63, -67, -56, -73, -52]), ('b8:27:eb:63:a1:e3', [-61, -58, -54, -52, -54, -50, -54, -42, -39])]
08:27:43.583324,(-74,-62,-86),(-60,-49,-67),(-64,-51,-81),(-75,-62,-93),(-64,-50,-75),(-51,-39,-63)
[('b8:27:eb:b6:43:f8', [-71, -75, -69, -69, -62, -74, -79, -86]), ('b8:27:eb:d3:4c:7f', [-64, -50, -62, -64, -65, -49, -57, -67]), ('b8:27:eb:cd:4b:81', [-59, -81, -71, -52, -51, -68, -65]), ('b8:27:eb:ee:32:b8', [-69, -75, -93, -75, -62, -76, -75, -71]), ('b8:27:eb:e7:50:37', [-67, -60, -69, -75, -56, -68, -53, -50, -73]), ('b8:27:eb:63:a1:e3', [-51, -54, -55, -39, -51, -44, -49, -57, -63, -44])]
08:27:45.515973,(-77,-67,-86),(-61,-46,-68),(-64,-51,-75),(-71,-58,-77),(-71,-55,-80),(-51,-38,-62)
[('b8:27:eb:b6:43:f8', [-71, -81, -86, -75, -80, -81, -69, -67]), ('b8:27:eb:d3:4c:7f', [-68, -55, -52, -63, -67, -46, -68, -63]), ('b8:27:eb:cd:4b:81', [-51, -66, -67, -73, -68, -75, -51, -52, -67]), ('b8:27:eb:ee:32:b8', [-67, -72, -74, -69, -76, -58, -77, -73, -72, -67]), ('b8:27:eb:e7:50:37', [-74, -72, -61, -73, -55, -77, -80]), ('b8:27:eb:63:a1:e3', [-54, -51, -55, -62, -55, -38, -52, -50, -53, -40])]
08:27:47.419113,(-72,-60,-80),(-62,-47,-73),(-68,-51,-78),(-76,-70,-85),(-66,-51,-77),(-56,-35,-63)
[('b8:27:eb:b6:43:f8', [-77, -80, -76, -67, -62, -60, -76, -77, -65]), ('b8:27:eb:d3:4c:7f', [-67, -58, -47, -58, -67, -73, -56, -67]), ('b8:27:eb:cd:4b:81', [-69, -60, -75, -78, -72, -51, -67]), ('b8:27:eb:ee:32:b8', [-85, -73, -78, -81, -74, -70, -74, -73]), ('b8:27:eb:e7:50:37', [-51, -66, -73, -67, -77, -61]), ('b8:27:eb:63:a1:e3', [-55, -60, -57, -63, -56, -35, -54, -59, -60, -56])]
08:27:49.331655,(-78,-68,-87),(-66,-60,-72),(-66,-55,-82),(-75,-68,-81),(-65,-52,-76),(-56,-46,-63)
[('b8:27:eb:b6:43:f8', [-76, -68, -87, -77, -84, -78, -77, -72]), ('b8:27:eb:d3:4c:7f', [-71, -63, -61, -65, -60, -62, -67, -72]), ('b8:27:eb:cd:4b:81', [-55, -56, -73, -75, -59, -82, -69, -57]), ('b8:27:eb:ee:32:b8', [-76, -68, -81, -72, -74]), ('b8:27:eb:e7:50:37', [-64, -52, -76, -60, -67, -64, -73, -60]), ('b8:27:eb:63:a1:e3', [-55, -62, -58, -53, -63, -46, -63, -48])]
08:27:51.237998,(-81,-68,-89),(-69,-62,-81),(-74,-60,-85),(-67,-62,-75),(-59,-47,-72),(-60,-49,-72)
[('b8:27:eb:b6:43:f8', [-80, -78, -85, -76, -88, -81, -89, -68, -79]), ('b8:27:eb:d3:4c:7f', [-71, -64, -81, -68, -62, -73, -64]), ('b8:27:eb:cd:4b:81', [-70, -72, -60, -85, -81]), ('b8:27:eb:ee:32:b8', [-67, -62, -75, -62, -65]), ('b8:27:eb:e7:50:37', [-72, -64, -52, -64, -63, -51, -47]), ('b8:27:eb:63:a1:e3', [-49, -53, -54, -61, -71, -72, -55, -63])]
08:27:53.132202,(-74,-66,-80),(-69,-52,-80),(-74,-60,-86),(-74,-64,-80),(-62,-47,-73),(-64,-56,-70)
[('b8:27:eb:b6:43:f8', [-71, -69, -80, -77, -70, -66, -78, -80]), ('b8:27:eb:d3:4c:7f', [-72, -55, -74, -80, -76, -52, -66, -72, -67]), ('b8:27:eb:cd:4b:81', [-80, -63, -74, -76, -60, -86, -74]), ('b8:27:eb:ee:32:b8', [-78, -78, -66, -80, -79, -71, -64, -75]), ('b8:27:eb:e7:50:37', [-70, -51, -72, -58, -47, -73, -60, -63]), ('b8:27:eb:63:a1:e3', [-65, -62, -64, -69, -66, -59, -70, -56])]
08:27:55.033367,(-77,-67,-81),(-68,-51,-88),(-73,-60,-88),(-73,-58,-88),(-62,-47,-73),(-66,-58,-70)
[('b8:27:eb:b6:43:f8', [-80, -78, -76, -80, -76, -67, -81, -78, -76, -75]), ('b8:27:eb:d3:4c:7f', [-51, -66, -75, -69, -88, -68, -55, -69, -65]), ('b8:27:eb:cd:4b:81', [-72, -74, -88, -62, -60, -75, -76]), ('b8:27:eb:ee:32:b8', [-88, -74, -61, -58, -74, -71, -88, -68]), ('b8:27:eb:e7:50:37', [-57, -63, -59, -47, -60, -65, -73, -60, -66]), ('b8:27:eb:63:a1:e3', [-59, -70, -70, -68, -69, -64, -63, -58])]
08:27:56.920390,(-79,-71,-89),(-69,-54,-79),(-80,-71,-92),(-70,-58,-75),(-60,-43,-73),(-60,-45,-72)
[('b8:27:eb:b6:43:f8', [-81, -89, -71, -72]), ('b8:27:eb:d3:4c:7f', [-70, -68, -71, -54, -67, -67, -70, -73, -79]), ('b8:27:eb:cd:4b:81', [-92, -81, -90, -74, -71, -72]), ('b8:27:eb:ee:32:b8', [-72, -68, -75, -73, -71, -58]), ('b8:27:eb:e7:50:37', [-62, -63, -63, -61, -43, -73, -46, -63, -61]), ('b8:27:eb:63:a1:e3', [-65, -62, -66, -72, -51, -50, -45, -62])]
08:27:58.814620,(-82,-75,-85),(-75,-69,-79),(-82,-68,-96),(-68,-52,-87),(-61,-45,-79),(-61,-50,-66)
[('b8:27:eb:b6:43:f8', [-85, -75, -84]), ('b8:27:eb:d3:4c:7f', [-74, -76, -70, -78, -79, -69]), ('b8:27:eb:cd:4b:81', [-68, -82, -86, -77, -96]), ('b8:27:eb:ee:32:b8', [-56, -76, -52, -87, -67, -65, -79, -65, -56, -76]), ('b8:27:eb:e7:50:37', [-64, -57, -78, -60, -51, -45, -79, -49]), ('b8:27:eb:63:a1:e3', [-63, -50, -57, -51, -65, -66, -66, -58, -66])]
08:28:00.742247,(-80,-69,-85),(-75,-70,-80),(-77,-64,-85),(-69,-55,-79),(-60,-48,-74),(-57,-44,-64)
[('b8:27:eb:b6:43:f8', [-69, -80, -83, -85, -81, -77]), ('b8:27:eb:d3:4c:7f', [-72, -75, -71, -77, -70, -77, -80, -76, -75]), ('b8:27:eb:cd:4b:81', [-77, -85, -72, -77, -84, -64, -66, -85]), ('b8:27:eb:ee:32:b8', [-72, -55, -66, -79, -66, -76, -63, -70, -72]), ('b8:27:eb:e7:50:37', [-61, -74, -48, -62, -51, -52, -64, -62, -60]), ('b8:27:eb:63:a1:e3', [-63, -59, -59, -44, -60, -47, -57, -58, -64])]
08:28:02.670433,(-82,-76,-86),(-68,-54,-83),(-75,-66,-88),(-72,-54,-90),(-68,-58,-81),(-51,-35,-64)
[('b8:27:eb:b6:43:f8', [-81, -76, -84, -86, -80, -82, -80]), ('b8:27:eb:d3:4c:7f', [-71, -54, -61, -67, -83, -66, -66, -75, -59, -71]), ('b8:27:eb:cd:4b:81', [-75, -66, -88, -76, -72, -74, -72, -73]), ('b8:27:eb:ee:32:b8', [-67, -69, -69, -73, -90, -54, -78]), ('b8:27:eb:e7:50:37', [-58, -77, -60, -65, -67, -65, -70, -81, -64]), ('b8:27:eb:63:a1:e3', [-59, -44, -55, -55, -56, -40, -35, -64, -44])]
08:28:04.565301,(-83,-79,-92),(-73,-68,-84),(-77,-65,-84),(-74,-58,-87),(-62,-49,-75),(-53,-42,-60)
[('b8:27:eb:b6:43:f8', [-80, -80, -79, -84, -85, -92, -79]), ('b8:27:eb:d3:4c:7f', [-73, -69, -84, -76, -73, -72, -69, -68, -72]), ('b8:27:eb:cd:4b:81', [-79, -65, -76, -76, -75, -84, -77, -83]), ('b8:27:eb:ee:32:b8', [-87, -58, -71, -74, -73, -72, -83, -85, -58]), ('b8:27:eb:e7:50:37', [-66, -49, -59, -60, -51, -71, -75]), ('b8:27:eb:63:a1:e3', [-60, -54, -57, -58, -42, -54, -46])]
08:28:06.461638,(-81,-79,-85),(-64,-51,-68),(-76,-69,-83),(-76,-70,-82),(-64,-56,-73),(-51,-37,-57)
[('b8:27:eb:b6:43:f8', [-84, -79, -85, -81, -80, -80, -79, -79, -79, -80]), ('b8:27:eb:d3:4c:7f', [-68, -51, -66, -61, -65, -68]), ('b8:27:eb:cd:4b:81', [-83, -69, -75, -74, -76, -78, -72]), ('b8:27:eb:ee:32:b8', [-70, -71, -71, -82, -76, -76, -77, -79]), ('b8:27:eb:e7:50:37', [-66, -58, -73, -65, -59, -71, -56]), ('b8:27:eb:63:a1:e3', [-56, -37, -54, -44, -54, -52, -51, -57])]
08:28:08.359147,(-78,-67,-86),(-57,-46,-69),(-77,-72,-87),(-80,-62,-91),(-69,-65,-74),(-55,-44,-69)
[('b8:27:eb:b6:43:f8', [-81, -83, -86, -72, -76, -67, -75]), ('b8:27:eb:d3:4c:7f', [-54, -64, -51, -48, -68, -69, -56, -55, -46]), ('b8:27:eb:cd:4b:81', [-75, -77, -72, -72, -74, -73, -87, -77, -83]), ('b8:27:eb:ee:32:b8', [-85, -78, -62, -83, -78, -91]), ('b8:27:eb:e7:50:37', [-65, -67, -74, -68, -68, -69, -72]), ('b8:27:eb:63:a1:e3', [-44, -60, -69, -45, -54, -52, -54, -59, -54, -59])]
08:28:10.317215,(-78,-72,-81),(-65,-52,-75),(-75,-70,-77),(-81,-69,-87),(-66,-52,-75),(-52,-42,-65)
[('b8:27:eb:b6:43:f8', [-77, -81, -72, -79, -81, -74]), ('b8:27:eb:d3:4c:7f', [-69, -52, -71, -75, -67, -52, -65]), ('b8:27:eb:cd:4b:81', [-76, -74, -76, -70, -71, -72, -77, -77]), ('b8:27:eb:ee:32:b8', [-69, -80, -87, -86, -85, -80, -80]), ('b8:27:eb:e7:50:37', [-72, -72, -55, -52, -62, -69, -70, -75]), ('b8:27:eb:63:a1:e3', [-59, -55, -65, -42, -44, -43])]
08:28:12.251696,(-71,-59,-84),(-66,-55,-73),(-70,-59,-79),(-79,-66,-91),(-68,-52,-79),(-49,-39,-56)
[('b8:27:eb:b6:43:f8', [-79, -84, -63, -63, -73, -59, -80, -60]), ('b8:27:eb:d3:4c:7f', [-64, -68, -70, -71, -66, -60, -73, -61, -55]), ('b8:27:eb:cd:4b:81', [-75, -79, -69, -59, -68, -70]), ('b8:27:eb:ee:32:b8', [-74, -77, -87, -66, -78, -91]), ('b8:27:eb:e7:50:37', [-72, -69, -67, -66, -52, -59, -79, -68, -73]), ('b8:27:eb:63:a1:e3', [-39, -40, -55, -55, -55, -53, -42, -56, -43])]
08:28:14.151228,(-79,-67,-90),(-66,-53,-72),(-70,-58,-78),(-70,-60,-83),(-68,-50,-76),(-55,-42,-60)
[('b8:27:eb:b6:43:f8', [-74, -86, -67, -76, -83, -77, -73, -90]), ('b8:27:eb:d3:4c:7f', [-53, -67, -72, -70, -67, -68, -67, -62]), ('b8:27:eb:cd:4b:81', [-69, -77, -78, -58, -68, -68, -70, -72]), ('b8:27:eb:ee:32:b8', [-83, -62, -72, -60, -73]), ('b8:27:eb:e7:50:37', [-76, -73, -71, -69, -69, -67, -50]), ('b8:27:eb:63:a1:e3', [-55, -54, -60, -54, -58, -42, -54, -60])]
08:28:16.044555,(-82,-72,-92),(-65,-56,-81),(-67,-51,-73),(-72,-58,-79),(-67,-58,-72),(-53,-37,-68)
[('b8:27:eb:b6:43:f8', [-86, -72, -83, -83, -75, -82, -92]), ('b8:27:eb:d3:4c:7f', [-56, -67, -59, -59, -63, -81, -66]), ('b8:27:eb:cd:4b:81', [-73, -68, -68, -68, -51, -70, -65, -69, -68]), ('b8:27:eb:ee:32:b8', [-72, -76, -76, -73, -58, -79, -69]), ('b8:27:eb:e7:50:37', [-65, -70, -72, -58, -69, -71, -62]), ('b8:27:eb:63:a1:e3', [-68, -53, -52, -52, -50, -51, -52, -37, -56])]
08:28:17.959139,(-73,-62,-81),(-61,-48,-71),(-69,-65,-76),(-76,-59,-87),(-67,-51,-76),(-52,-43,-57)
[('b8:27:eb:b6:43:f8', [-62, -79, -65, -77, -79, -68, -65, -78, -81]), ('b8:27:eb:d3:4c:7f', [-62, -50, -64, -71, -63, -69, -48]), ('b8:27:eb:cd:4b:81', [-72, -66, -69, -69, -76, -65, -67, -68]), ('b8:27:eb:ee:32:b8', [-71, -76, -87, -76, -59, -81, -76]), ('b8:27:eb:e7:50:37', [-64, -70, -62, -71, -76, -51, -62, -73]), ('b8:27:eb:63:a1:e3', [-56, -57, -52, -50, -55, -43, -57, -43])]
