08:22:45.269188,(-77,-73,-80),(-70,-56,-80),(-80,-71,-92),(-71,-59,-78),(-58,-44,-78),(-61,-54,-73)
[('b8:27:eb:b6:43:f8', [-79, -73, -76, -80, -74, -76, -79]), ('b8:27:eb:d3:4c:7f', [-56, -62, -71, -70, -77, -80]), ('b8:27:eb:cd:4b:81', [-71, -73, -78, -81, -92, -82, -82]), ('b8:27:eb:ee:32:b8', [-78, -71, -75, -74, -75, -59, -73, -60]), ('b8:27:eb:e7:50:37', [-65, -44, -61, -78, -59, -49, -58, -47]), ('b8:27:eb:63:a1:e3', [-54, -58, -63, -57, -59, -59, -73])]
08:22:47.175492,(-79,-71,-91),(-74,-68,-79),(-72,-61,-81),(-74,-70,-78),(-64,-45,-73),(-53,-43,-63)
[('b8:27:eb:b6:43:f8', [-72, -78, -82, -91, -83, -81, -71, -74]), ('b8:27:eb:d3:4c:7f', [-71, -79, -68, -71, -69, -75, -72, -77, -77]), ('b8:27:eb:cd:4b:81', [-81, -74, -77, -62, -61, -69, -74]), ('b8:27:eb:ee:32:b8', [-74, -70, -73, -76, -71, -72, -78]), ('b8:27:eb:e7:50:37', [-67, -63, -63, -73, -66, -65, -45, -58, -73]), ('b8:27:eb:63:a1:e3', [-52, -53, -49, -43, -63, -58])]
08:22:49.141977,(-75,-63,-89),(-74,-57,-88),(-76,-73,-78),(-72,-66,-76),(-64,-49,-76),(-61,-56,-70)
[('b8:27:eb:b6:43:f8', [-73, -77, -79, -72, -63, -64, -81, -89]), ('b8:27:eb:d3:4c:7f', [-88, -80, -74, -77, -57, -64]), ('b8:27:eb:cd:4b:81', [-75, -75, -73, -73, -76, -76, -78, -77, -74]), ('b8:27:eb:ee:32:b8', [-72, -66, -73, -76, -71, -72, -74, -69, -68]), ('b8:27:eb:e7:50:37', [-76, -68, -61, -49, -64, -65, -65, -58]), ('b8:27:eb:63:a1:e3', [-56, -62, -57, -70, -57, -63, -56])]
08:22:51.106850,(-81,-60,-95),(-70,-54,-75),(-75,-59,-91),(-72,-54,-87),(-59,-47,-68),(-54,-40,-63)
[('b8:27:eb:b6:43:f8', [-88, -86, -81, -78, -74, -95, -60, -83]), ('b8:27:eb:d3:4c:7f', [-54, -66, -75, -73, -72, -67, -73, -73, -71, -75]), ('b8:27:eb:cd:4b:81', [-59, -75, -62, -80, -71, -79, -79, -91]), ('b8:27:eb:ee:32:b8', [-72, -70, -71, -69, -68, -81, -87, -54, -69, -71]), ('b8:27:eb:e7:50:37', [-58, -66, -47, -58, -56, -66, -68, -57, -51]), ('b8:27:eb:63:a1:e3', [-63, -57, -40, -54, -58, -45, -58])]
08:22:53.036888,(-79,-75,-84),(-67,-59,-73),(-76,-59,-86),(-65,-52,-72),(-55,-44,-68),(-60,-47,-68)
[('b8:27:eb:b6:43:f8', [-84, -75, -77, -75, -83, -80, -76, -82, -76, -79]), ('b8:27:eb:d3:4c:7f', [-68, -61, -68, -72, -59, -71, -71, -73, -59]), ('b8:27:eb:cd:4b:81', [-86, -67, -82, -83, -76, -75, -59, -73]), ('b8:27:eb:ee:32:b8', [-66, -69, -52, -58, -72, -71, -56, -69]), ('b8:27:eb:e7:50:37', [-58, -44, -44, -45, -66, -68, -59, -47, -60, -58]), ('b8:27:eb:63:a1:e3', [-61, -68, -57, -47, -61, -64, -67, -65, -47])]
08:22:54.960625,(-76,-64,-85),(-71,-56,-80),(-74,-63,-80),(-74,-58,-88),(-54,-42,-72),(-59,-49,-70)
[('b8:27:eb:b6:43:f8', [-64, -85, -70, -77, -77, -77, -80, -76, -77]), ('b8:27:eb:d3:4c:7f', [-72, -80, -70, -62, -72, -78, -74, -56, -73]), ('b8:27:eb:cd:4b:81', [-80, -77, -75, -79, -74, -63, -67, -76, -69]), ('b8:27:eb:ee:32:b8', [-88, -70, -58, -73, -80, -74, -73, -72]), ('b8:27:eb:e7:50:37', [-51, -72, -42, -48, -56, -47, -57, -53]), ('b8:27:eb:63:a1:e3', [-58, -63, -49, -66, -55, -54, -51, -62, -70])]
08:22:56.855985,(-77,-67,-92),(-71,-56,-83),(-79,-72,-89),(-72,-59,-84),(-54,-51,-55),(-60,-53,-67)
[('b8:27:eb:b6:43:f8', [-74, -76, -70, -75, -80, -84, -67, -92, -74]), ('b8:27:eb:d3:4c:7f', [-70, -71, -72, -83, -73, -56]), ('b8:27:eb:cd:4b:81', [-77, -76, -81, -89, -73, -78, -72, -78, -81]), ('b8:27:eb:ee:32:b8', [-76, -72, -59, -60, -79, -84, -71]), ('b8:27:eb:e7:50:37', [-55, -55, -55, -54, -52, -51, -54, -54, -54]), ('b8:27:eb:63:a1:e3', [-67, -56, -60, -54, -61, -53, -62, -65])]
08:22:58.778067,(-78,-68,-86),(-73,-60,-79),(-78,-69,-87),(-72,-59,-81),(-47,-37,-55),(-68,-62,-76)
[('b8:27:eb:b6:43:f8', [-75, -83, -68, -86, -84, -77, -74, -76, -77]), ('b8:27:eb:d3:4c:7f', [-68, -70, -60, -71, -79, -78, -77, -75, -72]), ('b8:27:eb:cd:4b:81', [-70, -76, -81, -78, -69, -87, -78, -79]), ('b8:27:eb:ee:32:b8', [-81, -75, -60, -74, -69, -75, -75, -80, -59]), ('b8:27:eb:e7:50:37', [-40, -52, -55, -55, -40, -38, -37, -53, -51]), ('b8:27:eb:63:a1:e3', [-70, -68, -67, -76, -68, -67, -62, -69, -62])]
08:23:00.662247,(-77,-66,-86),(-69,-56,-76),(-84,-71,-97),(-73,-62,-80),(-48,-36,-56),(-63,-47,-70)
[('b8:27:eb:b6:43:f8', [-83, -70, -78, -66, -86, -72, -78]), ('b8:27:eb:d3:4c:7f', [-63, -76, -72, -74, -72, -56, -60, -72, -73]), ('b8:27:eb:cd:4b:81', [-71, -76, -89, -74, -97, -92, -84]), ('b8:27:eb:ee:32:b8', [-62, -71, -80, -72, -76, -68, -79]), ('b8:27:eb:e7:50:37', [-50, -41, -36, -51, -56, -53, -53, -37, -54]), ('b8:27:eb:63:a1:e3', [-59, -64, -47, -64, -70, -69, -68, -61])]
08:23:02.565100,(-83,-71,-94),(-76,-69,-83),(-81,-76,-88),(-74,-73,-75),(-45,-35,-54),(-66,-53,-80)
[('b8:27:eb:b6:43:f8', [-79, -94, -84, -88, -71, -86, -80, -80]), ('b8:27:eb:d3:4c:7f', [-75, -83, -69, -77, -77, -74, -72, -79]), ('b8:27:eb:cd:4b:81', [-79, -88, -80, -78, -83, -83, -76]), ('b8:27:eb:ee:32:b8', [-75, -73, -74]), ('b8:27:eb:e7:50:37', [-54, -39, -52, -41, -54, -41, -37, -35]), ('b8:27:eb:63:a1:e3', [-63, -59, -53, -61, -73, -80, -67])]
08:23:04.462077,(-81,-71,-96),(-75,-70,-83),(-80,-68,-90),(-73,-67,-84),(-57,-49,-63),(-63,-51,-73)
[('b8:27:eb:b6:43:f8', [-81, -82, -84, -96, -75, -71, -85, -73]), ('b8:27:eb:d3:4c:7f', [-83, -70, -73, -72, -74, -76, -76]), ('b8:27:eb:cd:4b:81', [-84, -86, -90, -68, -69, -78, -81, -84, -78]), ('b8:27:eb:ee:32:b8', [-70, -72, -68, -74, -84, -67, -72, -72, -72]), ('b8:27:eb:e7:50:37', [-53, -54, -49, -57, -60, -56, -59, -63, -57, -58]), ('b8:27:eb:63:a1:e3', [-51, -54, -67, -73, -71, -72, -52])]
08:23:06.347275,(-76,-64,-89),(-74,-68,-80),(-76,-66,-83),(-68,-61,-75),(-53,-40,-65),(-59,-48,-80)
[('b8:27:eb:b6:43:f8', [-71, -79, -75, -78, -76, -68, -89, -82, -64]), ('b8:27:eb:d3:4c:7f', [-80, -74, -70, -78, -76, -68, -73, -72, -69, -72]), ('b8:27:eb:cd:4b:81', [-77, -77, -66, -73, -71, -83, -81, -68, -81]), ('b8:27:eb:ee:32:b8', [-67, -66, -65, -72, -69, -61, -67, -62, -75]), ('b8:27:eb:e7:50:37', [-40, -55, -56, -45, -42, -62, -63, -42, -65]), ('b8:27:eb:63:a1:e3', [-53, -53, -73, -48, -54, -51, -58, -80, -58])]
08:23:08.304438,(-80,-67,-89),(-65,-57,-78),(-79,-62,-92),(-75,-57,-86),(-53,-42,-58),(-60,-47,-71)
[('b8:27:eb:b6:43:f8', [-89, -77, -83, -84, -85, -79, -67, -67, -81]), ('b8:27:eb:d3:4c:7f', [-78, -57, -72, -60, -72, -57, -61, -61]), ('b8:27:eb:cd:4b:81', [-82, -70, -92, -79, -79, -77, -78, -90, -62]), ('b8:27:eb:ee:32:b8', [-75, -83, -79, -72, -57, -63, -74, -86, -85]), ('b8:27:eb:e7:50:37', [-56, -42, -53, -52, -50, -53, -54, -58]), ('b8:27:eb:63:a1:e3', [-59, -58, -65, -57, -60, -47, -71])]
08:23:10.266142,(-75,-67,-82),(-74,-62,-80),(-76,-61,-87),(-75,-58,-81),(-51,-42,-56),(-61,-45,-78)
[('b8:27:eb:b6:43:f8', [-72, -74, -67, -76, -75, -80, -70, -82]), ('b8:27:eb:d3:4c:7f', [-75, -74, -73, -73, -80, -78, -62]), ('b8:27:eb:cd:4b:81', [-80, -78, -87, -77, -61, -73, -69, -81]), ('b8:27:eb:ee:32:b8', [-81, -81, -74, -77, -73, -78, -75, -58]), ('b8:27:eb:e7:50:37', [-42, -42, -55, -52, -56, -56]), ('b8:27:eb:63:a1:e3', [-58, -78, -72, -45, -59, -54, -58, -57, -63, -57])]
08:23:12.191993,(-80,-76,-84),(-70,-58,-77),(-73,-59,-79),(-80,-69,-88),(-57,-42,-71),(-61,-41,-72)
[('b8:27:eb:b6:43:f8', [-77, -82, -78, -84, -84, -76, -77, -76, -81]), ('b8:27:eb:d3:4c:7f', [-73, -74, -68, -77, -75, -67, -66, -58]), ('b8:27:eb:cd:4b:81', [-79, -59, -75, -73, -62, -79, -73, -79]), ('b8:27:eb:ee:32:b8', [-85, -83, -88, -75, -77, -79, -69, -79, -81]), ('b8:27:eb:e7:50:37', [-54, -58, -63, -42, -55, -71, -56, -54, -60, -56]), ('b8:27:eb:63:a1:e3', [-65, -72, -54, -69, -41])]
08:23:14.083454,(-81,-66,-99),(-72,-55,-81),(-78,-58,-89),(-79,-73,-85),(-61,-54,-71),(-67,-55,-80)
[('b8:27:eb:b6:43:f8', [-94, -66, -99, -79, -76, -73, -78, -73, -83]), ('b8:27:eb:d3:4c:7f', [-70, -72, -81, -55, -76, -75, -70, -77]), ('b8:27:eb:cd:4b:81', [-84, -87, -89, -82, -66, -80, -58, -77]), ('b8:27:eb:ee:32:b8', [-78, -77, -81, -80, -77, -73, -85]), ('b8:27:eb:e7:50:37', [-54, -58, -63, -57, -61, -71, -59]), ('b8:27:eb:63:a1:e3', [-55, -60, -80, -71, -73, -63])]
08:23:16.003503,(-78,-68,-84),(-73,-61,-80),(-78,-65,-87),(-81,-73,-86),(-59,-45,-71),(-62,-45,-78)
[('b8:27:eb:b6:43:f8', [-78, -75, -78, -68, -84, -81, -78, -77]), ('b8:27:eb:d3:4c:7f', [-63, -77, -80, -80, -61]), ('b8:27:eb:cd:4b:81', [-87, -86, -77, -71, -65, -73, -85, -73]), ('b8:27:eb:ee:32:b8', [-82, -86, -73, -77, -85, -75, -85]), ('b8:27:eb:e7:50:37', [-66, -71, -45, -46, -65, -68, -59, -50]), ('b8:27:eb:63:a1:e3', [-67, -64, -45, -78, -45, -61, -69, -61])]
08:23:17.928837,(-77,-68,-84),(-75,-71,-79),(-76,-59,-84),(-73,-60,-82),(-57,-45,-65),(-62,-51,-72)
[('b8:27:eb:b6:43:f8', [-68, -84, -80, -79, -79, -77, -70, -72, -78]), ('b8:27:eb:d3:4c:7f', [-75, -72, -71, -79, -74, -79]), ('b8:27:eb:cd:4b:81', [-59, -82, -69, -79, -80, -77, -73, -78, -84]), ('b8:27:eb:ee:32:b8', [-82, -62, -76, -72, -74, -75, -60, -73, -82]), ('b8:27:eb:e7:50:37', [-61, -52, -45, -65, -65, -65, -54, -47]), ('b8:27:eb:63:a1:e3', [-51, -52, -66, -61, -70, -72])]
08:23:19.888685,(-79,-67,-84),(-77,-66,-93),(-75,-61,-88),(-84,-75,-89),(-64,-51,-70),(-65,-48,-72)
[('b8:27:eb:b6:43:f8', [-76, -84, -77, -77, -67, -84, -84, -79]), ('b8:27:eb:d3:4c:7f', [-77, -69, -93, -77, -80, -76, -66]), ('b8:27:eb:cd:4b:81', [-88, -66, -76, -85, -75, -75, -70, -61]), ('b8:27:eb:ee:32:b8', [-86, -88, -75, -78, -89, -87, -86, -83]), ('b8:27:eb:e7:50:37', [-62, -61, -66, -67, -67, -70, -64, -64, -66, -51]), ('b8:27:eb:63:a1:e3', [-59, -67, -68, -59, -72, -71, -48, -72, -64])]
08:23:21.823206,(-80,-67,-85),(-80,-77,-83),(-75,-60,-82),(-77,-61,-83),(-62,-48,-68),(-68,-60,-73)
[('b8:27:eb:b6:43:f8', [-69, -84, -81, -67, -84, -84, -85]), ('b8:27:eb:d3:4c:7f', [-82, -77, -77, -83, -83, -79, -78]), ('b8:27:eb:cd:4b:81', [-75, -73, -81, -82, -75, -60, -73, -80, -76]), ('b8:27:eb:ee:32:b8', [-80, -61, -81, -83, -80, -73]), ('b8:27:eb:e7:50:37', [-64, -62, -67, -48, -68, -51, -63, -68]), ('b8:27:eb:63:a1:e3', [-68, -62, -70, -60, -73, -70, -67, -67, -63, -73])]
08:23:23.755408,(-82,-74,-87),(-73,-62,-80),(-69,-61,-79),(-76,-70,-80),(-62,-48,-68),(-58,-49,-66)
[('b8:27:eb:b6:43:f8', [-87, -74, -86, -77, -77, -83, -85, -86]), ('b8:27:eb:d3:4c:7f', [-80, -77, -63, -62, -71, -74, -75, -78]), ('b8:27:eb:cd:4b:81', [-76, -61, -67, -61, -76, -64, -67, -79, -68]), ('b8:27:eb:ee:32:b8', [-74, -80, -78, -73, -70, -77, -74]), ('b8:27:eb:e7:50:37', [-54, -66, -68, -64, -48, -62, -64, -64, -61]), ('b8:27:eb:63:a1:e3', [-49, -55, -59, -61, -53, -59, -58, -66])]
08:23:25.678525,(-77,-71,-79),(-83,-73,-91),(-72,-60,-78),(-70,-61,-78),(-63,-49,-73),(-62,-49,-70)
[('b8:27:eb:b6:43:f8', [-76, -71, -77, -78, -78, -79]), ('b8:27:eb:d3:4c:7f', [-88, -77, -91, -73]), ('b8:27:eb:cd:4b:81', [-72, -76, -60, -62, -67, -76, -76, -76, -78, -74]), ('b8:27:eb:ee:32:b8', [-73, -73, -72, -61, -61, -76, -73, -68, -62, -78]), ('b8:27:eb:e7:50:37', [-49, -62, -63, -72, -73, -64, -53]), ('b8:27:eb:63:a1:e3', [-69, -63, -61, -70, -50, -49, -70])]
08:23:27.634248,(-85,-75,-90),(-77,-64,-85),(-74,-62,-86),(-73,-66,-77),(-61,-48,-70),(-64,-51,-77)
[('b8:27:eb:b6:43:f8', [-90, -90, -75, -83, -88, -82]), ('b8:27:eb:d3:4c:7f', [-84, -85, -81, -80, -74, -73, -82, -66, -64]), ('b8:27:eb:cd:4b:81', [-77, -62, -75, -74, -86, -74, -74, -62, -75]), ('b8:27:eb:ee:32:b8', [-76, -73, -74, -66, -66, -74, -77]), ('b8:27:eb:e7:50:37', [-65, -64, -62, -48, -70, -63, -50, -62, -63]), ('b8:27:eb:63:a1:e3', [-77, -62, -61, -63, -51, -68, -57, -73])]
08:23:29.570416,(-75,-63,-85),(-79,-71,-83),(-76,-68,-89),(-72,-59,-81),(-64,-46,-72),(-58,-55,-63)
[('b8:27:eb:b6:43:f8', [-78, -63, -67, -77, -85, -79, -77, -74]), ('b8:27:eb:d3:4c:7f', [-74, -83, -82, -78, -71, -80, -79]), ('b8:27:eb:cd:4b:81', [-76, -89, -73, -72, -68, -75, -76]), ('b8:27:eb:ee:32:b8', [-66, -69, -59, -81, -74, -68, -75, -72, -78]), ('b8:27:eb:e7:50:37', [-61, -57, -66, -46, -65, -72, -67, -64, -71]), ('b8:27:eb:63:a1:e3', [-56, -57, -63, -56, -56, -55])]
08:23:31.535376,(-81,-73,-87),(-75,-66,-84),(-78,-70,-88),(-71,-62,-80),(-63,-54,-72),(-61,-55,-70)
[('b8:27:eb:b6:43:f8', [-82, -80, -80, -87, -73, -81, -84]), ('b8:27:eb:d3:4c:7f', [-70, -84, -84, -70, -66, -72]), ('b8:27:eb:cd:4b:81', [-84, -70, -88, -78, -74, -75, -74, -74, -84]), ('b8:27:eb:ee:32:b8', [-62, -74, -80, -73, -66, -72, -71, -67]), ('b8:27:eb:e7:50:37', [-63, -55, -54, -68, -59, -72, -69]), ('b8:27:eb:63:a1:e3', [-55, -60, -56, -65, -70, -57, -63, -59, -59, -60])]
08:23:33.448097,(-76,-62,-89),(-73,-59,-83),(-77,-67,-80),(-66,-56,-75),(-63,-50,-71),(-66,-47,-82)
[('b8:27:eb:b6:43:f8', [-77, -89, -62, -79, -62, -78, -81]), ('b8:27:eb:d3:4c:7f', [-59, -74, -83, -72, -73, -72]), ('b8:27:eb:cd:4b:81', [-67, -77, -78, -79, -77, -77, -80, -79]), ('b8:27:eb:ee:32:b8', [-56, -66, -65, -65, -66, -60, -72, -75]), ('b8:27:eb:e7:50:37', [-71, -59, -63, -65, -64, -59, -70, -50]), ('b8:27:eb:63:a1:e3', [-65, -71, -47, -82, -63, -72, -61, -62])]
08:23:35.390490,(-80,-65,-92),(-72,-62,-76),(-81,-70,-90),(-71,-59,-75),(-57,-45,-73),(-63,-49,-74)
[('b8:27:eb:b6:43:f8', [-79, -85, -65, -82, -77, -77, -92]), ('b8:27:eb:d3:4c:7f', [-73, -71, -76, -71, -74, -62, -72, -71]), ('b8:27:eb:cd:4b:81', [-82, -85, -71, -70, -82, -78, -90, -86]), ('b8:27:eb:ee:32:b8', [-75, -75, -70, -59, -68, -68, -73, -73]), ('b8:27:eb:e7:50:37', [-45, -73, -59, -61, -45, -57, -58, -56, -56]), ('b8:27:eb:63:a1:e3', [-57, -55, -74, -63, -49, -70, -67])]
08:23:37.304045,(-79,-69,-86),(-70,-60,-77),(-76,-68,-83),(-73,-70,-75),(-58,-45,-64),(-59,-49,-63)
[('b8:27:eb:b6:43:f8', [-80, -69, -81, -80, -79, -86, -77]), ('b8:27:eb:d3:4c:7f', [-77, -60, -73, -76, -61, -70, -70]), ('b8:27:eb:cd:4b:81', [-68, -82, -79, -76, -77, -70, -83, -72, -70]), ('b8:27:eb:ee:32:b8', [-70, -74, -72, -73, -75, -73, -73, -75, -72]), ('b8:27:eb:e7:50:37', [-45, -55, -57, -55, -63, -64, -55, -63]), ('b8:27:eb:63:a1:e3', [-59, -61, -63, -49, -58, -62, -60])]
08:23:39.235391,(-83,-75,-86),(-76,-70,-86),(-78,-66,-95),(-77,-68,-85),(-58,-45,-65),(-53,-40,-57)
[('b8:27:eb:b6:43:f8', [-75, -81, -86, -85, -86, -84]), ('b8:27:eb:d3:4c:7f', [-75, -70, -71, -71, -82, -86, -72, -79, -74, -77]), ('b8:27:eb:cd:4b:81', [-68, -79, -85, -70, -66, -77, -95, -77, -81, -76]), ('b8:27:eb:ee:32:b8', [-74, -81, -75, -73, -85, -81, -74, -68, -76]), ('b8:27:eb:e7:50:37', [-54, -62, -58, -56, -65, -63, -45, -54, -62]), ('b8:27:eb:63:a1:e3', [-55, -54, -56, -40, -55, -57])]
08:23:41.174145,(-75,-66,-81),(-72,-59,-84),(-78,-67,-84),(-76,-70,-80),(-58,-51,-66),(-61,-45,-70)
[('b8:27:eb:b6:43:f8', [-69, -66, -79, -80, -77, -78, -81, -81, -69, -69]), ('b8:27:eb:d3:4c:7f', [-59, -73, -71, -84, -67, -72, -71, -78, -66]), ('b8:27:eb:cd:4b:81', [-80, -84, -82, -67, -81, -80, -68]), ('b8:27:eb:ee:32:b8', [-75, -79, -70, -80, -75]), ('b8:27:eb:e7:50:37', [-56, -56, -57, -58, -55, -59, -66, -51, -61]), ('b8:27:eb:63:a1:e3', [-58, -70, -64, -63, -62, -63, -45])]
08:23:43.062118,(-81,-69,-94),(-74,-71,-77),(-77,-69,-80),(-75,-69,-79),(-55,-44,-62),(-57,-41,-62)
[('b8:27:eb:b6:43:f8', [-90, -94, -77, -69, -79, -78, -79]), ('b8:27:eb:d3:4c:7f', [-71, -72, -71, -72, -75, -75, -77, -76]), ('b8:27:eb:cd:4b:81', [-74, -79, -79, -78, -78, -73, -69, -80, -79, -80]), ('b8:27:eb:ee:32:b8', [-78, -71, -76, -73, -79, -77, -69, -77, -75]), ('b8:27:eb:e7:50:37', [-56, -62, -59, -60, -46, -54, -57, -54, -44]), ('b8:27:eb:63:a1:e3', [-58, -49, -59, -62, -57, -62, -41, -62])]
08:23:45.004023,(-80,-67,-90),(-73,-66,-77),(-73,-62,-80),(-74,-68,-81),(-58,-45,-68),(-55,-42,-62)
[('b8:27:eb:b6:43:f8', [-78, -79, -80, -81, -87, -67, -78, -78, -90, -78]), ('b8:27:eb:d3:4c:7f', [-77, -76, -68, -75, -73, -66]), ('b8:27:eb:cd:4b:81', [-69, -80, -78, -65, -71, -70, -78, -62, -77]), ('b8:27:eb:ee:32:b8', [-76, -76, -69, -68, -76, -77, -68, -74, -81]), ('b8:27:eb:e7:50:37', [-45, -58, -66, -65, -61, -52, -68, -61, -45]), ('b8:27:eb:63:a1:e3', [-49, -49, -56, -56, -61, -42, -47, -60, -62, -60])]
08:23:46.909134,(-78,-72,-86),(-75,-61,-80),(-74,-62,-78),(-73,-61,-79),(-61,-52,-67),(-55,-47,-61)
[('b8:27:eb:b6:43:f8', [-79, -78, -72, -78, -86, -72, -77]), ('b8:27:eb:d3:4c:7f', [-80, -75, -73, -78, -61, -80, -68, -75, -79]), ('b8:27:eb:cd:4b:81', [-73, -78, -75, -75, -78, -62, -78, -75, -70]), ('b8:27:eb:ee:32:b8', [-76, -68, -75, -79, -61, -76, -74, -69]), ('b8:27:eb:e7:50:37', [-67, -63, -59, -52, -66, -60, -58]), ('b8:27:eb:63:a1:e3', [-56, -48, -47, -55, -55, -61, -60])]
08:23:48.839641,(-79,-66,-92),(-69,-59,-78),(-75,-68,-79),(-76,-62,-82),(-56,-47,-62),(-57,-47,-64)
[('b8:27:eb:b6:43:f8', [-77, -66, -90, -79, -69, -92]), ('b8:27:eb:d3:4c:7f', [-78, -59, -77, -73, -59, -63]), ('b8:27:eb:cd:4b:81', [-77, -68, -71, -78, -78, -79, -69]), ('b8:27:eb:ee:32:b8', [-80, -62, -79, -82, -75, -73]), ('b8:27:eb:e7:50:37', [-53, -62, -50, -58, -59, -47, -57]), ('b8:27:eb:63:a1:e3', [-49, -56, -63, -64, -62, -56, -47])]
08:23:50.769546,(-77,-67,-83),(-72,-61,-75),(-80,-71,-93),(-72,-57,-79),(-62,-47,-72),(-59,-53,-72)
[('b8:27:eb:b6:43:f8', [-78, -78, -78, -80, -83, -67, -81, -67, -73]), ('b8:27:eb:d3:4c:7f', [-75, -74, -74, -74, -68, -74, -70, -61]), ('b8:27:eb:cd:4b:81', [-78, -79, -77, -76, -71, -83, -93, -77]), ('b8:27:eb:ee:32:b8', [-78, -74, -74, -73, -57, -79, -76, -61]), ('b8:27:eb:e7:50:37', [-58, -71, -68, -62, -72, -47, -58, -49, -71]), ('b8:27:eb:63:a1:e3', [-60, -56, -56, -60, -53, -72, -56, -59])]
08:23:52.655540,(-81,-71,-88),(-74,-58,-85),(-74,-62,-86),(-77,-62,-86),(-50,-35,-63),(-67,-59,-83)
[('b8:27:eb:b6:43:f8', [-83, -88, -75, -84, -82, -71, -83]), ('b8:27:eb:d3:4c:7f', [-58, -78, -74, -76, -85, -72, -69, -74, -76]), ('b8:27:eb:cd:4b:81', [-86, -65, -74, -76, -66, -82, -78, -62]), ('b8:27:eb:ee:32:b8', [-82, -83, -76, -71, -69, -62, -86, -79, -79]), ('b8:27:eb:e7:50:37', [-63, -41, -54, -53, -35, -52]), ('b8:27:eb:63:a1:e3', [-65, -67, -67, -63, -65, -83, -60, -59])]
08:23:54.581876,(-78,-72,-86),(-71,-58,-78),(-84,-79,-91),(-72,-61,-79),(-44,-34,-52),(-68,-63,-77)
[('b8:27:eb:b6:43:f8', [-73, -86, -74, -84, -75, -78, -72]), ('b8:27:eb:d3:4c:7f', [-73, -78, -72, -78, -72, -74, -58, -61, -72]), ('b8:27:eb:cd:4b:81', [-80, -83, -80, -89, -91, -80, -79]), ('b8:27:eb:ee:32:b8', [-79, -74, -77, -72, -61, -65, -72, -72, -75, -71]), ('b8:27:eb:e7:50:37', [-35, -34, -50, -52, -34, -49, -52]), ('b8:27:eb:63:a1:e3', [-77, -63, -65, -64])]
08:23:56.503312,(-80,-73,-84),(-70,-57,-85),(-80,-69,-96),(-69,-57,-74),(-46,-35,-53),(-59,-45,-79)
[('b8:27:eb:b6:43:f8', [-81, -82, -77, -73, -84, -79, -80, -81, -79]), ('b8:27:eb:d3:4c:7f', [-85, -83, -72, -60, -67, -57, -57, -72]), ('b8:27:eb:cd:4b:81', [-93, -96, -79, -69, -79, -76, -75, -71]), ('b8:27:eb:ee:32:b8', [-72, -71, -73, -74, -74, -57, -57, -72]), ('b8:27:eb:e7:50:37', [-35, -51, -37, -52, -49, -52, -51, -53, -38, -38]), ('b8:27:eb:63:a1:e3', [-62, -45, -79, -45, -66, -52, -49, -67])]
08:23:58.430756,(-80,-72,-84),(-72,-58,-85),(-76,-62,-97),(-75,-59,-87),(-51,-38,-55),(-67,-58,-74)
[('b8:27:eb:b6:43:f8', [-80, -79, -80, -72, -84, -76, -83]), ('b8:27:eb:d3:4c:7f', [-61, -77, -72, -77, -71, -73, -85, -72, -58]), ('b8:27:eb:cd:4b:81', [-74, -62, -76, -66, -76, -76, -76, -97]), ('b8:27:eb:ee:32:b8', [-71, -59, -87, -72, -73, -78, -85, -70]), ('b8:27:eb:e7:50:37', [-53, -51, -53, -53, -52, -53, -38, -55]), ('b8:27:eb:63:a1:e3', [-71, -65, -67, -74, -65, -58])]
08:24:00.355672,(-84,-78,-87),(-70,-58,-83),(-75,-62,-85),(-71,-58,-80),(-52,-38,-57),(-69,-50,-87)
[('b8:27:eb:b6:43:f8', [-86, -81, -86, -80, -84, -87, -78]), ('b8:27:eb:d3:4c:7f', [-58, -83, -70, -76, -68, -73, -59, -71]), ('b8:27:eb:cd:4b:81', [-66, -81, -62, -80, -81, -66, -76, -85]), ('b8:27:eb:ee:32:b8', [-58, -75, -70, -68, -80, -72, -69, -71, -71, -71]), ('b8:27:eb:e7:50:37', [-54, -54, -56, -38, -55, -56, -39, -56, -57]), ('b8:27:eb:63:a1:e3', [-71, -62, -75, -50, -50, -70, -68, -80, -87])]
08:24:02.281964,(-79,-67,-88),(-65,-56,-72),(-78,-72,-86),(-69,-55,-77),(-51,-38,-57),(-68,-51,-88)
[('b8:27:eb:b6:43:f8', [-70, -76, -87, -81, -88, -81, -81, -79, -67, -75]), ('b8:27:eb:d3:4c:7f', [-71, -58, -72, -72, -58, -70, -56, -57]), ('b8:27:eb:cd:4b:81', [-72, -80, -86, -78, -73, -78, -76]), ('b8:27:eb:ee:32:b8', [-76, -70, -69, -70, -55, -68, -67, -77]), ('b8:27:eb:e7:50:37', [-53, -57, -38, -57, -53, -42, -56]), ('b8:27:eb:63:a1:e3', [-67, -64, -70, -63, -88, -64, -51, -75])]
08:24:04.227854,(-80,-73,-83),(-66,-57,-71),(-79,-67,-92),(-70,-55,-77),(-52,-39,-57),(-63,-49,-78)
[('b8:27:eb:b6:43:f8', [-82, -83, -81, -73, -81]), ('b8:27:eb:d3:4c:7f', [-67, -70, -57, -67, -58, -69, -67, -71, -68]), ('b8:27:eb:cd:4b:81', [-78, -67, -76, -92, -79, -79, -86, -75]), ('b8:27:eb:ee:32:b8', [-77, -71, -71, -68, -68, -76, -68, -55, -70, -68]), ('b8:27:eb:e7:50:37', [-53, -54, -54, -39, -57, -54]), ('b8:27:eb:63:a1:e3', [-64, -49, -66, -69, -61, -53, -52, -68, -78])]
08:24:06.135800,(-81,-77,-87),(-68,-53,-90),(-77,-62,-91),(-71,-62,-74),(-62,-59,-64),(-60,-45,-68)
[('b8:27:eb:b6:43:f8', [-83, -80, -87, -78, -78, -80, -77]), ('b8:27:eb:d3:4c:7f', [-57, -53, -53, -75, -90, -72, -73, -70]), ('b8:27:eb:cd:4b:81', [-91, -75, -71, -81, -77, -62]), ('b8:27:eb:ee:32:b8', [-74, -74, -67, -73, -70, -62, -69, -72]), ('b8:27:eb:e7:50:37', [-61, -61, -59, -62, -64]), ('b8:27:eb:63:a1:e3', [-65, -68, -66, -45, -48, -59, -68, -55, -64])]
08:24:08.023329,(-81,-73,-87),(-59,-51,-70),(-69,-57,-78),(-75,-66,-80),(-60,-46,-73),(-52,-43,-57)
[('b8:27:eb:b6:43:f8', [-82, -87, -83, -82, -73, -79]), ('b8:27:eb:d3:4c:7f', [-52, -57, -55, -66, -70, -51]), ('b8:27:eb:cd:4b:81', [-66, -77, -68, -68, -57, -66, -78, -62, -74]), ('b8:27:eb:ee:32:b8', [-72, -66, -76, -80, -79, -72, -75, -78, -73]), ('b8:27:eb:e7:50:37', [-46, -65, -73, -55, -55, -66]), ('b8:27:eb:63:a1:e3', [-47, -57, -55, -52, -55, -52, -43, -48])]
08:24:09.950819,(-80,-67,-89),(-67,-58,-73),(-82,-69,-100),(-72,-60,-74),(-50,-40,-57),(-61,-46,-71)
[('b8:27:eb:b6:43:f8', [-79, -77, -86, -75, -85, -89, -75, -67, -88, -77]), ('b8:27:eb:d3:4c:7f', [-59, -70, -70, -70, -73, -58]), ('b8:27:eb:cd:4b:81', [-70, -82, -100, -80, -81, -89, -69]), ('b8:27:eb:ee:32:b8', [-72, -72, -72, -74, -60, -73, -72, -74, -74]), ('b8:27:eb:e7:50:37', [-56, -57, -55, -42, -41, -54, -55, -40]), ('b8:27:eb:63:a1:e3', [-62, -57, -60, -46, -71, -61, -64, -64])]
08:24:11.884085,(-80,-74,-88),(-67,-57,-72),(-81,-67,-94),(-71,-61,-76),(-54,-44,-60),(-62,-48,-73)
[('b8:27:eb:b6:43:f8', [-77, -81, -76, -80, -75, -85, -88, -74, -78]), ('b8:27:eb:d3:4c:7f', [-72, -58, -72, -57, -70, -70, -70]), ('b8:27:eb:cd:4b:81', [-94, -80, -79, -77, -67, -90, -80]), ('b8:27:eb:ee:32:b8', [-76, -71, -62, -61, -74, -72, -72, -76]), ('b8:27:eb:e7:50:37', [-54, -54, -55, -60, -53, -54, -44, -54]), ('b8:27:eb:63:a1:e3', [-51, -73, -52, -48, -67, -65, -63, -71])]
08:24:13.809566,(-79,-69,-87),(-66,-54,-71),(-79,-67,-92),(-67,-57,-76),(-53,-39,-58),(-66,-52,-75)
[('b8:27:eb:b6:43:f8', [-87, -82, -71, -77, -69, -84, -75, -78, -82]), ('b8:27:eb:d3:4c:7f', [-54, -70, -67, -71, -57, -69, -67, -67, -71]), ('b8:27:eb:cd:4b:81', [-76, -75, -89, -80, -76, -76, -92, -67]), ('b8:27:eb:ee:32:b8', [-71, -71, -76, -57, -70, -57, -70, -57, -71]), ('b8:27:eb:e7:50:37', [-53, -44, -55, -58, -39, -55, -58, -54, -55]), ('b8:27:eb:63:a1:e3', [-52, -75, -64, -65, -64, -59, -72, -66, -69])]
08:24:15.775698,(-78,-68,-85),(-68,-55,-73),(-78,-67,-91),(-71,-57,-82),(-52,-39,-57),(-65,-52,-72)
[('b8:27:eb:b6:43:f8', [-79, -84, -84, -80, -79, -72, -68, -85, -69]), ('b8:27:eb:d3:4c:7f', [-73, -68, -71, -71, -71, -69, -55, -71, -58]), ('b8:27:eb:cd:4b:81', [-67, -76, -77, -78, -76, -91]), ('b8:27:eb:ee:32:b8', [-71, -72, -82, -57, -70, -70, -70]), ('b8:27:eb:e7:50:37', [-54, -54, -54, -57, -54, -39, -55, -57, -39]), ('b8:27:eb:63:a1:e3', [-66, -69, -66, -55, -52, -65, -68, -72, -65])]
08:24:17.725286,(-83,-74,-89),(-71,-60,-79),(-76,-61,-84),(-75,-69,-82),(-49,-38,-55),(-64,-50,-86)
[('b8:27:eb:b6:43:f8', [-84, -87, -82, -83, -80, -77, -86, -74, -89]), ('b8:27:eb:d3:4c:7f', [-79, -61, -60, -73, -63, -77, -78]), ('b8:27:eb:cd:4b:81', [-77, -76, -84, -80, -74, -61, -78, -78]), ('b8:27:eb:ee:32:b8', [-73, -73, -69, -76, -76, -72, -82, -71, -77]), ('b8:27:eb:e7:50:37', [-53, -39, -52, -54, -39, -53, -54, -55, -38, -51]), ('b8:27:eb:63:a1:e3', [-71, -50, -86, -50, -62, -55, -69, -64, -67])]
08:24:19.663198,(-82,-75,-90),(-76,-68,-79),(-74,-60,-85),(-70,-61,-81),(-50,-37,-55),(-62,-50,-73)
[('b8:27:eb:b6:43:f8', [-75, -90, -81, -79, -80, -86, -77, -81]), ('b8:27:eb:d3:4c:7f', [-79, -76, -77, -69, -76, -79, -68, -73, -79]), ('b8:27:eb:cd:4b:81', [-60, -74, -82, -76, -60, -85, -79, -74]), ('b8:27:eb:ee:32:b8', [-61, -73, -62, -81, -69, -69]), ('b8:27:eb:e7:50:37', [-53, -37, -52, -49, -51, -51, -54, -55, -40]), ('b8:27:eb:63:a1:e3', [-50, -63, -66, -61, -53, -65, -61, -65, -73])]
08:24:21.585790,(-83,-78,-93),(-77,-72,-85),(-83,-70,-90),(-66,-56,-70),(-54,-37,-76),(-66,-50,-72)
[('b8:27:eb:b6:43:f8', [-86, -80, -78, -83, -82, -79, -93]), ('b8:27:eb:d3:4c:7f', [-75, -85, -74, -78, -75, -72, -78]), ('b8:27:eb:cd:4b:81', [-83, -89, -90, -81, -70, -82, -80, -82]), ('b8:27:eb:ee:32:b8', [-70, -68, -56, -56, -70, -66, -70, -66]), ('b8:27:eb:e7:50:37', [-37, -53, -55, -55, -40, -61, -44, -63, -52, -76]), ('b8:27:eb:63:a1:e3', [-71, -55, -68, -72, -67, -50, -69, -68, -66])]
