08:24:58.033646,(-80,-65,-87),(-60,-51,-75),(-75,-61,-81),(-77,-65,-87),(-63,-60,-68),(-64,-52,-74)
[('b8:27:eb:b6:43:f8', [-65, -80, -87, -85, -86, -73, -84, -79]), ('b8:27:eb:d3:4c:7f', [-59, -51, -64, -51, -63, -75, -63, -51]), ('b8:27:eb:cd:4b:81', [-61, -72, -81, -75, -78, -75, -79, -74]), ('b8:27:eb:ee:32:b8', [-69, -76, -83, -83, -72, -87, -78, -65, -80, -70]), ('b8:27:eb:e7:50:37', [-60, -64, -63, -68, -61, -61]), ('b8:27:eb:63:a1:e3', [-69, -52, -74, -73, -66, -58, -65, -54])]
08:25:00.002011,(-77,-59,-85),(-70,-56,-83),(-83,-77,-92),(-75,-70,-81),(-60,-44,-66),(-58,-49,-66)
[('b8:27:eb:b6:43:f8', [-85, -80, -80, -71, -84, -78, -59]), ('b8:27:eb:d3:4c:7f', [-63, -68, -69, -70, -67, -81, -56, -83]), ('b8:27:eb:cd:4b:81', [-78, -77, -81, -81, -92, -89, -81, -81]), ('b8:27:eb:ee:32:b8', [-81, -70, -71, -76, -72, -71, -75, -80, -76]), ('b8:27:eb:e7:50:37', [-55, -65, -44, -55, -63, -62, -61, -63, -66]), ('b8:27:eb:63:a1:e3', [-50, -65, -66, -60, -49, -58, -54, -62])]
08:25:01.914912,(-79,-65,-91),(-70,-58,-80),(-74,-62,-77),(-77,-67,-82),(-59,-48,-69),(-63,-44,-73)
[('b8:27:eb:b6:43:f8', [-74, -78, -84, -81, -65, -83, -75, -79, -91]), ('b8:27:eb:d3:4c:7f', [-80, -76, -67, -66, -58, -70, -69, -67]), ('b8:27:eb:cd:4b:81', [-62, -76, -71, -75, -74, -75, -77, -74, -76]), ('b8:27:eb:ee:32:b8', [-77, -80, -72, -79, -82, -67, -82]), ('b8:27:eb:e7:50:37', [-69, -53, -48, -65, -62, -58, -62, -50, -56]), ('b8:27:eb:63:a1:e3', [-71, -44, -48, -66, -70, -63, -73])]
08:25:03.866918,(-77,-62,-86),(-67,-51,-72),(-75,-68,-84),(-76,-69,-80),(-52,-39,-56),(-61,-47,-70)
[('b8:27:eb:b6:43:f8', [-84, -81, -78, -81, -86, -76, -74, -62, -71]), ('b8:27:eb:d3:4c:7f', [-67, -51, -65, -61, -71, -70, -72, -72, -68]), ('b8:27:eb:cd:4b:81', [-80, -71, -76, -79, -71, -68, -73, -84, -76, -70]), ('b8:27:eb:ee:32:b8', [-76, -76, -69, -80, -74, -77, -79]), ('b8:27:eb:e7:50:37', [-55, -56, -45, -56, -56, -53, -52, -55, -39, -52]), ('b8:27:eb:63:a1:e3', [-65, -47, -66, -58, -66, -70, -53])]
08:25:05.799275,(-76,-67,-82),(-67,-55,-81),(-74,-57,-79),(-71,-53,-82),(-56,-41,-63),(-64,-50,-79)
[('b8:27:eb:b6:43:f8', [-82, -71, -82, -76, -67, -78, -70]), ('b8:27:eb:d3:4c:7f', [-72, -56, -66, -68, -69, -69, -72, -56, -81, -55]), ('b8:27:eb:cd:4b:81', [-71, -72, -79, -79, -79, -57, -77, -75, -77]), ('b8:27:eb:ee:32:b8', [-67, -53, -79, -74, -82, -67]), ('b8:27:eb:e7:50:37', [-63, -60, -61, -56, -49, -41, -54, -61, -55, -53]), ('b8:27:eb:63:a1:e3', [-75, -74, -58, -79, -59, -65, -61, -58, -52, -50])]
08:25:07.722456,(-77,-68,-82),(-73,-54,-87),(-73,-56,-85),(-77,-69,-84),(-52,-42,-63),(-64,-56,-73)
[('b8:27:eb:b6:43:f8', [-80, -71, -81, -80, -82, -68, -76]), ('b8:27:eb:d3:4c:7f', [-54, -69, -55, -80, -58, -79, -73, -83, -83, -87]), ('b8:27:eb:cd:4b:81', [-76, -62, -56, -75, -85, -77, -75, -74, -76]), ('b8:27:eb:ee:32:b8', [-76, -79, -79, -84, -69, -79, -74, -80, -71]), ('b8:27:eb:e7:50:37', [-54, -47, -55, -42, -61, -44, -63, -46]), ('b8:27:eb:63:a1:e3', [-63, -58, -58, -64, -67, -56, -62, -67, -69, -73])]
08:25:09.648713,(-81,-76,-91),(-77,-69,-83),(-77,-71,-81),(-70,-59,-92),(-56,-47,-63),(-64,-55,-68)
[('b8:27:eb:b6:43:f8', [-78, -76, -78, -91, -79]), ('b8:27:eb:d3:4c:7f', [-80, -80, -83, -73, -71, -80, -75, -69]), ('b8:27:eb:cd:4b:81', [-77, -74, -71, -73, -80, -77, -78, -81]), ('b8:27:eb:ee:32:b8', [-68, -75, -76, -59, -72, -59, -59, -92]), ('b8:27:eb:e7:50:37', [-47, -58, -55, -54, -63, -63, -48]), ('b8:27:eb:63:a1:e3', [-67, -62, -68, -63, -55, -68, -60])]
08:25:11.552478,(-80,-77,-83),(-68,-59,-77),(-76,-61,-82),(-81,-75,-89),(-60,-47,-69),(-58,-48,-64)
[('b8:27:eb:b6:43:f8', [-77, -80, -78, -79, -82, -83, -79]), ('b8:27:eb:d3:4c:7f', [-77, -69, -72, -59, -76, -69, -59, -61]), ('b8:27:eb:cd:4b:81', [-82, -80, -72, -81, -76, -61, -67, -80, -78, -76]), ('b8:27:eb:ee:32:b8', [-80, -75, -75, -81, -89, -83]), ('b8:27:eb:e7:50:37', [-61, -67, -57, -69, -47, -62, -62, -53, -60]), ('b8:27:eb:63:a1:e3', [-52, -63, -61, -62, -64, -51, -63, -48])]
08:25:13.477559,(-74,-62,-84),(-77,-62,-93),(-76,-69,-94),(-77,-59,-93),(-58,-46,-66),(-62,-46,-73)
[('b8:27:eb:b6:43:f8', [-79, -74, -62, -62, -78, -84, -74, -78]), ('b8:27:eb:d3:4c:7f', [-62, -75, -76, -75, -73, -93, -81]), ('b8:27:eb:cd:4b:81', [-69, -75, -70, -83, -72, -94, -73, -69]), ('b8:27:eb:ee:32:b8', [-70, -76, -63, -85, -78, -93, -79, -89, -59]), ('b8:27:eb:e7:50:37', [-63, -62, -66, -46, -62, -54, -51]), ('b8:27:eb:63:a1:e3', [-57, -58, -65, -68, -65, -58, -46, -61, -73])]
08:25:15.415298,(-69,-58,-75),(-72,-57,-94),(-77,-72,-81),(-78,-65,-84),(-63,-48,-70),(-61,-53,-66)
[('b8:27:eb:b6:43:f8', [-74, -71, -75, -71, -61, -58, -74, -65]), ('b8:27:eb:d3:4c:7f', [-57, -70, -94, -60, -76, -72]), ('b8:27:eb:cd:4b:81', [-72, -81, -76, -73, -78, -77]), ('b8:27:eb:ee:32:b8', [-81, -78, -70, -79, -76, -80, -65, -84, -84]), ('b8:27:eb:e7:50:37', [-70, -61, -57, -63, -70, -48, -67, -64]), ('b8:27:eb:63:a1:e3', [-66, -53, -64, -64, -59, -55, -63, -59, -61])]
08:25:17.386595,(-71,-63,-77),(-66,-53,-73),(-74,-66,-80),(-80,-68,-91),(-65,-51,-75),(-53,-41,-58)
[('b8:27:eb:b6:43:f8', [-74, -72, -77, -67, -72, -63, -68, -71, -72, -72]), ('b8:27:eb:d3:4c:7f', [-68, -66, -57, -72, -73, -69, -53]), ('b8:27:eb:cd:4b:81', [-66, -72, -73, -77, -73, -73, -74, -80]), ('b8:27:eb:ee:32:b8', [-79, -82, -73, -91, -86, -73, -80, -84, -68]), ('b8:27:eb:e7:50:37', [-74, -63, -65, -75, -65, -51, -60]), ('b8:27:eb:63:a1:e3', [-43, -55, -56, -46, -41, -55, -55, -58, -56, -57])]
08:25:19.310996,(-71,-58,-87),(-64,-54,-77),(-76,-69,-83),(-73,-61,-82),(-64,-51,-76),(-50,-38,-57)
[('b8:27:eb:b6:43:f8', [-71, -60, -77, -77, -62, -71, -87, -58]), ('b8:27:eb:d3:4c:7f', [-54, -70, -59, -77, -60, -67, -54, -68]), ('b8:27:eb:cd:4b:81', [-78, -70, -83, -78, -69, -71, -77, -77]), ('b8:27:eb:ee:32:b8', [-82, -63, -78, -74, -74, -75, -61, -77]), ('b8:27:eb:e7:50:37', [-76, -51, -63, -65, -64, -72, -51, -63, -71]), ('b8:27:eb:63:a1:e3', [-53, -57, -54, -38, -55, -44, -53, -43])]
08:25:21.208542,(-72,-57,-84),(-66,-52,-76),(-72,-58,-77),(-81,-73,-86),(-57,-47,-64),(-52,-42,-63)
[('b8:27:eb:b6:43:f8', [-76, -70, -71, -70, -57, -67, -84, -75]), ('b8:27:eb:d3:4c:7f', [-70, -53, -67, -70, -52, -56, -68, -74, -76]), ('b8:27:eb:cd:4b:81', [-77, -73, -68, -74, -74, -58, -74, -69, -73]), ('b8:27:eb:ee:32:b8', [-78, -73, -86, -82, -80, -85]), ('b8:27:eb:e7:50:37', [-50, -63, -51, -60, -64, -47, -60]), ('b8:27:eb:63:a1:e3', [-55, -57, -63, -44, -48, -42, -54])]
08:25:23.093499,(-81,-69,-90),(-72,-65,-80),(-78,-70,-84),(-73,-57,-83),(-60,-44,-74),(-51,-39,-57)
[('b8:27:eb:b6:43:f8', [-80, -74, -89, -80, -71, -90, -87, -69, -81]), ('b8:27:eb:d3:4c:7f', [-72, -71, -67, -76, -67, -65, -72, -80, -71, -73]), ('b8:27:eb:cd:4b:81', [-80, -78, -76, -84, -70]), ('b8:27:eb:ee:32:b8', [-83, -61, -72, -76, -57, -83, -76, -72]), ('b8:27:eb:e7:50:37', [-61, -48, -69, -63, -57, -44, -57, -65, -62, -74]), ('b8:27:eb:63:a1:e3', [-55, -54, -57, -49, -56, -42, -39])]
08:25:24.990924,(-77,-61,-88),(-70,-56,-87),(-79,-69,-88),(-76,-70,-85),(-61,-47,-71),(-55,-42,-63)
[('b8:27:eb:b6:43:f8', [-83, -71, -71, -81, -61, -72, -77, -86, -88]), ('b8:27:eb:d3:4c:7f', [-70, -59, -74, -73, -73, -56, -75, -62, -87]), ('b8:27:eb:cd:4b:81', [-69, -88, -75, -73, -75, -79, -79, -83, -83]), ('b8:27:eb:ee:32:b8', [-85, -77, -70, -75, -73]), ('b8:27:eb:e7:50:37', [-58, -64, -55, -47, -62, -71, -52, -69, -63, -61]), ('b8:27:eb:63:a1:e3', [-60, -53, -42, -42, -60, -58, -59, -63])]
08:25:26.928040,(-71,-59,-84),(-72,-62,-87),(-75,-61,-81),(-73,-62,-82),(-61,-50,-73),(-67,-48,-78)
[('b8:27:eb:b6:43:f8', [-73, -69, -59, -84, -78, -60, -76, -63]), ('b8:27:eb:d3:4c:7f', [-73, -87, -70, -66, -73, -65, -72, -70, -62, -79]), ('b8:27:eb:cd:4b:81', [-81, -61, -78, -80, -74, -73, -77]), ('b8:27:eb:ee:32:b8', [-67, -75, -67, -82, -62, -79, -71, -77]), ('b8:27:eb:e7:50:37', [-73, -60, -62, -69, -50, -51, -60, -60]), ('b8:27:eb:63:a1:e3', [-56, -48, -70, -78, -75, -71])]
08:25:28.900247,(-76,-57,-89),(-72,-56,-80),(-77,-60,-86),(-78,-73,-91),(-53,-39,-62),(-64,-48,-72)
[('b8:27:eb:b6:43:f8', [-57, -65, -86, -78, -76, -75, -89]), ('b8:27:eb:d3:4c:7f', [-80, -56, -70, -78, -72, -73, -71]), ('b8:27:eb:cd:4b:81', [-71, -78, -60, -80, -86, -80, -85, -72, -76]), ('b8:27:eb:ee:32:b8', [-77, -73, -75, -91, -75, -75]), ('b8:27:eb:e7:50:37', [-42, -43, -56, -56, -59, -55, -39, -58, -62]), ('b8:27:eb:63:a1:e3', [-67, -48, -63, -70, -71, -72, -60, -57])]
08:25:30.860918,(-79,-70,-95),(-68,-56,-76),(-79,-65,-94),(-77,-67,-85),(-59,-43,-63),(-64,-52,-73)
[('b8:27:eb:b6:43:f8', [-78, -81, -73, -77, -83, -73, -70, -74, -95]), ('b8:27:eb:d3:4c:7f', [-68, -60, -75, -70, -71, -66, -76, -71, -56, -66]), ('b8:27:eb:cd:4b:81', [-69, -77, -75, -65, -77, -94, -88, -85, -75]), ('b8:27:eb:ee:32:b8', [-79, -85, -75, -72, -67, -80, -82, -76]), ('b8:27:eb:e7:50:37', [-62, -60, -62, -43, -63, -62, -61]), ('b8:27:eb:63:a1:e3', [-67, -73, -52, -68, -62, -65, -71, -69, -59, -53])]
08:25:32.751870,(-82,-75,-91),(-77,-72,-82),(-75,-62,-85),(-74,-63,-81),(-61,-54,-67),(-59,-45,-67)
[('b8:27:eb:b6:43:f8', [-76, -91, -75, -88, -81, -80, -77]), ('b8:27:eb:d3:4c:7f', [-77, -75, -74, -72, -82, -82, -76, -73]), ('b8:27:eb:cd:4b:81', [-74, -70, -62, -79, -77, -85, -78, -75]), ('b8:27:eb:ee:32:b8', [-77, -63, -81, -73, -77, -79, -67]), ('b8:27:eb:e7:50:37', [-61, -54, -59, -67]), ('b8:27:eb:63:a1:e3', [-48, -60, -67, -66, -63, -63, -45, -60, -51])]
08:25:34.658697,(-74,-62,-85),(-73,-58,-82),(-78,-66,-88),(-80,-67,-90),(-61,-43,-75),(-63,-47,-73)
[('b8:27:eb:b6:43:f8', [-85, -63, -76, -83, -62, -79, -71, -72]), ('b8:27:eb:d3:4c:7f', [-81, -67, -82, -72, -72, -69, -73, -58, -80]), ('b8:27:eb:cd:4b:81', [-66, -75, -79, -69, -83, -88, -80]), ('b8:27:eb:ee:32:b8', [-71, -83, -75, -79, -79, -81, -67, -90, -84, -85]), ('b8:27:eb:e7:50:37', [-75, -50, -62, -68, -64, -67, -57, -60, -43, -60]), ('b8:27:eb:63:a1:e3', [-67, -62, -67, -73, -68, -47, -64, -53])]
08:25:36.587832,(-78,-67,-88),(-73,-60,-82),(-78,-59,-86),(-81,-79,-85),(-60,-45,-74),(-56,-43,-65)
[('b8:27:eb:b6:43:f8', [-86, -78, -82, -76, -67, -81, -72, -88, -67]), ('b8:27:eb:d3:4c:7f', [-81, -67, -60, -71, -72, -77, -72, -82]), ('b8:27:eb:cd:4b:81', [-78, -81, -59, -86, -84, -78, -81, -70]), ('b8:27:eb:ee:32:b8', [-85, -79, -81, -79, -79, -81, -80]), ('b8:27:eb:e7:50:37', [-45, -57, -74, -60, -65, -69, -56, -57, -57]), ('b8:27:eb:63:a1:e3', [-45, -43, -65, -47, -61, -60, -60, -53, -63])]
08:25:38.503152,(-76,-67,-81),(-78,-71,-96),(-73,-58,-84),(-80,-69,-85),(-60,-43,-73),(-57,-47,-68)
[('b8:27:eb:b6:43:f8', [-67, -77, -81, -75, -74, -76, -76]), ('b8:27:eb:d3:4c:7f', [-72, -71, -91, -74, -71, -96, -74, -73, -75]), ('b8:27:eb:cd:4b:81', [-58, -71, -72, -84, -71, -78, -75]), ('b8:27:eb:ee:32:b8', [-85, -81, -81, -79, -81, -79, -77, -80, -69]), ('b8:27:eb:e7:50:37', [-43, -50, -65, -73, -60, -65, -61, -62]), ('b8:27:eb:63:a1:e3', [-59, -47, -57, -68, -55, -61, -48])]
08:25:40.443964,(-70,-56,-83),(-66,-53,-83),(-74,-61,-85),(-80,-69,-90),(-67,-57,-72),(-54,-43,-62)
[('b8:27:eb:b6:43:f8', [-71, -67, -76, -56, -75, -83, -59]), ('b8:27:eb:d3:4c:7f', [-67, -83, -79, -70, -60, -57, -53, -55, -66, -64]), ('b8:27:eb:cd:4b:81', [-74, -72, -76, -61, -64, -69, -76, -75, -79, -85]), ('b8:27:eb:ee:32:b8', [-83, -77, -77, -80, -90, -69, -82]), ('b8:27:eb:e7:50:37', [-68, -67, -72, -66, -68, -66, -70, -57, -64]), ('b8:27:eb:63:a1:e3', [-59, -48, -62, -54, -55, -43, -56])]
08:25:42.379120,(-73,-56,-83),(-69,-58,-83),(-77,-62,-86),(-77,-70,-85),(-62,-51,-73),(-54,-39,-63)
[('b8:27:eb:b6:43:f8', [-83, -73, -73, -56, -75, -72, -74, -73]), ('b8:27:eb:d3:4c:7f', [-60, -74, -63, -58, -83, -68, -67, -70, -69, -74]), ('b8:27:eb:cd:4b:81', [-86, -62, -74, -83, -73, -77, -78, -83, -78, -68]), ('b8:27:eb:ee:32:b8', [-79, -77, -77, -70, -85, -76, -74]), ('b8:27:eb:e7:50:37', [-55, -70, -69, -65, -73, -58, -52, -51, -57]), ('b8:27:eb:63:a1:e3', [-54, -60, -39, -63, -57, -54, -55, -59, -57, -42])]
08:25:44.310130,(-67,-56,-85),(-68,-54,-72),(-74,-60,-95),(-77,-69,-83),(-57,-44,-70),(-59,-41,-69)
[('b8:27:eb:b6:43:f8', [-58, -70, -56, -70, -76, -60, -59, -85]), ('b8:27:eb:d3:4c:7f', [-72, -67, -71, -67, -67, -54, -72, -72]), ('b8:27:eb:cd:4b:81', [-75, -60, -71, -69, -69, -80, -72, -95]), ('b8:27:eb:ee:32:b8', [-73, -69, -82, -78, -83, -75]), ('b8:27:eb:e7:50:37', [-70, -70, -47, -69, -50, -56, -47, -44]), ('b8:27:eb:63:a1:e3', [-61, -67, -58, -62, -59, -69, -55, -41, -59])]
08:25:46.244509,(-80,-69,-87),(-69,-57,-75),(-80,-61,-91),(-79,-73,-88),(-62,-47,-76),(-53,-45,-65)
[('b8:27:eb:b6:43:f8', [-82, -74, -86, -69, -81, -75, -87]), ('b8:27:eb:d3:4c:7f', [-73, -71, -69, -69, -62, -72, -75, -69, -57, -68]), ('b8:27:eb:cd:4b:81', [-91, -79, -84, -79, -89, -83, -70, -61]), ('b8:27:eb:ee:32:b8', [-80, -88, -75, -73, -78, -73, -77, -78, -88, -73]), ('b8:27:eb:e7:50:37', [-65, -66, -66, -61, -59, -60, -47, -48, -68, -76]), ('b8:27:eb:63:a1:e3', [-51, -56, -59, -45, -65, -46, -55, -48, -45])]
08:25:48.140895,(-74,-59,-80),(-68,-62,-74),(-73,-61,-79),(-72,-59,-76),(-63,-50,-68),(-59,-45,-71)
[('b8:27:eb:b6:43:f8', [-59, -79, -80, -79, -74, -70]), ('b8:27:eb:d3:4c:7f', [-69, -68, -65, -74, -62, -65, -72, -67, -64]), ('b8:27:eb:cd:4b:81', [-68, -62, -77, -75, -73, -73, -77, -79, -79, -61]), ('b8:27:eb:ee:32:b8', [-75, -74, -71, -73, -76, -76, -72, -59]), ('b8:27:eb:e7:50:37', [-67, -68, -50, -64]), ('b8:27:eb:63:a1:e3', [-55, -71, -57, -64, -50, -66, -62, -45, -57])]
08:25:50.070068,(-79,-68,-92),(-63,-54,-73),(-79,-69,-95),(-78,-75,-80),(-64,-52,-77),(-60,-49,-70)
[('b8:27:eb:b6:43:f8', [-71, -90, -92, -91, -70, -77, -68, -71]), ('b8:27:eb:d3:4c:7f', [-61, -63, -69, -70, -54, -73, -56, -55, -58, -66]), ('b8:27:eb:cd:4b:81', [-70, -69, -79, -80, -76, -85, -80, -95, -76]), ('b8:27:eb:ee:32:b8', [-80, -79, -76, -79, -77, -79, -77, -75]), ('b8:27:eb:e7:50:37', [-62, -77, -61, -60, -66, -64, -62, -52, -66]), ('b8:27:eb:63:a1:e3', [-70, -61, -52, -64, -64, -60, -49])]
08:25:51.986852,(-75,-67,-78),(-69,-53,-76),(-83,-74,-92),(-75,-61,-83),(-56,-47,-65),(-62,-46,-72)
[('b8:27:eb:b6:43:f8', [-75, -76, -77, -78, -67, -72, -74, -78]), ('b8:27:eb:d3:4c:7f', [-63, -71, -66, -53, -73, -76, -69, -76, -66]), ('b8:27:eb:cd:4b:81', [-80, -74, -84, -90, -92, -83, -81, -80, -81]), ('b8:27:eb:ee:32:b8', [-61, -64, -77, -76, -80, -77, -74, -83, -82]), ('b8:27:eb:e7:50:37', [-50, -61, -65, -65, -49, -49, -64, -47, -48]), ('b8:27:eb:63:a1:e3', [-64, -60, -62, -46, -72, -65, -62, -66, -58])]
08:25:53.888194,(-74,-58,-89),(-66,-55,-76),(-73,-59,-80),(-74,-68,-80),(-60,-45,-70),(-53,-41,-65)
[('b8:27:eb:b6:43:f8', [-77, -79, -73, -75, -74, -58, -89, -72, -80, -60]), ('b8:27:eb:d3:4c:7f', [-71, -55, -66, -76, -67, -61, -63, -71, -62]), ('b8:27:eb:cd:4b:81', [-67, -79, -78, -77, -80, -74, -77, -59, -63]), ('b8:27:eb:ee:32:b8', [-68, -74, -72, -80, -74]), ('b8:27:eb:e7:50:37', [-57, -61, -70, -65, -58, -61, -63, -45]), ('b8:27:eb:63:a1:e3', [-58, -41, -58, -43, -57, -65, -56, -49, -43])]
08:25:55.825518,(-74,-59,-83),(-58,-51,-71),(-76,-58,-89),(-78,-69,-85),(-66,-59,-84),(-55,-54,-56)
[('b8:27:eb:b6:43:f8', [-73, -83, -72, -69, -76, -75, -59, -74, -73, -80]), ('b8:27:eb:d3:4c:7f', [-71, -65, -55, -55, -51, -51]), ('b8:27:eb:cd:4b:81', [-73, -79, -59, -85, -84, -74, -76, -89, -76, -58]), ('b8:27:eb:ee:32:b8', [-78, -69, -82, -82, -70, -73, -85, -80, -82]), ('b8:27:eb:e7:50:37', [-84, -59, -62, -63, -64, -61]), ('b8:27:eb:63:a1:e3', [-54, -56, -56, -55, -54, -54, -55])]
08:25:57.735705,(-76,-64,-82),(-65,-51,-74),(-73,-58,-80),(-77,-67,-84),(-58,-45,-69),(-58,-38,-69)
[('b8:27:eb:b6:43:f8', [-74, -78, -64, -73, -77, -77, -82, -77, -81]), ('b8:27:eb:d3:4c:7f', [-61, -64, -70, -68, -66, -63, -74, -51]), ('b8:27:eb:cd:4b:81', [-70, -80, -78, -77, -75, -58, -73]), ('b8:27:eb:ee:32:b8', [-67, -77, -80, -84, -76, -82, -74, -78, -74, -73]), ('b8:27:eb:e7:50:37', [-47, -69, -45, -62, -63, -53, -65]), ('b8:27:eb:63:a1:e3', [-63, -59, -38, -45, -52, -69, -66, -66, -58])]
08:25:59.685631,(-78,-70,-90),(-77,-68,-85),(-80,-73,-90),(-77,-71,-89),(-62,-48,-72),(-55,-44,-64)
[('b8:27:eb:b6:43:f8', [-70, -78, -79, -80, -75, -90, -78, -79, -70]), ('b8:27:eb:d3:4c:7f', [-68, -71, -73, -73, -75, -79, -85, -85]), ('b8:27:eb:cd:4b:81', [-82, -75, -90, -86, -73, -76, -76]), ('b8:27:eb:ee:32:b8', [-73, -77, -74, -71, -75, -71, -77, -89, -80]), ('b8:27:eb:e7:50:37', [-65, -65, -58, -72, -68, -68, -49, -48]), ('b8:27:eb:63:a1:e3', [-49, -49, -44, -59, -62, -54, -57, -46, -64, -58])]
08:26:01.614762,(-78,-66,-83),(-73,-59,-87),(-77,-67,-80),(-70,-59,-78),(-61,-50,-66),(-59,-45,-69)
[('b8:27:eb:b6:43:f8', [-79, -66, -82, -83, -76, -81, -80, -77]), ('b8:27:eb:d3:4c:7f', [-72, -74, -72, -59, -72, -73, -87, -72]), ('b8:27:eb:cd:4b:81', [-78, -67, -80, -76, -80]), ('b8:27:eb:ee:32:b8', [-59, -71, -59, -70, -73, -70, -78, -73]), ('b8:27:eb:e7:50:37', [-65, -58, -66, -50, -62, -59, -60, -62]), ('b8:27:eb:63:a1:e3', [-60, -68, -45, -69, -57, -56, -57, -57])]
08:26:03.582319,(-75,-62,-85),(-74,-60,-79),(-78,-71,-85),(-74,-66,-81),(-60,-44,-68),(-62,-52,-72)
[('b8:27:eb:b6:43:f8', [-62, -81, -66, -77, -77, -70, -74, -75, -85]), ('b8:27:eb:d3:4c:7f', [-78, -60, -69, -78, -78, -79, -76]), ('b8:27:eb:cd:4b:81', [-71, -76, -74, -85, -72, -80, -83]), ('b8:27:eb:ee:32:b8', [-74, -72, -81, -75, -72, -75, -66, -75]), ('b8:27:eb:e7:50:37', [-60, -68, -61, -66, -44, -61]), ('b8:27:eb:63:a1:e3', [-63, -72, -66, -52, -62, -55])]
08:26:05.516558,(-76,-67,-80),(-70,-57,-77),(-80,-72,-85),(-78,-70,-85),(-63,-46,-74),(-63,-48,-87)
[('b8:27:eb:b6:43:f8', [-79, -77, -79, -67, -68, -78, -73, -80]), ('b8:27:eb:d3:4c:7f', [-73, -72, -72, -74, -62, -77, -57, -73, -69]), ('b8:27:eb:cd:4b:81', [-72, -85, -77, -82, -82, -79, -82]), ('b8:27:eb:ee:32:b8', [-72, -85, -73, -81, -74, -70, -79, -79, -82, -80]), ('b8:27:eb:e7:50:37', [-46, -50, -74, -70, -72, -66]), ('b8:27:eb:63:a1:e3', [-67, -49, -65, -60, -61, -48, -87, -64, -62])]
08:26:07.418214,(-76,-59,-85),(-70,-56,-76),(-77,-60,-88),(-77,-67,-87),(-63,-56,-71),(-65,-50,-79)
[('b8:27:eb:b6:43:f8', [-77, -71, -77, -78, -77, -80, -59, -85, -76]), ('b8:27:eb:d3:4c:7f', [-56, -73, -76, -67, -71, -76]), ('b8:27:eb:cd:4b:81', [-60, -88, -76, -81, -81, -77, -70, -76, -80]), ('b8:27:eb:ee:32:b8', [-67, -81, -71, -87, -81, -67, -79, -79]), ('b8:27:eb:e7:50:37', [-57, -57, -62, -66, -71, -56, -58, -71, -58, -65]), ('b8:27:eb:63:a1:e3', [-79, -71, -59, -72, -50, -67, -58, -61])]
08:26:09.389854,(-77,-63,-82),(-73,-60,-83),(-80,-71,-87),(-74,-67,-78),(-60,-57,-63),(-55,-45,-66)
[('b8:27:eb:b6:43:f8', [-82, -79, -79, -82, -76, -75, -72, -76, -78, -63]), ('b8:27:eb:d3:4c:7f', [-74, -83, -72, -60, -71, -69, -78, -69, -77, -70]), ('b8:27:eb:cd:4b:81', [-85, -87, -79, -75, -75, -78, -71, -81, -82]), ('b8:27:eb:ee:32:b8', [-69, -67, -75, -76, -75, -73, -78]), ('b8:27:eb:e7:50:37', [-58, -63, -60, -57, -60, -58]), ('b8:27:eb:63:a1:e3', [-45, -59, -46, -66, -58, -45, -61, -59])]
08:26:11.288550,(-73,-60,-82),(-69,-62,-73),(-77,-60,-84),(-77,-66,-88),(-61,-46,-83),(-54,-46,-65)
[('b8:27:eb:b6:43:f8', [-75, -60, -81, -60, -79, -73, -82]), ('b8:27:eb:d3:4c:7f', [-71, -70, -62, -71, -67, -73]), ('b8:27:eb:cd:4b:81', [-80, -74, -60, -76, -82, -84, -79, -75]), ('b8:27:eb:ee:32:b8', [-80, -73, -88, -79, -78, -66, -74, -78, -75]), ('b8:27:eb:e7:50:37', [-46, -71, -57, -53, -59, -61, -52, -83, -62]), ('b8:27:eb:63:a1:e3', [-57, -46, -46, -57, -57, -57, -65, -51, -50])]
08:26:13.214771,(-71,-59,-79),(-72,-58,-87),(-80,-75,-87),(-75,-62,-98),(-59,-52,-64),(-61,-47,-73)
[('b8:27:eb:b6:43:f8', [-73, -74, -75, -79, -70, -59, -63, -73]), ('b8:27:eb:d3:4c:7f', [-75, -70, -74, -59, -58, -78, -70, -87]), ('b8:27:eb:cd:4b:81', [-78, -80, -87, -78, -77, -82, -75]), ('b8:27:eb:ee:32:b8', [-62, -76, -75, -67, -79, -64, -74, -80, -98]), ('b8:27:eb:e7:50:37', [-61, -61, -52, -60, -64, -52, -60, -62]), ('b8:27:eb:63:a1:e3', [-70, -48, -73, -62, -63, -61, -50, -67, -47])]
08:26:15.184729,(-75,-59,-83),(-70,-52,-84),(-74,-61,-88),(-77,-73,-81),(-59,-43,-72),(-60,-48,-78)
[('b8:27:eb:b6:43:f8', [-83, -76, -59, -76, -80, -70, -75, -77, -78]), ('b8:27:eb:d3:4c:7f', [-65, -75, -70, -84, -52, -66, -68, -74, -72]), ('b8:27:eb:cd:4b:81', [-80, -78, -61, -64, -78, -66, -75, -72, -75, -88]), ('b8:27:eb:ee:32:b8', [-75, -75, -73, -81, -78, -79]), ('b8:27:eb:e7:50:37', [-63, -52, -67, -43, -60, -50, -72, -62, -62]), ('b8:27:eb:63:a1:e3', [-48, -52, -78, -56, -57, -66, -62, -54])]
08:26:17.120511,(-80,-71,-91),(-70,-62,-75),(-82,-72,-89),(-77,-66,-88),(-59,-47,-69),(-66,-51,-74)
[('b8:27:eb:b6:43:f8', [-79, -74, -91, -88, -73, -72, -81, -71, -84, -86]), ('b8:27:eb:d3:4c:7f', [-75, -72, -62, -68, -73, -72, -65, -68, -67]), ('b8:27:eb:cd:4b:81', [-88, -76, -81, -89, -72, -77, -87, -83]), ('b8:27:eb:ee:32:b8', [-78, -80, -76, -67, -77, -74, -66, -88, -80]), ('b8:27:eb:e7:50:37', [-50, -55, -59, -57, -62, -47, -64, -64, -69, -61]), ('b8:27:eb:63:a1:e3', [-69, -74, -70, -65, -51, -69, -62, -65])]
08:26:19.070522,(-74,-58,-90),(-71,-67,-78),(-78,-73,-83),(-79,-63,-86),(-60,-45,-71),(-59,-43,-67)
[('b8:27:eb:b6:43:f8', [-63, -84, -70, -77, -71, -58, -90]), ('b8:27:eb:d3:4c:7f', [-69, -67, -73, -67, -78, -70]), ('b8:27:eb:cd:4b:81', [-83, -77, -73, -77]), ('b8:27:eb:ee:32:b8', [-86, -76, -63, -72, -83, -86, -84, -83, -81, -67]), ('b8:27:eb:e7:50:37', [-58, -57, -62, -71, -45, -69, -61, -58, -52]), ('b8:27:eb:63:a1:e3', [-67, -63, -66, -65, -51, -65, -54, -55, -43, -54])]
08:26:21.012317,(-73,-59,-87),(-62,-48,-83),(-78,-73,-81),(-78,-61,-87),(-61,-52,-72),(-61,-49,-70)
[('b8:27:eb:b6:43:f8', [-75, -75, -69, -59, -77, -63, -67, -75, -76, -87]), ('b8:27:eb:d3:4c:7f', [-57, -52, -57, -70, -83, -48]), ('b8:27:eb:cd:4b:81', [-79, -78, -81, -73, -80, -73, -76]), ('b8:27:eb:ee:32:b8', [-80, -76, -73, -84, -82, -74, -87, -61]), ('b8:27:eb:e7:50:37', [-72, -68, -61, -52, -59, -54, -59]), ('b8:27:eb:63:a1:e3', [-58, -58, -49, -63, -66, -65, -70, -58])]
08:26:22.934155,(-72,-59,-81),(-66,-53,-76),(-75,-61,-81),(-77,-69,-83),(-55,-43,-63),(-56,-41,-68)
[('b8:27:eb:b6:43:f8', [-59, -73, -75, -80, -67, -75, -81, -61]), ('b8:27:eb:d3:4c:7f', [-75, -65, -59, -65, -53, -76, -65, -68]), ('b8:27:eb:cd:4b:81', [-74, -61, -77, -76, -75, -81, -77, -72]), ('b8:27:eb:ee:32:b8', [-69, -78, -75, -72, -72, -82, -81, -83]), ('b8:27:eb:e7:50:37', [-57, -57, -47, -61, -43, -63, -46, -61, -61, -49]), ('b8:27:eb:63:a1:e3', [-56, -58, -46, -41, -61, -58, -68])]
08:26:24.885790,(-73,-67,-79),(-69,-63,-74),(-74,-59,-82),(-77,-62,-93),(-53,-45,-62),(-58,-40,-80)
[('b8:27:eb:b6:43:f8', [-79, -75, -73, -72, -74, -67, -70]), ('b8:27:eb:d3:4c:7f', [-74, -66, -63, -73, -67, -69, -67, -69]), ('b8:27:eb:cd:4b:81', [-71, -59, -60, -80, -81, -82, -80]), ('b8:27:eb:ee:32:b8', [-79, -77, -78, -93, -62, -68, -81]), ('b8:27:eb:e7:50:37', [-47, -62, -46, -58, -45, -60, -48]), ('b8:27:eb:63:a1:e3', [-40, -55, -54, -65, -46, -50, -59, -64, -59, -80])]
08:26:26.784853,(-81,-74,-91),(-73,-56,-78),(-75,-61,-84),(-74,-66,-84),(-61,-47,-66),(-66,-58,-71)
[('b8:27:eb:b6:43:f8', [-80, -81, -74, -85, -78, -91, -75, -83]), ('b8:27:eb:d3:4c:7f', [-69, -56, -78, -78, -72, -72, -75, -73, -76]), ('b8:27:eb:cd:4b:81', [-61, -80, -84, -75, -77, -73, -72, -73, -73]), ('b8:27:eb:ee:32:b8', [-74, -77, -84, -71, -66, -75, -67, -77]), ('b8:27:eb:e7:50:37', [-52, -65, -63, -66, -65, -61, -62, -63, -47, -61]), ('b8:27:eb:63:a1:e3', [-70, -65, -65, -69, -71, -64, -66, -58, -64])]
08:26:28.731652,(-76,-70,-81),(-73,-58,-84),(-79,-67,-89),(-71,-58,-82),(-64,-55,-70),(-65,-55,-79)
[('b8:27:eb:b6:43:f8', [-74, -81, -70, -71, -75, -77, -80, -79, -77]), ('b8:27:eb:d3:4c:7f', [-84, -72, -78, -68, -58, -71, -73, -72, -76]), ('b8:27:eb:cd:4b:81', [-85, -76, -67, -83, -89, -74]), ('b8:27:eb:ee:32:b8', [-76, -82, -58, -60, -78, -71]), ('b8:27:eb:e7:50:37', [-63, -65, -70, -63, -63, -69, -55]), ('b8:27:eb:63:a1:e3', [-61, -73, -57, -67, -79, -58, -67, -67, -55, -66])]
08:26:30.682449,(-80,-71,-84),(-75,-60,-81),(-78,-72,-89),(-70,-60,-80),(-62,-49,-71),(-63,-51,-73)
[('b8:27:eb:b6:43:f8', [-81, -79, -78, -84, -83, -82, -71]), ('b8:27:eb:d3:4c:7f', [-81, -78, -76, -76, -74, -77, -76, -73, -60, -76]), ('b8:27:eb:cd:4b:81', [-89, -79, -72, -74, -80, -74, -76, -75]), ('b8:27:eb:ee:32:b8', [-71, -71, -69, -70, -69, -60, -69, -71, -80]), ('b8:27:eb:e7:50:37', [-67, -61, -51, -67, -71, -62, -64, -66, -49]), ('b8:27:eb:63:a1:e3', [-56, -73, -67, -64, -51, -62, -68])]
