08:57:04.339137,(-92,-87,-98),(-86,-83,-90),(-71,-60,-76),(-58,-49,-66),(-85,-74,-93),(-78,-71,-84)
[('b8:27:eb:b6:43:f8', [-89, -91, -88, -97, -87, -98]), ('b8:27:eb:d3:4c:7f', [-84, -83, -86, -90, -84]), ('b8:27:eb:cd:4b:81', [-60, -68, -76, -74, -76]), ('b8:27:eb:ee:32:b8', [-63, -62, -66, -49, -57, -55, -57, -54]), ('b8:27:eb:e7:50:37', [-86, -74, -83, -93, -87]), ('b8:27:eb:63:a1:e3', [-81, -74, -76, -84, -78, -71, -77])]
08:57:06.240509,(-89,-87,-91),(-81,-68,-86),(-70,-56,-83),(-55,-42,-60),(-79,-72,-85),(-81,-78,-83)
[('b8:27:eb:b6:43:f8', [-89, -87, -91]), ('b8:27:eb:d3:4c:7f', [-85, -83, -86, -77, -68, -82, -82]), ('b8:27:eb:cd:4b:81', [-71, -61, -56, -83, -66, -71, -72, -76]), ('b8:27:eb:ee:32:b8', [-43, -54, -59, -57, -57, -58, -42, -58, -60]), ('b8:27:eb:e7:50:37', [-85, -75, -85, -72, -84, -73, -76]), ('b8:27:eb:63:a1:e3', [-83, -79, -78, -83])]
08:57:08.150490,(-91,-84,-97),(-85,-65,-92),(-78,-75,-79),(-67,-60,-73),(-73,-63,-79),(-78,-60,-88)
[('b8:27:eb:b6:43:f8', [-97, -84, -90]), ('b8:27:eb:d3:4c:7f', [-84, -65, -87, -92, -87, -85, -89, -90]), ('b8:27:eb:cd:4b:81', [-77, -78, -79, -75]), ('b8:27:eb:ee:32:b8', [-65, -65, -60, -61, -69, -73, -71]), ('b8:27:eb:e7:50:37', [-69, -72, -76, -79, -63, -75, -77]), ('b8:27:eb:63:a1:e3', [-81, -88, -80, -76, -60, -84, -78, -78, -78, -77])]
08:57:10.041454,-150,-150,-150,(-84,-72,-89),(-77,-58,-88),(-66,-47,-80),(-83,-75,-92),(-82,-75,-88)
[('b8:27:eb:b6:43:f8', []), ('b8:27:eb:d3:4c:7f', [-88, -89, -86, -81, -88, -78, -72, -86]), ('b8:27:eb:cd:4b:81', [-88, -81, -73, -58, -82, -78, -86, -72, -75]), ('b8:27:eb:ee:32:b8', [-72, -62, -80, -47, -73, -50, -67, -71, -62, -70]), ('b8:27:eb:e7:50:37', [-92, -82, -80, -86, -80, -75, -77, -85, -81, -91]), ('b8:27:eb:63:a1:e3', [-83, -77, -86, -79, -77, -88, -75, -86])]
08:57:11.935408,(-99,-98,-100),(-88,-75,-93),(-73,-59,-90),(-63,-48,-72),(-84,-75,-88),(-81,-73,-89)
[('b8:27:eb:b6:43:f8', [-100, -99, -98, -98]), ('b8:27:eb:d3:4c:7f', [-89, -86, -82, -75, -89, -93, -93, -91]), ('b8:27:eb:cd:4b:81', [-61, -59, -72, -90, -80, -71]), ('b8:27:eb:ee:32:b8', [-52, -70, -69, -69, -48, -72, -60, -62]), ('b8:27:eb:e7:50:37', [-87, -79, -87, -88, -75, -81, -88]), ('b8:27:eb:63:a1:e3', [-76, -85, -81, -89, -87, -79, -73, -75])]
08:57:13.858682,(-98,-96,-100),(-89,-83,-98),(-86,-74,-99),(-67,-59,-76),(-82,-76,-92),(-83,-75,-92)
[('b8:27:eb:b6:43:f8', [-100, -96]), ('b8:27:eb:d3:4c:7f', [-90, -84, -89, -98, -83, -87, -89, -89]), ('b8:27:eb:cd:4b:81', [-74, -76, -90, -80, -95, -99]), ('b8:27:eb:ee:32:b8', [-61, -70, -59, -62, -72, -67, -76, -66]), ('b8:27:eb:e7:50:37', [-82, -92, -77, -78, -81, -83, -76, -86]), ('b8:27:eb:63:a1:e3', [-80, -83, -79, -75, -92, -90, -80, -78])]
08:57:15.787296,(-95,-88,-102),(-89,-80,-94),(-78,-72,-85),(-71,-62,-78),(-78,-71,-85),(-89,-81,-96)
[('b8:27:eb:b6:43:f8', [-88, -102]), ('b8:27:eb:d3:4c:7f', [-88, -80, -93, -86, -94]), ('b8:27:eb:cd:4b:81', [-80, -74, -72, -85]), ('b8:27:eb:ee:32:b8', [-77, -71, -67, -68, -74, -62, -78, -71]), ('b8:27:eb:e7:50:37', [-73, -78, -81, -83, -85, -71, -75, -73]), ('b8:27:eb:63:a1:e3', [-90, -96, -81, -92, -87, -86])]
08:57:17.718112,(-99,-99,-99),(-95,-87,-101),(-80,-75,-83),(-82,-75,-91),(-79,-69,-86),(-88,-72,-97)
[('b8:27:eb:b6:43:f8', [-99]), ('b8:27:eb:d3:4c:7f', [-101, -87, -93, -95, -89, -98, -98]), ('b8:27:eb:cd:4b:81', [-76, -82, -77, -75, -83, -81, -83]), ('b8:27:eb:ee:32:b8', [-78, -89, -78, -91, -75, -79]), ('b8:27:eb:e7:50:37', [-76, -69, -76, -74, -86, -84, -79, -84]), ('b8:27:eb:63:a1:e3', [-80, -90, -72, -95, -85, -97, -90, -94, -82, -89])]
08:57:19.616153,-150,-150,-150,(-94,-83,-104),(-76,-59,-89),(-78,-70,-84),(-76,-71,-82),(-88,-84,-94)
[('b8:27:eb:b6:43:f8', []), ('b8:27:eb:d3:4c:7f', [-102, -104, -86, -83, -93]), ('b8:27:eb:cd:4b:81', [-89, -80, -88, -59, -81, -81, -61, -69]), ('b8:27:eb:ee:32:b8', [-82, -79, -84, -73, -70, -80, -72]), ('b8:27:eb:e7:50:37', [-80, -75, -71, -72, -79, -82, -71]), ('b8:27:eb:63:a1:e3', [-84, -94, -87, -85, -85, -91])]
08:57:21.509163,(-93,-87,-97),(-81,-75,-95),(-72,-62,-78),(-70,-57,-89),(-76,-61,-85),(-80,-65,-92)
[('b8:27:eb:b6:43:f8', [-95, -96, -97, -87, -92, -88]), ('b8:27:eb:d3:4c:7f', [-95, -86, -77, -75, -76, -75, -83]), ('b8:27:eb:cd:4b:81', [-71, -73, -73, -77, -78, -62, -68, -74]), ('b8:27:eb:ee:32:b8', [-73, -89, -70, -71, -61, -66, -73, -57]), ('b8:27:eb:e7:50:37', [-77, -84, -78, -85, -74, -72, -61]), ('b8:27:eb:63:a1:e3', [-80, -86, -79, -76, -65, -92, -82])]
08:57:23.410434,(-94,-88,-96),(-88,-84,-99),(-79,-69,-85),(-70,-58,-78),(-75,-56,-82),(-82,-67,-91)
[('b8:27:eb:b6:43:f8', [-96, -88, -96]), ('b8:27:eb:d3:4c:7f', [-99, -87, -86, -85, -85, -84]), ('b8:27:eb:cd:4b:81', [-84, -80, -81, -77, -77, -85, -69, -77]), ('b8:27:eb:ee:32:b8', [-74, -78, -71, -66, -58, -67, -77, -72, -60]), ('b8:27:eb:e7:50:37', [-72, -66, -56, -80, -82, -79, -81, -80]), ('b8:27:eb:63:a1:e3', [-78, -91, -67, -80, -83, -83, -80, -86, -86])]
08:57:25.341121,(-93,-90,-98),(-84,-70,-92),(-73,-57,-94),(-60,-49,-73),(-85,-80,-89),(-81,-68,-90)
[('b8:27:eb:b6:43:f8', [-90, -98, -90]), ('b8:27:eb:d3:4c:7f', [-83, -83, -92, -84, -92, -70, -81]), ('b8:27:eb:cd:4b:81', [-76, -57, -76, -72, -94, -61, -70]), ('b8:27:eb:ee:32:b8', [-73, -55, -69, -49, -57, -60, -55, -57, -64]), ('b8:27:eb:e7:50:37', [-82, -86, -89, -80, -87]), ('b8:27:eb:63:a1:e3', [-70, -84, -85, -68, -86, -90, -83, -80])]
08:57:27.254283,(-90,-90,-90),(-88,-73,-95),(-81,-71,-87),(-56,-46,-62),(-86,-79,-95),(-78,-61,-90)
[('b8:27:eb:b6:43:f8', [-90]), ('b8:27:eb:d3:4c:7f', [-88, -90, -91, -84, -95, -73, -94, -86]), ('b8:27:eb:cd:4b:81', [-87, -80, -71, -83, -82, -87, -83, -84, -80, -72]), ('b8:27:eb:ee:32:b8', [-62, -62, -61, -55, -52, -60, -46, -50]), ('b8:27:eb:e7:50:37', [-79, -88, -95, -89, -79, -90, -81]), ('b8:27:eb:63:a1:e3', [-82, -61, -87, -88, -68, -66, -90, -75])]
08:57:29.176405,(-88,-79,-98),(-85,-78,-95),(-77,-72,-82),(-64,-55,-73),(-82,-75,-93),(-74,-63,-81)
[('b8:27:eb:b6:43:f8', [-88, -98, -85, -79, -97, -80]), ('b8:27:eb:d3:4c:7f', [-78, -78, -80, -95, -90, -86]), ('b8:27:eb:cd:4b:81', [-74, -75, -82, -72, -76, -80, -80, -75, -72]), ('b8:27:eb:ee:32:b8', [-73, -73, -58, -55, -66, -57, -61]), ('b8:27:eb:e7:50:37', [-81, -76, -82, -88, -93, -75, -75, -81]), ('b8:27:eb:63:a1:e3', [-81, -63, -69, -78, -73, -78, -75, -78, -74, -68])]
08:57:31.068546,(-94,-94,-94),(-88,-66,-98),(-79,-66,-97),(-65,-50,-81),(-80,-63,-95),(-83,-72,-89)
[('b8:27:eb:b6:43:f8', [-94]), ('b8:27:eb:d3:4c:7f', [-92, -66, -83, -93, -98, -92, -86, -89]), ('b8:27:eb:cd:4b:81', [-76, -80, -70, -66, -74, -97, -90]), ('b8:27:eb:ee:32:b8', [-66, -81, -54, -50, -60, -68, -70, -67, -69]), ('b8:27:eb:e7:50:37', [-73, -84, -63, -72, -87, -95, -80, -88, -73]), ('b8:27:eb:63:a1:e3', [-89, -75, -85, -88, -72, -85])]
08:57:32.981660,(-98,-96,-100),(-95,-78,-106),(-82,-75,-85),(-74,-53,-86),(-76,-57,-90),(-89,-83,-96)
[('b8:27:eb:b6:43:f8', [-96, -100]), ('b8:27:eb:d3:4c:7f', [-96, -106, -95, -84, -78, -99, -99, -101]), ('b8:27:eb:cd:4b:81', [-85, -85, -83, -85, -77, -80, -75]), ('b8:27:eb:ee:32:b8', [-69, -74, -74, -86, -53, -82, -74]), ('b8:27:eb:e7:50:37', [-90, -68, -82, -57, -71, -72, -88]), ('b8:27:eb:63:a1:e3', [-96, -89, -83, -88, -84, -93])]
08:57:34.904912,-150,-150,-150,(-92,-79,-100),(-86,-77,-96),(-75,-59,-84),(-76,-62,-87),(-82,-74,-95)
[('b8:27:eb:b6:43:f8', []), ('b8:27:eb:d3:4c:7f', [-93, -93, -91, -92, -79, -100]), ('b8:27:eb:cd:4b:81', [-77, -88, -89, -77, -83, -96, -88]), ('b8:27:eb:ee:32:b8', [-77, -63, -59, -77, -70, -77, -84, -81, -82]), ('b8:27:eb:e7:50:37', [-83, -62, -68, -87, -81, -75]), ('b8:27:eb:63:a1:e3', [-88, -75, -74, -95, -74, -79, -89])]
08:57:36.814985,-150,-150,-150,(-91,-87,-94),(-78,-69,-84),(-74,-55,-82),(-80,-63,-93),(-88,-83,-96)
[('b8:27:eb:b6:43:f8', []), ('b8:27:eb:d3:4c:7f', [-90, -87, -94]), ('b8:27:eb:cd:4b:81', [-84, -78, -81, -69]), ('b8:27:eb:ee:32:b8', [-74, -72, -55, -71, -82, -77, -74, -77, -77, -77]), ('b8:27:eb:e7:50:37', [-93, -74, -63, -88, -78, -79, -84]), ('b8:27:eb:63:a1:e3', [-83, -90, -88, -96, -88, -91, -85, -83])]
08:57:38.701786,(-95,-93,-97),(-90,-83,-94),(-79,-70,-89),(-76,-51,-92),(-79,-71,-83),(-84,-68,-90)
[('b8:27:eb:b6:43:f8', [-93, -97]), ('b8:27:eb:d3:4c:7f', [-94, -93, -89, -83]), ('b8:27:eb:cd:4b:81', [-70, -82, -76, -83, -75, -89, -78]), ('b8:27:eb:ee:32:b8', [-84, -92, -80, -76, -82, -79, -58, -51]), ('b8:27:eb:e7:50:37', [-71, -76, -82, -79, -82, -79, -76, -79, -83]), ('b8:27:eb:63:a1:e3', [-85, -87, -89, -68, -90, -85])]
08:57:40.637005,(-93,-90,-95),(-92,-79,-97),(-77,-63,-91),(-72,-61,-83),(-79,-60,-90),(-84,-79,-91)
[('b8:27:eb:b6:43:f8', [-93, -90, -95]), ('b8:27:eb:d3:4c:7f', [-97, -90, -95, -94, -79, -92, -92]), ('b8:27:eb:cd:4b:81', [-73, -86, -68, -76, -76, -91, -63, -76, -78]), ('b8:27:eb:ee:32:b8', [-65, -64, -73, -72, -76, -76, -61, -83]), ('b8:27:eb:e7:50:37', [-60, -89, -90, -76, -72, -78, -75, -88]), ('b8:27:eb:63:a1:e3', [-81, -80, -84, -90, -88, -91, -81, -80, -79])]
08:57:42.563147,(-99,-97,-104),(-87,-76,-95),(-71,-55,-88),(-71,-62,-79),(-78,-55,-90),(-80,-74,-83)
[('b8:27:eb:b6:43:f8', [-97, -104, -97, -98]), ('b8:27:eb:d3:4c:7f', [-76, -82, -95, -93, -85, -93, -81, -90]), ('b8:27:eb:cd:4b:81', [-88, -65, -73, -71, -55, -74]), ('b8:27:eb:ee:32:b8', [-65, -74, -79, -79, -65, -71, -62]), ('b8:27:eb:e7:50:37', [-90, -84, -76, -89, -75, -74, -55]), ('b8:27:eb:63:a1:e3', [-83, -77, -77, -81, -79, -74, -83, -80])]
08:57:44.447860,(-95,-92,-97),(-85,-72,-94),(-75,-63,-84),(-76,-66,-86),(-74,-59,-89),(-78,-61,-90)
[('b8:27:eb:b6:43:f8', [-95, -92, -97]), ('b8:27:eb:d3:4c:7f', [-94, -88, -80, -87, -85, -72, -84]), ('b8:27:eb:cd:4b:81', [-84, -69, -81, -80, -78, -76, -73, -63, -71]), ('b8:27:eb:ee:32:b8', [-70, -84, -73, -80, -75, -74, -66, -86, -73]), ('b8:27:eb:e7:50:37', [-69, -79, -89, -59, -75, -74, -72]), ('b8:27:eb:63:a1:e3', [-77, -80, -87, -90, -78, -73, -61])]
08:57:46.343140,(-93,-90,-96),(-84,-78,-98),(-74,-60,-89),(-67,-53,-75),(-80,-65,-92),(-83,-79,-86)
[('b8:27:eb:b6:43:f8', [-90, -96]), ('b8:27:eb:d3:4c:7f', [-80, -78, -80, -78, -87, -98, -86]), ('b8:27:eb:cd:4b:81', [-73, -60, -75, -71, -69, -71, -89, -75, -82]), ('b8:27:eb:ee:32:b8', [-75, -71, -71, -71, -70, -53, -67, -58]), ('b8:27:eb:e7:50:37', [-65, -78, -85, -80, -84, -83, -72, -92]), ('b8:27:eb:63:a1:e3', [-81, -79, -83, -84, -82, -81, -86])]
08:57:48.238861,(-99,-96,-101),(-84,-70,-92),(-83,-68,-97),(-70,-57,-77),(-77,-62,-87),(-79,-60,-87)
[('b8:27:eb:b6:43:f8', [-96, -101]), ('b8:27:eb:d3:4c:7f', [-80, -92, -92, -85, -70]), ('b8:27:eb:cd:4b:81', [-90, -68, -79, -97, -78, -82, -85]), ('b8:27:eb:ee:32:b8', [-57, -67, -73, -71, -69, -74, -77, -68, -67]), ('b8:27:eb:e7:50:37', [-84, -63, -86, -87, -62]), ('b8:27:eb:63:a1:e3', [-87, -75, -80, -60, -84, -87, -80, -78])]
08:57:50.166983,(-91,-87,-99),(-83,-67,-101),(-79,-70,-91),(-63,-47,-77),(-78,-70,-83),(-76,-60,-95)
[('b8:27:eb:b6:43:f8', [-87, -99, -87]), ('b8:27:eb:d3:4c:7f', [-86, -85, -101, -82, -67, -73, -80, -88]), ('b8:27:eb:cd:4b:81', [-71, -91, -79, -73, -81, -78, -83, -70]), ('b8:27:eb:ee:32:b8', [-71, -58, -70, -53, -62, -60, -47, -59, -72, -77]), ('b8:27:eb:e7:50:37', [-76, -78, -83, -70, -77, -71, -82, -82, -83, -77]), ('b8:27:eb:63:a1:e3', [-95, -74, -77, -66, -60, -83, -77, -76])]
08:57:52.064187,(-99,-96,-101),(-90,-84,-97),(-80,-70,-91),(-64,-47,-95),(-78,-56,-88),(-79,-71,-83)
[('b8:27:eb:b6:43:f8', [-96, -101]), ('b8:27:eb:d3:4c:7f', [-97, -93, -92, -84, -86, -85, -91]), ('b8:27:eb:cd:4b:81', [-83, -77, -70, -91, -70, -88]), ('b8:27:eb:ee:32:b8', [-61, -74, -66, -48, -62, -58, -95, -62, -47]), ('b8:27:eb:e7:50:37', [-80, -87, -77, -56, -75, -82, -88, -76]), ('b8:27:eb:63:a1:e3', [-81, -79, -79, -72, -81, -71, -83, -80, -78])]
08:57:53.993457,(-97,-91,-99),(-79,-72,-86),(-73,-58,-81),(-60,-47,-66),(-84,-76,-95),(-79,-67,-93)
[('b8:27:eb:b6:43:f8', [-96, -99, -99, -91, -98]), ('b8:27:eb:d3:4c:7f', [-72, -86]), ('b8:27:eb:cd:4b:81', [-75, -68, -73, -81, -72, -58, -78]), ('b8:27:eb:ee:32:b8', [-66, -52, -66, -59, -58, -58, -62, -47, -66]), ('b8:27:eb:e7:50:37', [-79, -85, -87, -80, -92, -95, -76, -78]), ('b8:27:eb:63:a1:e3', [-69, -70, -82, -67, -80, -93, -86])]
08:57:55.924061,(-91,-88,-96),(-92,-80,-100),(-79,-72,-88),(-63,-48,-68),(-84,-74,-94),(-82,-74,-90)
[('b8:27:eb:b6:43:f8', [-96, -89, -88]), ('b8:27:eb:d3:4c:7f', [-88, -99, -80, -100, -94, -90, -91]), ('b8:27:eb:cd:4b:81', [-80, -76, -81, -75, -88, -72]), ('b8:27:eb:ee:32:b8', [-48, -68, -64, -68, -59, -67]), ('b8:27:eb:e7:50:37', [-94, -82, -82, -74, -87, -82]), ('b8:27:eb:63:a1:e3', [-86, -75, -90, -76, -74, -88])]
08:57:57.855122,(-95,-91,-99),(-85,-70,-97),(-79,-72,-89),(-62,-41,-78),(-81,-57,-91),(-77,-66,-86)
[('b8:27:eb:b6:43:f8', [-93, -99, -92, -94, -99, -91]), ('b8:27:eb:d3:4c:7f', [-83, -87, -88, -89, -82, -86, -86, -70, -79, -97]), ('b8:27:eb:cd:4b:81', [-89, -74, -72, -80, -76]), ('b8:27:eb:ee:32:b8', [-64, -78, -57, -68, -63, -41, -60]), ('b8:27:eb:e7:50:37', [-91, -84, -85, -83, -57, -86]), ('b8:27:eb:63:a1:e3', [-86, -79, -76, -66, -79, -74])]
08:57:59.789644,(-102,-102,-102),(-88,-78,-92),(-78,-68,-90),(-61,-44,-73),(-81,-71,-86),(-79,-67,-86)
[('b8:27:eb:b6:43:f8', [-102]), ('b8:27:eb:d3:4c:7f', [-92, -78, -90, -86, -92]), ('b8:27:eb:cd:4b:81', [-74, -77, -72, -80, -68, -81, -90, -73, -84]), ('b8:27:eb:ee:32:b8', [-46, -56, -73, -54, -44, -70, -73, -59, -72]), ('b8:27:eb:e7:50:37', [-81, -86, -80, -71, -83, -82]), ('b8:27:eb:63:a1:e3', [-80, -67, -79, -79, -78, -86, -75, -83, -86, -71])]
08:58:01.726023,-150,-150,-150,(-91,-81,-104),(-82,-68,-92),(-70,-55,-77),(-82,-74,-92),(-87,-79,-96)
[('b8:27:eb:b6:43:f8', []), ('b8:27:eb:d3:4c:7f', [-81, -104, -93, -84, -91]), ('b8:27:eb:cd:4b:81', [-72, -68, -88, -86, -92, -77, -91]), ('b8:27:eb:ee:32:b8', [-74, -55, -76, -73, -72, -77, -59]), ('b8:27:eb:e7:50:37', [-81, -79, -74, -77, -92, -77, -88]), ('b8:27:eb:63:a1:e3', [-85, -90, -84, -85, -96, -79, -86])]
08:58:03.649247,(-103,-103,-103),(-90,-83,-96),(-85,-80,-94),(-74,-57,-84),(-74,-59,-82),(-84,-71,-98)
[('b8:27:eb:b6:43:f8', [-103]), ('b8:27:eb:d3:4c:7f', [-83, -93, -96, -89, -89, -90]), ('b8:27:eb:cd:4b:81', [-80, -85, -82, -81, -94, -86, -85, -86, -82, -83]), ('b8:27:eb:ee:32:b8', [-76, -63, -80, -72, -84, -57, -79, -77]), ('b8:27:eb:e7:50:37', [-82, -61, -81, -72, -79, -59, -78]), ('b8:27:eb:63:a1:e3', [-86, -98, -80, -71, -82, -86])]
08:58:05.552942,-150,-150,-150,(-91,-87,-94),(-85,-75,-92),(-76,-61,-90),(-76,-60,-86),(-87,-79,-96)
[('b8:27:eb:b6:43:f8', []), ('b8:27:eb:d3:4c:7f', [-92, -94, -91, -87]), ('b8:27:eb:cd:4b:81', [-75, -82, -90, -85, -83, -92, -82]), ('b8:27:eb:ee:32:b8', [-75, -90, -78, -61, -79, -75, -82, -74, -70]), ('b8:27:eb:e7:50:37', [-78, -73, -60, -67, -76, -85, -74, -84, -76, -86]), ('b8:27:eb:63:a1:e3', [-86, -83, -84, -89, -90, -89, -79, -96])]
08:58:07.498420,(-99,-99,-99),(-90,-85,-94),(-81,-67,-96),(-74,-54,-84),(-77,-64,-90),(-85,-76,-96)
[('b8:27:eb:b6:43:f8', [-99]), ('b8:27:eb:d3:4c:7f', [-93, -94, -85, -87]), ('b8:27:eb:cd:4b:81', [-96, -82, -82, -81, -78, -67, -73, -87]), ('b8:27:eb:ee:32:b8', [-74, -84, -78, -54, -72, -82]), ('b8:27:eb:e7:50:37', [-72, -90, -77, -64, -72, -68, -81, -87]), ('b8:27:eb:63:a1:e3', [-96, -84, -77, -78, -76, -91, -87, -90])]
08:58:09.419085,(-100,-100,-100),(-89,-79,-98),(-69,-56,-79),(-70,-53,-84),(-75,-60,-89),(-80,-66,-96)
[('b8:27:eb:b6:43:f8', [-100]), ('b8:27:eb:d3:4c:7f', [-98, -89, -90, -90, -81, -79, -95]), ('b8:27:eb:cd:4b:81', [-72, -73, -79, -74, -62, -58, -77, -56]), ('b8:27:eb:ee:32:b8', [-75, -57, -72, -61, -80, -74, -84, -70, -72, -53]), ('b8:27:eb:e7:50:37', [-72, -60, -66, -78, -89, -84]), ('b8:27:eb:63:a1:e3', [-81, -96, -83, -67, -79, -66, -81, -83, -76])]
08:58:11.319626,(-96,-87,-100),(-78,-65,-88),(-77,-67,-87),(-65,-50,-75),(-79,-72,-84),(-75,-62,-84)
[('b8:27:eb:b6:43:f8', [-87, -100, -97, -96, -95, -98]), ('b8:27:eb:d3:4c:7f', [-80, -82, -65, -79, -69, -88]), ('b8:27:eb:cd:4b:81', [-76, -74, -77, -87, -74, -77, -81, -80, -67]), ('b8:27:eb:ee:32:b8', [-70, -75, -56, -62, -50, -61, -70, -70]), ('b8:27:eb:e7:50:37', [-74, -72, -84, -79, -77, -84, -80]), ('b8:27:eb:63:a1:e3', [-79, -74, -66, -82, -77, -84, -77, -72, -62])]
08:58:13.244214,(-95,-90,-99),(-85,-80,-97),(-79,-72,-83),(-60,-47,-70),(-78,-73,-82),(-75,-65,-81)
[('b8:27:eb:b6:43:f8', [-90, -98, -93, -99]), ('b8:27:eb:d3:4c:7f', [-84, -97, -80, -82, -81, -82, -90, -80]), ('b8:27:eb:cd:4b:81', [-76, -76, -79, -81, -83, -72, -80]), ('b8:27:eb:ee:32:b8', [-70, -56, -58, -47, -62, -58, -58, -67]), ('b8:27:eb:e7:50:37', [-82, -82, -77, -75, -75, -73]), ('b8:27:eb:63:a1:e3', [-73, -65, -79, -81])]
08:58:15.143644,(-87,-87,-87),(-88,-79,-99),(-79,-75,-82),(-54,-45,-74),(-80,-71,-86),(-78,-65,-89)
[('b8:27:eb:b6:43:f8', [-87]), ('b8:27:eb:d3:4c:7f', [-91, -99, -79, -88, -82, -85]), ('b8:27:eb:cd:4b:81', [-79, -82, -80, -76, -81, -81, -75, -78]), ('b8:27:eb:ee:32:b8', [-46, -57, -48, -74, -45, -51, -57]), ('b8:27:eb:e7:50:37', [-71, -79, -81, -72, -84, -83, -86, -80]), ('b8:27:eb:63:a1:e3', [-78, -75, -67, -65, -89, -89])]
08:58:17.077644,(-96,-94,-97),(-87,-84,-89),(-72,-54,-80),(-59,-50,-68),(-81,-75,-88),(-83,-73,-92)
[('b8:27:eb:b6:43:f8', [-94, -94, -97, -96]), ('b8:27:eb:d3:4c:7f', [-87, -87, -89, -84, -85, -88, -88]), ('b8:27:eb:cd:4b:81', [-79, -80, -78, -54, -55, -72, -73, -74, -79]), ('b8:27:eb:ee:32:b8', [-68, -57, -50, -53, -61, -54, -58, -67]), ('b8:27:eb:e7:50:37', [-75, -78, -82, -77, -88, -83]), ('b8:27:eb:63:a1:e3', [-85, -85, -84, -73, -92, -85, -83, -80, -75])]
08:58:19.002929,-150,-150,-150,(-91,-81,-99),(-77,-62,-85),(-59,-47,-67),(-82,-72,-91),(-79,-72,-88)
[('b8:27:eb:b6:43:f8', []), ('b8:27:eb:d3:4c:7f', [-90, -89, -88, -81, -95, -92, -99]), ('b8:27:eb:cd:4b:81', [-74, -62, -85, -80, -83, -70, -84, -73]), ('b8:27:eb:ee:32:b8', [-67, -61, -47, -60, -61, -60, -60, -50, -57]), ('b8:27:eb:e7:50:37', [-80, -76, -88, -72, -82, -91]), ('b8:27:eb:63:a1:e3', [-81, -88, -82, -78, -72, -73])]
08:58:20.899756,-150,-150,-150,(-85,-71,-97),(-73,-59,-81),(-64,-47,-78),(-81,-74,-95),(-82,-75,-88)
[('b8:27:eb:b6:43:f8', []), ('b8:27:eb:d3:4c:7f', [-75, -97, -71, -88, -90, -81, -88]), ('b8:27:eb:cd:4b:81', [-80, -77, -67, -75, -71, -67, -59, -81, -76]), ('b8:27:eb:ee:32:b8', [-60, -63, -73, -61, -78, -47]), ('b8:27:eb:e7:50:37', [-95, -77, -74, -78, -82, -77]), ('b8:27:eb:63:a1:e3', [-75, -82, -78, -83, -85, -78, -88, -81])]
08:58:22.835033,(-93,-85,-96),(-89,-81,-103),(-81,-75,-86),(-67,-54,-80),(-79,-70,-87),(-83,-71,-94)
[('b8:27:eb:b6:43:f8', [-96, -85, -96]), ('b8:27:eb:d3:4c:7f', [-92, -87, -87, -81, -88, -84, -103]), ('b8:27:eb:cd:4b:81', [-86, -79, -83, -76, -83, -75, -82]), ('b8:27:eb:ee:32:b8', [-77, -55, -80, -54, -66, -68, -71, -61]), ('b8:27:eb:e7:50:37', [-71, -85, -80, -78, -70, -70, -81, -87, -84]), ('b8:27:eb:63:a1:e3', [-82, -71, -94, -86, -87, -77])]
08:58:24.771144,(-89,-89,-89),(-90,-87,-93),(-75,-62,-80),(-60,-47,-72),(-78,-66,-85),(-83,-73,-89)
[('b8:27:eb:b6:43:f8', [-89]), ('b8:27:eb:d3:4c:7f', [-90, -93, -89, -87]), ('b8:27:eb:cd:4b:81', [-76, -80, -62, -71, -74, -78, -77, -76, -79]), ('b8:27:eb:ee:32:b8', [-48, -61, -55, -62, -70, -65, -72, -47]), ('b8:27:eb:e7:50:37', [-83, -66, -80, -85, -72]), ('b8:27:eb:63:a1:e3', [-80, -89, -79, -73, -84, -87, -83, -84])]
08:58:26.696004,(-99,-97,-101),(-89,-83,-95),(-76,-73,-79),(-74,-58,-88),(-81,-69,-85),(-79,-69,-84)
[('b8:27:eb:b6:43:f8', [-101, -98, -97]), ('b8:27:eb:d3:4c:7f', [-85, -85, -86, -93, -95, -93, -83]), ('b8:27:eb:cd:4b:81', [-75, -76, -73, -79, -75, -74]), ('b8:27:eb:ee:32:b8', [-66, -74, -77, -68, -88, -86, -58, -72, -69, -76]), ('b8:27:eb:e7:50:37', [-84, -80, -77, -81, -85, -82, -84, -69]), ('b8:27:eb:63:a1:e3', [-73, -69, -79, -80, -80, -84, -80, -84])]
08:58:28.590553,(-93,-91,-95),(-87,-81,-90),(-77,-71,-87),(-74,-55,-83),(-80,-57,-96),(-82,-73,-90)
[('b8:27:eb:b6:43:f8', [-95, -92, -91]), ('b8:27:eb:d3:4c:7f', [-87, -87, -90, -81]), ('b8:27:eb:cd:4b:81', [-75, -87, -77, -77, -71, -78, -73, -78]), ('b8:27:eb:ee:32:b8', [-77, -73, -83, -77, -81, -55, -64, -78]), ('b8:27:eb:e7:50:37', [-89, -96, -75, -57, -88, -63, -75, -91]), ('b8:27:eb:63:a1:e3', [-78, -85, -77, -83, -90, -73, -84])]
08:58:30.548474,(-93,-93,-93),(-88,-76,-100),(-77,-62,-92),(-65,-50,-73),(-85,-70,-98),(-80,-70,-92)
[('b8:27:eb:b6:43:f8', [-93]), ('b8:27:eb:d3:4c:7f', [-76, -100, -85, -84, -92]), ('b8:27:eb:cd:4b:81', [-72, -77, -77, -92, -62, -73, -84, -78]), ('b8:27:eb:ee:32:b8', [-65, -56, -50, -67, -67, -70, -73, -72]), ('b8:27:eb:e7:50:37', [-83, -71, -88, -75, -92, -98, -70, -93, -93, -83]), ('b8:27:eb:63:a1:e3', [-92, -70, -70, -85, -78, -85, -78, -77])]
08:58:32.463061,(-99,-99,-99),(-87,-83,-92),(-78,-66,-92),(-71,-57,-81),(-77,-70,-81),(-84,-73,-90)
[('b8:27:eb:b6:43:f8', [-99]), ('b8:27:eb:d3:4c:7f', [-86, -92, -83]), ('b8:27:eb:cd:4b:81', [-80, -78, -76, -77, -92, -66, -76, -84, -76, -67]), ('b8:27:eb:ee:32:b8', [-81, -59, -81, -59, -72, -74, -76, -74, -57]), ('b8:27:eb:e7:50:37', [-81, -79, -77, -80, -72, -77, -80, -71, -70, -77]), ('b8:27:eb:63:a1:e3', [-90, -84, -87, -79, -81, -85, -73, -88])]
08:58:34.391047,(-96,-91,-99),(-84,-78,-90),(-74,-65,-86),(-68,-56,-80),(-77,-61,-89),(-82,-68,-95)
[('b8:27:eb:b6:43:f8', [-91, -97, -99]), ('b8:27:eb:d3:4c:7f', [-84, -80, -89, -90, -78, -78]), ('b8:27:eb:cd:4b:81', [-65, -68, -72, -72, -83, -86, -69, -77]), ('b8:27:eb:ee:32:b8', [-68, -76, -57, -63, -68, -80, -72, -56, -72]), ('b8:27:eb:e7:50:37', [-72, -89, -82, -77, -61]), ('b8:27:eb:63:a1:e3', [-79, -90, -82, -77, -68, -81, -95, -82])]
08:58:36.286826,(-93,-86,-98),(-86,-77,-93),(-75,-68,-80),(-70,-59,-79),(-80,-68,-89),(-88,-76,-94)
[('b8:27:eb:b6:43:f8', [-95, -98, -86]), ('b8:27:eb:d3:4c:7f', [-77, -93, -87, -89, -82]), ('b8:27:eb:cd:4b:81', [-73, -75, -73, -68, -79, -78, -80, -71]), ('b8:27:eb:ee:32:b8', [-71, -79, -59, -67, -72, -73, -64, -65, -77]), ('b8:27:eb:e7:50:37', [-81, -79, -68, -72, -84, -77, -89, -80, -82, -82]), ('b8:27:eb:63:a1:e3', [-92, -91, -86, -76, -94, -88, -85, -87])]
08:58:38.211012,(-96,-96,-96),(-92,-84,-101),(-71,-61,-77),(-67,-61,-72),(-81,-73,-89),(-80,-71,-91)
[('b8:27:eb:b6:43:f8', [-96, -96]), ('b8:27:eb:d3:4c:7f', [-94, -86, -91, -94, -91, -84, -101]), ('b8:27:eb:cd:4b:81', [-67, -70, -76, -61, -69, -73, -77, -71, -77, -61]), ('b8:27:eb:ee:32:b8', [-61, -72, -63, -66, -63, -66, -70, -69]), ('b8:27:eb:e7:50:37', [-78, -80, -78, -78, -73, -89, -83, -85, -83]), ('b8:27:eb:63:a1:e3', [-84, -81, -71, -78, -73, -75, -78, -91, -84, -84])]
08:58:40.181037,(-98,-94,-102),(-84,-75,-89),(-80,-74,-87),(-69,-46,-79),(-78,-71,-94),(-82,-72,-91)
[('b8:27:eb:b6:43:f8', [-94, -98, -102]), ('b8:27:eb:d3:4c:7f', [-85, -89, -87, -75, -82, -84]), ('b8:27:eb:cd:4b:81', [-87, -74, -75, -84]), ('b8:27:eb:ee:32:b8', [-72, -72, -66, -72, -46, -67, -76, -74, -59, -79]), ('b8:27:eb:e7:50:37', [-94, -77, -84, -71, -72, -75, -73]), ('b8:27:eb:63:a1:e3', [-80, -72, -76, -84, -76, -90, -83, -83, -91])]
08:58:42.112596,(-101,-101,-101),(-89,-78,-95),(-85,-74,-102),(-76,-68,-84),(-73,-59,-80),(-86,-77,-98)
[('b8:27:eb:b6:43:f8', [-101]), ('b8:27:eb:d3:4c:7f', [-92, -95, -85, -78, -92, -91]), ('b8:27:eb:cd:4b:81', [-88, -74, -78, -83, -82, -102, -87, -84, -82]), ('b8:27:eb:ee:32:b8', [-74, -68, -69, -79, -80, -72, -84, -76]), ('b8:27:eb:e7:50:37', [-62, -59, -77, -76, -75, -75, -80, -72, -74]), ('b8:27:eb:63:a1:e3', [-82, -84, -91, -77, -98, -89, -79, -83])]
08:58:44.066889,(-98,-98,-98),(-93,-85,-97),(-84,-67,-93),(-81,-70,-88),(-78,-67,-87),(-84,-75,-87)
[('b8:27:eb:b6:43:f8', [-98]), ('b8:27:eb:d3:4c:7f', [-90, -85, -97, -96, -92, -96, -93]), ('b8:27:eb:cd:4b:81', [-78, -67, -91, -93, -82, -91, -87, -84, -83]), ('b8:27:eb:ee:32:b8', [-88, -88, -84, -77, -70, -80, -78]), ('b8:27:eb:e7:50:37', [-74, -67, -75, -70, -74, -81, -80, -87, -85, -80]), ('b8:27:eb:63:a1:e3', [-86, -87, -86, -75, -84, -81])]
08:58:45.962160,(-99,-97,-100),(-86,-74,-92),(-76,-64,-84),(-73,-58,-85),(-79,-71,-88),(-84,-78,-92)
[('b8:27:eb:b6:43:f8', [-100, -97]), ('b8:27:eb:d3:4c:7f', [-90, -88, -89, -92, -87, -76, -74]), ('b8:27:eb:cd:4b:81', [-83, -64, -79, -84, -74, -78, -73, -71]), ('b8:27:eb:ee:32:b8', [-74, -85, -76, -72, -72, -71, -58, -72]), ('b8:27:eb:e7:50:37', [-82, -78, -77, -71, -75, -83, -76, -88, -79]), ('b8:27:eb:63:a1:e3', [-92, -78, -78, -83, -88, -87, -83, -81, -79])]
08:58:47.902807,(-96,-91,-102),(-86,-79,-97),(-69,-61,-75),(-69,-56,-74),(-72,-58,-86),(-81,-77,-84)
[('b8:27:eb:b6:43:f8', [-96, -102, -91, -91, -100, -97, -92]), ('b8:27:eb:d3:4c:7f', [-87, -83, -81, -81, -84, -85, -79, -89, -97]), ('b8:27:eb:cd:4b:81', [-75, -74, -75, -64, -72, -61, -73, -61, -61]), ('b8:27:eb:ee:32:b8', [-69, -72, -74, -56, -64, -72, -70]), ('b8:27:eb:e7:50:37', [-75, -86, -80, -67, -58, -66, -71, -71]), ('b8:27:eb:63:a1:e3', [-81, -81, -84, -82, -77, -81])]
08:58:49.790910,(-88,-88,-88),(-89,-83,-95),(-80,-65,-90),(-76,-59,-85),(-74,-57,-89),(-83,-73,-90)
[('b8:27:eb:b6:43:f8', [-88]), ('b8:27:eb:d3:4c:7f', [-89, -94, -86, -95, -83, -86]), ('b8:27:eb:cd:4b:81', [-65, -76, -83, -79, -90, -89, -73, -79]), ('b8:27:eb:ee:32:b8', [-85, -82, -59, -75]), ('b8:27:eb:e7:50:37', [-69, -75, -67, -71, -86, -61, -81, -89, -80, -57]), ('b8:27:eb:63:a1:e3', [-86, -76, -90, -73, -86, -83])]
08:58:51.686056,(-94,-88,-98),(-86,-78,-92),(-73,-62,-81),(-76,-69,-79),(-76,-69,-88),(-80,-64,-94)
[('b8:27:eb:b6:43:f8', [-98, -93, -88, -96]), ('b8:27:eb:d3:4c:7f', [-78, -85, -89, -92, -82, -88, -85]), ('b8:27:eb:cd:4b:81', [-77, -69, -74, -78, -62, -77, -81, -65]), ('b8:27:eb:ee:32:b8', [-79, -78, -79, -72, -74, -74, -76, -69]), ('b8:27:eb:e7:50:37', [-77, -88, -74, -76, -76, -75, -69, -70, -77]), ('b8:27:eb:63:a1:e3', [-67, -86, -78, -94, -84, -80, -64, -81])]
08:58:53.617474,(-98,-98,-98),(-85,-75,-96),(-74,-59,-84),(-67,-53,-76),(-72,-60,-76),(-86,-68,-93)
[('b8:27:eb:b6:43:f8', [-98]), ('b8:27:eb:d3:4c:7f', [-87, -85, -94, -96, -85, -75, -78, -79]), ('b8:27:eb:cd:4b:81', [-83, -72, -74, -75, -70, -84, -70, -74, -59]), ('b8:27:eb:ee:32:b8', [-68, -65, -53, -75, -58, -68, -76, -74, -57, -72]), ('b8:27:eb:e7:50:37', [-74, -73, -60, -70, -75, -76]), ('b8:27:eb:63:a1:e3', [-92, -89, -87, -85, -68, -84, -88, -93])]
08:58:55.587329,(-94,-90,-96),(-84,-68,-89),(-72,-62,-87),(-70,-63,-80),(-80,-70,-86),(-80,-68,-89)
[('b8:27:eb:b6:43:f8', [-90, -95, -96]), ('b8:27:eb:d3:4c:7f', [-84, -68, -80, -83, -87, -89, -89, -89, -87]), ('b8:27:eb:cd:4b:81', [-63, -67, -62, -78, -87, -66, -84, -62, -72]), ('b8:27:eb:ee:32:b8', [-72, -76, -80, -65, -68, -69, -63, -67, -64]), ('b8:27:eb:e7:50:37', [-82, -82, -70, -86, -79]), ('b8:27:eb:63:a1:e3', [-86, -89, -80, -76, -81, -73, -80, -68])]
08:58:57.478772,(-94,-87,-101),(-77,-68,-82),(-72,-60,-77),(-60,-47,-69),(-75,-63,-90),(-80,-74,-85)
[('b8:27:eb:b6:43:f8', [-87, -94, -97, -101, -96, -92, -90]), ('b8:27:eb:d3:4c:7f', [-74, -80, -71, -82, -78, -68, -81]), ('b8:27:eb:cd:4b:81', [-75, -75, -75, -61, -72, -77, -73, -75, -60]), ('b8:27:eb:ee:32:b8', [-62, -64, -69, -47, -59, -57, -62, -66, -49]), ('b8:27:eb:e7:50:37', [-78, -63, -67, -75, -76, -76, -81, -73, -70, -90]), ('b8:27:eb:63:a1:e3', [-74, -79, -79, -77, -84, -78, -83, -85])]
08:58:59.413292,(-96,-96,-96),(-86,-73,-89),(-78,-67,-85),(-67,-58,-78),(-80,-69,-91),(-83,-79,-95)
[('b8:27:eb:b6:43:f8', [-96]), ('b8:27:eb:d3:4c:7f', [-89, -88, -73, -87, -89]), ('b8:27:eb:cd:4b:81', [-67, -78, -81, -75, -72, -77, -82, -77, -85]), ('b8:27:eb:ee:32:b8', [-61, -69, -62, -58, -78, -69]), ('b8:27:eb:e7:50:37', [-91, -83, -80, -76, -69, -81, -78]), ('b8:27:eb:63:a1:e3', [-80, -79, -81, -79, -95])]
08:59:01.348331,-150,-150,-150,(-91,-80,-98),(-82,-67,-90),(-70,-59,-79),(-77,-65,-86),(-89,-73,-98)
[('b8:27:eb:b6:43:f8', []), ('b8:27:eb:d3:4c:7f', [-91, -84, -80, -98, -95, -97]), ('b8:27:eb:cd:4b:81', [-82, -90, -77, -87, -67, -83, -83]), ('b8:27:eb:ee:32:b8', [-63, -75, -72, -75, -65, -79, -59]), ('b8:27:eb:e7:50:37', [-65, -85, -76, -66, -81, -74, -74, -86, -79]), ('b8:27:eb:63:a1:e3', [-86, -73, -89, -93, -92, -88, -98])]
08:59:03.235013,(-105,-105,-105),(-87,-82,-91),(-78,-66,-88),(-75,-68,-87),(-77,-69,-84),(-84,-78,-90)
[('b8:27:eb:b6:43:f8', [-105]), ('b8:27:eb:d3:4c:7f', [-91, -82, -84, -89, -89]), ('b8:27:eb:cd:4b:81', [-76, -84, -88, -66, -73]), ('b8:27:eb:ee:32:b8', [-70, -71, -87, -68, -72, -76, -80]), ('b8:27:eb:e7:50:37', [-81, -80, -77, -71, -74, -84, -79, -69]), ('b8:27:eb:63:a1:e3', [-82, -83, -88, -78, -81, -90, -83])]
08:59:05.205096,(-95,-87,-99),(-92,-87,-97),(-77,-62,-86),(-74,-59,-91),(-79,-72,-91),(-80,-68,-89)
[('b8:27:eb:b6:43:f8', [-94, -87, -98, -99, -93]), ('b8:27:eb:d3:4c:7f', [-94, -97, -87, -87]), ('b8:27:eb:cd:4b:81', [-79, -84, -86, -62, -77, -70]), ('b8:27:eb:ee:32:b8', [-74, -82, -63, -72, -91, -78, -59, -72]), ('b8:27:eb:e7:50:37', [-74, -79, -74, -75, -77, -91, -78, -72, -88]), ('b8:27:eb:63:a1:e3', [-89, -83, -68])]
