08:52:26.363840,(-83,-74,-87),(-74,-62,-90),(-54,-37,-68),(-79,-67,-84),(-86,-77,-92),(-78,-68,-89)
[('b8:27:eb:b6:43:f8', [-80, -78, -87, -87, -87, -74, -85]), ('b8:27:eb:d3:4c:7f', [-90, -68, -75, -62, -73, -71, -74, -79]), ('b8:27:eb:cd:4b:81', [-40, -54, -46, -66, -37, -59, -54, -68, -57]), ('b8:27:eb:ee:32:b8', [-84, -83, -67, -81, -76]), ('b8:27:eb:e7:50:37', [-91, -80, -92, -91, -77, -84]), ('b8:27:eb:63:a1:e3', [-78, -72, -68, -89, -78, -76, -79])]
08:52:28.277393,(-81,-72,-88),(-80,-66,-93),(-56,-47,-69),(-72,-59,-80),(-87,-83,-92),(-80,-71,-94)
[('b8:27:eb:b6:43:f8', [-88, -79, -81, -81, -72, -80]), ('b8:27:eb:d3:4c:7f', [-70, -84, -83, -90, -76, -75, -66, -93, -71, -86]), ('b8:27:eb:cd:4b:81', [-55, -62, -52, -50, -69, -47, -56, -57, -54]), ('b8:27:eb:ee:32:b8', [-59, -75, -80, -74, -73, -74, -69, -68, -76]), ('b8:27:eb:e7:50:37', [-86, -92, -87, -83, -87]), ('b8:27:eb:63:a1:e3', [-73, -75, -94, -72, -71, -87, -77, -85, -82])]
08:52:30.173775,(-80,-69,-90),(-70,-54,-81),(-54,-42,-67),(-78,-71,-83),(-85,-72,-95),(-74,-58,-89)
[('b8:27:eb:b6:43:f8', [-80, -85, -90, -79, -78, -81, -78, -69]), ('b8:27:eb:d3:4c:7f', [-76, -81, -75, -58, -76, -54]), ('b8:27:eb:cd:4b:81', [-55, -67, -46, -55, -57, -58, -51, -42]), ('b8:27:eb:ee:32:b8', [-74, -71, -74, -81, -83, -83, -78]), ('b8:27:eb:e7:50:37', [-72, -95, -83, -92, -83]), ('b8:27:eb:63:a1:e3', [-58, -75, -77, -68, -73, -76, -89, -71, -71])]
08:52:32.060834,(-76,-71,-85),(-68,-52,-78),(-67,-45,-80),(-80,-70,-85),(-82,-69,-90),(-73,-56,-91)
[('b8:27:eb:b6:43:f8', [-71, -85, -73, -72, -78, -73]), ('b8:27:eb:d3:4c:7f', [-73, -61, -52, -74, -72, -75, -78, -62, -62]), ('b8:27:eb:cd:4b:81', [-76, -66, -70, -75, -68, -60, -45, -80, -62]), ('b8:27:eb:ee:32:b8', [-79, -70, -79, -78, -85, -84, -79]), ('b8:27:eb:e7:50:37', [-74, -86, -85, -84, -90, -69, -85]), ('b8:27:eb:63:a1:e3', [-72, -73, -56, -68, -86, -60, -91])]
08:52:33.950542,(-86,-72,-99),(-69,-55,-87),(-58,-42,-69),(-81,-68,-89),(-95,-89,-102),(-83,-62,-99)
[('b8:27:eb:b6:43:f8', [-72, -78, -99, -83, -96, -79, -95]), ('b8:27:eb:d3:4c:7f', [-87, -74, -59, -55, -73, -61, -79, -60]), ('b8:27:eb:cd:4b:81', [-64, -58, -56, -54, -42, -69]), ('b8:27:eb:ee:32:b8', [-87, -68, -84, -89, -77, -79]), ('b8:27:eb:e7:50:37', [-92, -89, -94, -95, -102]), ('b8:27:eb:63:a1:e3', [-85, -62, -99, -80, -80, -83, -86])]
08:52:35.874981,(-83,-69,-99),(-78,-61,-93),(-64,-49,-76),(-75,-57,-83),(-85,-76,-95),(-80,-72,-95)
[('b8:27:eb:b6:43:f8', [-99, -69, -84, -80, -86, -74, -83]), ('b8:27:eb:d3:4c:7f', [-90, -81, -72, -93, -80, -75, -75, -61, -75]), ('b8:27:eb:cd:4b:81', [-60, -58, -76, -67, -49, -68, -65]), ('b8:27:eb:ee:32:b8', [-81, -83, -77, -57]), ('b8:27:eb:e7:50:37', [-95, -89, -79, -76]), ('b8:27:eb:63:a1:e3', [-95, -75, -72, -81, -81, -82, -72, -81, -81])]
08:52:37.764515,(-77,-74,-84),(-69,-57,-74),(-63,-49,-69),(-79,-67,-89),(-84,-72,-93),(-79,-72,-88)
[('b8:27:eb:b6:43:f8', [-74, -74, -76, -75, -84, -74, -81]), ('b8:27:eb:d3:4c:7f', [-72, -71, -73, -62, -57, -74]), ('b8:27:eb:cd:4b:81', [-69, -65, -61, -64, -49, -67]), ('b8:27:eb:ee:32:b8', [-70, -77, -87, -80, -67, -89]), ('b8:27:eb:e7:50:37', [-82, -72, -87, -93, -86, -87, -86, -83, -77]), ('b8:27:eb:63:a1:e3', [-78, -75, -72, -81, -80, -88, -73])]
08:52:39.664765,(-82,-67,-91),(-69,-62,-81),(-68,-59,-75),(-82,-73,-92),(-81,-70,-95),(-80,-71,-86)
[('b8:27:eb:b6:43:f8', [-67, -76, -79, -82, -91, -85, -90]), ('b8:27:eb:d3:4c:7f', [-67, -62, -81, -77, -67, -64, -63]), ('b8:27:eb:cd:4b:81', [-67, -59, -75, -70, -71, -60, -75, -68, -65]), ('b8:27:eb:ee:32:b8', [-92, -85, -82, -73, -76, -74, -80, -89, -79, -82]), ('b8:27:eb:e7:50:37', [-95, -85, -73, -70]), ('b8:27:eb:63:a1:e3', [-76, -82, -74, -86, -80, -82, -80, -71, -82])]
08:52:41.571031,(-89,-87,-91),(-76,-70,-79),(-64,-58,-70),(-75,-62,-89),(-86,-80,-94),(-80,-74,-84)
[('b8:27:eb:b6:43:f8', [-91, -87, -89, -87, -91, -89]), ('b8:27:eb:d3:4c:7f', [-76, -79, -75, -74, -73, -70, -79]), ('b8:27:eb:cd:4b:81', [-70, -65, -61, -68, -58, -58, -63]), ('b8:27:eb:ee:32:b8', [-75, -89, -72, -62, -77]), ('b8:27:eb:e7:50:37', [-80, -94, -83, -84, -90, -80]), ('b8:27:eb:63:a1:e3', [-79, -84, -79, -74, -81])]
08:52:43.529416,(-85,-79,-95),(-73,-57,-87),(-61,-46,-72),(-73,-66,-83),(-79,-69,-88),(-75,-61,-88)
[('b8:27:eb:b6:43:f8', [-80, -95, -79, -83]), ('b8:27:eb:d3:4c:7f', [-57, -60, -76, -77, -79, -74, -87]), ('b8:27:eb:cd:4b:81', [-65, -70, -67, -46, -51, -58, -52, -72]), ('b8:27:eb:ee:32:b8', [-66, -68, -66, -67, -83, -79, -72, -74, -78]), ('b8:27:eb:e7:50:37', [-81, -86, -88, -69, -70]), ('b8:27:eb:63:a1:e3', [-71, -85, -88, -72, -76, -67, -80, -61])]
08:52:45.455716,(-81,-69,-88),(-73,-55,-84),(-68,-59,-86),(-78,-75,-81),(-84,-76,-91),(-78,-66,-92)
[('b8:27:eb:b6:43:f8', [-83, -86, -88, -69, -73, -73, -84, -86]), ('b8:27:eb:d3:4c:7f', [-84, -55, -75, -73, -82, -70, -69, -74]), ('b8:27:eb:cd:4b:81', [-75, -61, -65, -67, -59, -71, -60, -86]), ('b8:27:eb:ee:32:b8', [-76, -81, -77, -79, -75, -78, -79, -78]), ('b8:27:eb:e7:50:37', [-87, -91, -76, -81, -85]), ('b8:27:eb:63:a1:e3', [-69, -78, -72, -92, -66, -75, -80, -87, -75])]
08:52:47.355908,(-88,-76,-95),(-79,-67,-92),(-69,-63,-86),(-73,-59,-82),(-84,-63,-97),(-80,-69,-88)
[('b8:27:eb:b6:43:f8', [-90, -76, -86, -90, -83, -89, -95, -87, -92]), ('b8:27:eb:d3:4c:7f', [-87, -76, -70, -92, -76, -80, -67]), ('b8:27:eb:cd:4b:81', [-68, -68, -64, -63, -86, -65]), ('b8:27:eb:ee:32:b8', [-82, -59, -74, -77, -72, -70]), ('b8:27:eb:e7:50:37', [-97, -86, -63, -81, -88, -81, -86]), ('b8:27:eb:63:a1:e3', [-82, -76, -85, -88, -78, -69, -81])]
08:52:49.258569,(-86,-81,-91),(-72,-59,-89),(-67,-57,-75),(-74,-61,-82),(-86,-84,-88),(-82,-73,-90)
[('b8:27:eb:b6:43:f8', [-81, -89, -81, -91]), ('b8:27:eb:d3:4c:7f', [-86, -60, -89, -62, -59]), ('b8:27:eb:cd:4b:81', [-57, -57, -75, -65, -71, -73]), ('b8:27:eb:ee:32:b8', [-77, -79, -82, -75, -75, -61, -64]), ('b8:27:eb:e7:50:37', [-85, -84, -88, -86, -87]), ('b8:27:eb:63:a1:e3', [-90, -79, -86, -76, -73, -85, -78, -84])]
08:52:51.171896,(-86,-80,-95),(-77,-66,-90),(-68,-61,-75),(-73,-52,-83),(-79,-69,-84),(-76,-67,-88)
[('b8:27:eb:b6:43:f8', [-81, -89, -84, -89, -80, -95, -82, -84, -84]), ('b8:27:eb:d3:4c:7f', [-67, -70, -68, -90, -84, -77, -87, -66]), ('b8:27:eb:cd:4b:81', [-62, -71, -70, -71, -65, -63, -61, -67, -71, -75]), ('b8:27:eb:ee:32:b8', [-72, -65, -75, -81, -80, -80, -67, -83, -52, -70]), ('b8:27:eb:e7:50:37', [-80, -78, -69, -78, -79, -80, -84]), ('b8:27:eb:63:a1:e3', [-81, -67, -74, -88, -81, -80, -72, -68, -67])]
08:52:53.090014,(-87,-78,-92),(-75,-72,-81),(-62,-47,-68),(-78,-56,-94),(-88,-80,-94),(-82,-78,-90)
[('b8:27:eb:b6:43:f8', [-78, -92, -84, -88, -91, -86]), ('b8:27:eb:d3:4c:7f', [-72, -72, -72, -77, -78, -72, -81, -73]), ('b8:27:eb:cd:4b:81', [-68, -63, -66, -62, -55, -64, -67, -47]), ('b8:27:eb:ee:32:b8', [-56, -86, -72, -94, -81, -79, -77]), ('b8:27:eb:e7:50:37', [-91, -88, -91, -85, -80, -86, -94, -89]), ('b8:27:eb:63:a1:e3', [-78, -82, -79, -83, -80, -90, -81])]
08:52:55.001266,(-83,-68,-90),(-68,-56,-80),(-66,-51,-72),(-81,-71,-87),(-88,-79,-94),(-82,-69,-89)
[('b8:27:eb:b6:43:f8', [-90, -89, -89, -78, -87, -68, -78, -85, -76]), ('b8:27:eb:d3:4c:7f', [-56, -76, -77, -80, -63, -58, -66]), ('b8:27:eb:cd:4b:81', [-59, -70, -70, -72, -70, -51]), ('b8:27:eb:ee:32:b8', [-77, -87, -81, -84, -81, -76, -86, -71]), ('b8:27:eb:e7:50:37', [-84, -90, -93, -82, -94, -93, -79]), ('b8:27:eb:63:a1:e3', [-69, -89, -89, -82, -80])]
08:52:56.891830,(-87,-76,-96),(-71,-61,-84),(-55,-43,-68),(-74,-62,-97),(-85,-76,-94),(-86,-82,-90)
[('b8:27:eb:b6:43:f8', [-88, -76, -86, -90, -83, -96, -88]), ('b8:27:eb:d3:4c:7f', [-69, -71, -74, -61, -84, -70, -68]), ('b8:27:eb:cd:4b:81', [-65, -47, -43, -45, -68, -46, -67]), ('b8:27:eb:ee:32:b8', [-97, -81, -63, -67, -62, -72]), ('b8:27:eb:e7:50:37', [-76, -94, -86, -86, -79, -88]), ('b8:27:eb:63:a1:e3', [-82, -87, -82, -90, -85])]
08:52:58.816246,(-82,-68,-99),(-70,-58,-78),(-53,-35,-69),(-76,-61,-84),(-85,-69,-98),(-77,-63,-81)
[('b8:27:eb:b6:43:f8', [-82, -76, -87, -99, -94, -68, -80, -74, -75]), ('b8:27:eb:d3:4c:7f', [-78, -66, -58, -73, -76, -62, -72]), ('b8:27:eb:cd:4b:81', [-56, -51, -54, -69, -53, -35]), ('b8:27:eb:ee:32:b8', [-77, -73, -76, -82, -61, -70, -84, -83]), ('b8:27:eb:e7:50:37', [-69, -98, -82, -90, -83]), ('b8:27:eb:63:a1:e3', [-63, -81, -80, -76, -76, -77, -79, -81, -78])]
08:53:00.707432,(-78,-65,-92),(-69,-54,-85),(-53,-42,-68),(-76,-66,-83),(-88,-78,-96),(-73,-62,-80)
[('b8:27:eb:b6:43:f8', [-65, -73, -81, -81, -92, -72, -80]), ('b8:27:eb:d3:4c:7f', [-69, -73, -67, -54, -65, -55, -70, -85, -79]), ('b8:27:eb:cd:4b:81', [-51, -50, -54, -50, -52, -42, -68]), ('b8:27:eb:ee:32:b8', [-69, -79, -70, -78, -83, -66, -83, -76]), ('b8:27:eb:e7:50:37', [-78, -79, -93, -96, -90, -88, -88, -91]), ('b8:27:eb:63:a1:e3', [-80, -72, -71, -78, -70, -76, -70, -62])]
08:53:02.636153,(-85,-74,-95),(-73,-54,-83),(-61,-47,-72),(-79,-70,-91),(-90,-71,-100),(-78,-61,-91)
[('b8:27:eb:b6:43:f8', [-79, -85, -88, -74, -81, -88, -95, -83]), ('b8:27:eb:d3:4c:7f', [-59, -79, -80, -77, -73, -54, -83]), ('b8:27:eb:cd:4b:81', [-50, -66, -47, -72, -65, -60, -71, -52]), ('b8:27:eb:ee:32:b8', [-73, -88, -76, -82, -91, -70, -72]), ('b8:27:eb:e7:50:37', [-100, -91, -95, -91, -71]), ('b8:27:eb:63:a1:e3', [-78, -83, -77, -73, -82, -91, -74, -61])]
08:53:04.526674,(-82,-71,-90),(-76,-73,-79),(-61,-49,-70),(-73,-59,-86),(-90,-78,-98),(-79,-67,-88)
[('b8:27:eb:b6:43:f8', [-80, -71, -87, -90, -78]), ('b8:27:eb:d3:4c:7f', [-74, -78, -74, -74, -75, -79, -73]), ('b8:27:eb:cd:4b:81', [-60, -64, -62, -70, -56, -49]), ('b8:27:eb:ee:32:b8', [-83, -78, -69, -71, -69, -86, -59, -73, -68]), ('b8:27:eb:e7:50:37', [-86, -89, -98, -88, -96, -78, -92]), ('b8:27:eb:63:a1:e3', [-79, -82, -88, -70, -82, -73, -84, -67, -79])]
08:53:06.452779,(-83,-74,-95),(-74,-68,-86),(-60,-47,-68),(-63,-49,-70),(-88,-73,-97),(-79,-74,-89)
[('b8:27:eb:b6:43:f8', [-78, -74, -86, -88, -75, -95, -85]), ('b8:27:eb:d3:4c:7f', [-78, -71, -68, -69, -72, -86]), ('b8:27:eb:cd:4b:81', [-47, -68, -64, -65, -68, -59, -47]), ('b8:27:eb:ee:32:b8', [-63, -57, -68, -68, -66, -70, -49]), ('b8:27:eb:e7:50:37', [-92, -88, -84, -81, -96, -73, -97]), ('b8:27:eb:63:a1:e3', [-75, -74, -82, -74, -76, -76, -85, -79, -89, -80])]
08:53:08.339395,(-86,-78,-97),(-74,-57,-81),(-68,-57,-78),(-61,-54,-67),(-80,-76,-84),(-82,-76,-89)
[('b8:27:eb:b6:43:f8', [-87, -87, -82, -97, -85, -78, -82]), ('b8:27:eb:d3:4c:7f', [-79, -75, -75, -57, -67, -79, -77, -81, -73]), ('b8:27:eb:cd:4b:81', [-75, -67, -65, -70, -62, -58, -78, -57, -67, -74]), ('b8:27:eb:ee:32:b8', [-66, -58, -54, -56, -67, -64]), ('b8:27:eb:e7:50:37', [-81, -84, -76, -83, -78, -79, -77]), ('b8:27:eb:63:a1:e3', [-79, -85, -89, -76, -78, -84])]
08:53:10.235085,(-83,-79,-87),(-72,-56,-83),(-61,-49,-67),(-75,-58,-93),(-81,-79,-83),(-77,-66,-87)
[('b8:27:eb:b6:43:f8', [-79, -86, -82, -81, -87, -81]), ('b8:27:eb:d3:4c:7f', [-73, -83, -56, -71, -76, -68]), ('b8:27:eb:cd:4b:81', [-50, -67, -66, -63, -59, -49, -67]), ('b8:27:eb:ee:32:b8', [-68, -71, -79, -80, -93, -77, -58, -67]), ('b8:27:eb:e7:50:37', [-80, -79, -81, -83]), ('b8:27:eb:63:a1:e3', [-79, -87, -81, -82, -66, -67])]
08:53:12.168021,(-82,-74,-89),(-74,-53,-91),(-64,-54,-74),(-81,-61,-94),(-88,-76,-96),(-78,-66,-88)
[('b8:27:eb:b6:43:f8', [-78, -89, -77, -86, -79, -87, -74]), ('b8:27:eb:d3:4c:7f', [-70, -72, -76, -78, -53, -91]), ('b8:27:eb:cd:4b:81', [-61, -65, -74, -54, -69, -60, -65]), ('b8:27:eb:ee:32:b8', [-94, -86, -80, -77, -76, -61, -81, -83, -82, -87]), ('b8:27:eb:e7:50:37', [-76, -77, -92, -88, -88, -96, -94]), ('b8:27:eb:63:a1:e3', [-66, -68, -84, -81, -81, -88])]
08:53:14.097341,(-80,-70,-89),(-74,-58,-96),(-63,-49,-88),(-77,-65,-92),(-84,-73,-94),(-80,-69,-91)
[('b8:27:eb:b6:43:f8', [-73, -70, -83, -83, -81, -89]), ('b8:27:eb:d3:4c:7f', [-76, -96, -86, -71, -75, -62, -71, -70, -58]), ('b8:27:eb:cd:4b:81', [-49, -64, -88, -55, -71, -54, -55]), ('b8:27:eb:ee:32:b8', [-65, -72, -79, -83, -92, -69, -77, -70, -84]), ('b8:27:eb:e7:50:37', [-73, -77, -94, -86, -77, -88, -91]), ('b8:27:eb:63:a1:e3', [-91, -82, -70, -69, -89, -76])]
08:53:16.021592,(-82,-71,-89),(-71,-60,-85),(-53,-42,-67),(-75,-71,-78),(-88,-76,-92),(-79,-56,-88)
[('b8:27:eb:b6:43:f8', [-86, -82, -86, -71, -89, -77, -81]), ('b8:27:eb:d3:4c:7f', [-74, -63, -74, -60, -70, -85]), ('b8:27:eb:cd:4b:81', [-67, -51, -57, -59, -48, -42, -44]), ('b8:27:eb:ee:32:b8', [-71, -77, -75, -78, -72, -75]), ('b8:27:eb:e7:50:37', [-89, -88, -76, -89, -87, -89, -92, -86, -89]), ('b8:27:eb:63:a1:e3', [-78, -82, -88, -87, -84, -69, -86, -82, -56, -76])]
08:53:17.960638,(-82,-77,-90),(-72,-52,-87),(-46,-38,-56),(-75,-69,-83),(-87,-74,-98),(-75,-61,-85)
[('b8:27:eb:b6:43:f8', [-81, -89, -90, -78, -80, -81, -77, -80]), ('b8:27:eb:d3:4c:7f', [-74, -64, -87, -80, -62, -52, -82, -70]), ('b8:27:eb:cd:4b:81', [-56, -49, -56, -38, -41, -38, -40]), ('b8:27:eb:ee:32:b8', [-71, -83, -78, -69, -76, -74, -74]), ('b8:27:eb:e7:50:37', [-74, -98, -92, -76, -93, -91, -80]), ('b8:27:eb:63:a1:e3', [-79, -78, -75, -85, -61, -72, -75])]
08:53:19.896441,(-77,-63,-86),(-75,-67,-89),(-54,-45,-63),(-70,-58,-78),(-84,-77,-90),(-78,-67,-84)
[('b8:27:eb:b6:43:f8', [-86, -78, -63, -74, -73, -85, -76]), ('b8:27:eb:d3:4c:7f', [-71, -67, -76, -70, -71, -81, -89, -72]), ('b8:27:eb:cd:4b:81', [-57, -62, -45, -45, -51, -63]), ('b8:27:eb:ee:32:b8', [-73, -64, -72, -71, -78, -58, -69]), ('b8:27:eb:e7:50:37', [-82, -88, -82, -90, -84, -87, -77, -80]), ('b8:27:eb:63:a1:e3', [-81, -84, -75, -75, -74, -84, -84, -67])]
08:53:21.826205,(-90,-85,-96),(-72,-57,-79),(-64,-55,-77),(-69,-53,-77),(-83,-77,-89),(-79,-69,-93)
[('b8:27:eb:b6:43:f8', [-85, -90, -91, -96, -87]), ('b8:27:eb:d3:4c:7f', [-76, -68, -73, -79, -66, -73, -57, -77]), ('b8:27:eb:cd:4b:81', [-57, -66, -77, -70, -59, -59, -55]), ('b8:27:eb:ee:32:b8', [-77, -70, -73, -60, -53, -72, -67, -68, -73]), ('b8:27:eb:e7:50:37', [-89, -77, -77, -84, -84]), ('b8:27:eb:63:a1:e3', [-69, -82, -82, -71, -81, -80, -93, -70])]
08:53:23.724706,(-90,-78,-95),(-76,-62,-87),(-62,-54,-70),(-71,-60,-81),(-81,-72,-94),(-82,-72,-97)
[('b8:27:eb:b6:43:f8', [-88, -89, -78, -95, -95, -93]), ('b8:27:eb:d3:4c:7f', [-73, -75, -82, -62, -80, -62, -83, -80, -87]), ('b8:27:eb:cd:4b:81', [-54, -70, -55, -68, -62, -65, -58]), ('b8:27:eb:ee:32:b8', [-81, -70, -68, -73, -68, -75, -60, -73]), ('b8:27:eb:e7:50:37', [-80, -74, -94, -79, -72, -84]), ('b8:27:eb:63:a1:e3', [-97, -78, -79, -88, -75, -72, -79, -87])]
08:53:25.641375,(-84,-74,-94),(-72,-50,-83),(-64,-50,-78),(-78,-67,-83),(-85,-76,-96),(-81,-73,-94)
[('b8:27:eb:b6:43:f8', [-74, -87, -79, -81, -88, -82, -94]), ('b8:27:eb:d3:4c:7f', [-76, -71, -69, -77, -76, -83, -50]), ('b8:27:eb:cd:4b:81', [-67, -78, -70, -68, -70, -52, -50, -58, -54, -65]), ('b8:27:eb:ee:32:b8', [-67, -82, -83, -73, -80, -76, -83, -77]), ('b8:27:eb:e7:50:37', [-85, -86, -90, -76, -85, -96, -84, -77]), ('b8:27:eb:63:a1:e3', [-80, -73, -79, -76, -94, -85, -75, -85, -75])]
08:53:27.537592,(-84,-80,-89),(-70,-60,-78),(-62,-51,-70),(-78,-75,-83),(-85,-76,-93),(-83,-76,-88)
[('b8:27:eb:b6:43:f8', [-85, -89, -80, -83, -80, -89, -82, -80, -80, -86]), ('b8:27:eb:d3:4c:7f', [-78, -69, -75, -60, -68, -67, -66, -68, -73]), ('b8:27:eb:cd:4b:81', [-65, -66, -60, -60, -63, -70, -58, -55, -51, -69]), ('b8:27:eb:ee:32:b8', [-83, -79, -76, -75, -76, -76]), ('b8:27:eb:e7:50:37', [-86, -82, -76, -93, -86]), ('b8:27:eb:63:a1:e3', [-88, -76, -81, -84, -87, -81, -82, -85, -83, -78])]
08:53:29.439453,(-89,-85,-95),(-72,-58,-90),(-61,-46,-70),(-72,-60,-77),(-84,-70,-90),(-82,-74,-88)
[('b8:27:eb:b6:43:f8', [-87, -85, -86, -86, -95, -91]), ('b8:27:eb:d3:4c:7f', [-76, -75, -58, -63, -71, -70, -90]), ('b8:27:eb:cd:4b:81', [-59, -65, -70, -65, -46, -56, -60]), ('b8:27:eb:ee:32:b8', [-74, -77, -76, -66, -71, -74, -77, -60]), ('b8:27:eb:e7:50:37', [-90, -70, -87, -86]), ('b8:27:eb:63:a1:e3', [-87, -74, -75, -86, -79, -88, -85, -78, -84])]
08:53:31.324724,(-77,-59,-91),(-71,-56,-81),(-51,-35,-71),(-78,-68,-87),(-86,-80,-91),(-79,-72,-85)
[('b8:27:eb:b6:43:f8', [-91, -80, -91, -76, -69, -59, -77, -62, -82]), ('b8:27:eb:d3:4c:7f', [-56, -62, -75, -72, -77, -74, -67, -81]), ('b8:27:eb:cd:4b:81', [-39, -53, -35, -50, -52, -54, -71]), ('b8:27:eb:ee:32:b8', [-87, -72, -81, -75, -78, -85, -68]), ('b8:27:eb:e7:50:37', [-91, -88, -80, -84, -85]), ('b8:27:eb:63:a1:e3', [-85, -74, -79, -77, -83, -72, -79, -81, -78])]
08:53:33.263563,(-81,-72,-94),(-75,-63,-87),(-60,-43,-77),(-79,-73,-82),(-85,-81,-92),(-79,-70,-89)
[('b8:27:eb:b6:43:f8', [-94, -77, -83, -83, -76, -72, -82]), ('b8:27:eb:d3:4c:7f', [-82, -67, -63, -81, -71, -72, -75, -69, -87]), ('b8:27:eb:cd:4b:81', [-60, -49, -68, -61, -43, -50, -71, -77]), ('b8:27:eb:ee:32:b8', [-78, -79, -82, -79, -73, -78]), ('b8:27:eb:e7:50:37', [-81, -85, -83, -82, -92]), ('b8:27:eb:63:a1:e3', [-70, -75, -83, -79, -70, -89, -78, -83])]
08:53:35.162705,(-89,-82,-92),(-74,-69,-77),(-67,-49,-91),(-73,-63,-82),(-88,-85,-92),(-78,-68,-90)
[('b8:27:eb:b6:43:f8', [-82, -90, -88, -92, -91]), ('b8:27:eb:d3:4c:7f', [-73, -77, -73, -77, -69, -74, -70, -75, -73]), ('b8:27:eb:cd:4b:81', [-52, -68, -49, -54, -82, -66, -91, -66, -67]), ('b8:27:eb:ee:32:b8', [-71, -76, -82, -63, -71, -73]), ('b8:27:eb:e7:50:37', [-92, -85, -86, -88, -92, -85, -88]), ('b8:27:eb:63:a1:e3', [-80, -81, -68, -75, -90, -89, -68, -79, -70])]
08:53:37.052678,(-83,-73,-98),(-70,-58,-79),(-60,-51,-72),(-74,-53,-81),(-82,-63,-90),(-74,-60,-82)
[('b8:27:eb:b6:43:f8', [-77, -98, -83, -73, -82]), ('b8:27:eb:d3:4c:7f', [-62, -58, -79, -74, -70, -74, -75, -68]), ('b8:27:eb:cd:4b:81', [-68, -72, -58, -53, -51, -53, -65, -60]), ('b8:27:eb:ee:32:b8', [-72, -53, -78, -81, -78, -72, -71, -81]), ('b8:27:eb:e7:50:37', [-83, -63, -78, -88, -86, -85, -90]), ('b8:27:eb:63:a1:e3', [-82, -80, -74, -77, -67, -60, -64, -81, -68, -82])]
08:53:38.957011,(-79,-69,-87),(-70,-58,-76),(-49,-35,-60),(-82,-68,-88),(-90,-78,-97),(-79,-65,-87)
[('b8:27:eb:b6:43:f8', [-84, -73, -87, -76, -69, -85]), ('b8:27:eb:d3:4c:7f', [-68, -66, -71, -76, -72, -61, -71, -75, -58, -76]), ('b8:27:eb:cd:4b:81', [-46, -58, -59, -40, -40, -35, -60]), ('b8:27:eb:ee:32:b8', [-84, -75, -86, -68, -88, -81, -87]), ('b8:27:eb:e7:50:37', [-95, -88, -88, -90, -85, -78, -97, -93, -92]), ('b8:27:eb:63:a1:e3', [-82, -87, -78, -72, -65, -81, -81, -84])]
08:53:40.854991,(-79,-73,-83),(-74,-61,-82),(-51,-38,-68),(-83,-76,-91),(-91,-83,-97),(-79,-61,-85)
[('b8:27:eb:b6:43:f8', [-73, -81, -80, -78, -83]), ('b8:27:eb:d3:4c:7f', [-71, -76, -72, -79, -78, -70, -82, -61, -76]), ('b8:27:eb:cd:4b:81', [-55, -38, -41, -49, -55, -44, -57, -68]), ('b8:27:eb:ee:32:b8', [-81, -87, -84, -80, -77, -76, -91, -81]), ('b8:27:eb:e7:50:37', [-83, -91, -97, -91]), ('b8:27:eb:63:a1:e3', [-83, -79, -79, -85, -85, -85, -61, -75])]
08:53:42.742577,(-84,-74,-92),(-78,-66,-90),(-60,-42,-70),(-71,-54,-81),(-84,-74,-90),(-78,-66,-87)
[('b8:27:eb:b6:43:f8', [-83, -87, -74, -86, -92, -78]), ('b8:27:eb:d3:4c:7f', [-90, -79, -66, -79, -77, -75, -77, -77, -74]), ('b8:27:eb:cd:4b:81', [-57, -70, -42, -69, -64, -69, -56, -49]), ('b8:27:eb:ee:32:b8', [-69, -81, -77, -73, -72, -66, -74, -54, -73]), ('b8:27:eb:e7:50:37', [-90, -89, -74, -83]), ('b8:27:eb:63:a1:e3', [-83, -83, -80, -78, -66, -70, -75, -76, -87])]
08:53:44.641192,(-72,-63,-81),(-77,-71,-81),(-64,-56,-74),(-67,-60,-75),(-87,-65,-96),(-74,-58,-83)
[('b8:27:eb:b6:43:f8', [-79, -81, -68, -71, -68, -63]), ('b8:27:eb:d3:4c:7f', [-81, -73, -75, -71, -74, -81, -75, -80]), ('b8:27:eb:cd:4b:81', [-56, -60, -67, -72, -74, -60, -59]), ('b8:27:eb:ee:32:b8', [-68, -71, -70, -61, -61, -60, -75]), ('b8:27:eb:e7:50:37', [-91, -81, -94, -96, -89, -65, -86, -87]), ('b8:27:eb:63:a1:e3', [-82, -58, -78, -61, -81, -83])]
08:53:46.560803,(-84,-78,-89),(-69,-59,-81),(-66,-49,-87),(-70,-56,-74),(-88,-78,-93),(-81,-72,-94)
[('b8:27:eb:b6:43:f8', [-79, -83, -86, -89, -78, -85]), ('b8:27:eb:d3:4c:7f', [-62, -79, -59, -62, -81, -59, -62, -73, -74, -79]), ('b8:27:eb:cd:4b:81', [-61, -59, -72, -64, -49, -87, -66]), ('b8:27:eb:ee:32:b8', [-74, -69, -56, -74, -72, -74]), ('b8:27:eb:e7:50:37', [-93, -93, -90, -82, -78]), ('b8:27:eb:63:a1:e3', [-76, -94, -81, -81, -78, -72])]
08:53:48.475134,(-82,-68,-89),(-80,-71,-89),(-59,-54,-64),(-78,-72,-86),(-82,-69,-87),(-81,-74,-92)
[('b8:27:eb:b6:43:f8', [-68, -89, -79, -75, -87, -84, -88]), ('b8:27:eb:d3:4c:7f', [-83, -74, -71, -80, -78, -89, -77, -88]), ('b8:27:eb:cd:4b:81', [-54, -64, -57, -55, -60, -64, -57, -59]), ('b8:27:eb:ee:32:b8', [-86, -72, -76, -82, -73, -77, -82, -76]), ('b8:27:eb:e7:50:37', [-71, -87, -79, -82, -87, -69, -85, -83, -87]), ('b8:27:eb:63:a1:e3', [-77, -77, -92, -78, -81, -80, -76, -86, -74])]
08:53:50.379528,(-88,-81,-95),(-69,-53,-76),(-57,-44,-77),(-78,-62,-94),(-84,-72,-94),(-82,-72,-87)
[('b8:27:eb:b6:43:f8', [-90, -92, -81, -81, -95, -86, -90, -87]), ('b8:27:eb:d3:4c:7f', [-76, -63, -71, -71, -73, -71, -71, -69, -53]), ('b8:27:eb:cd:4b:81', [-44, -47, -44, -77, -59, -60, -65, -58, -56, -59]), ('b8:27:eb:ee:32:b8', [-81, -62, -79, -76, -80, -76, -74, -94]), ('b8:27:eb:e7:50:37', [-72, -82, -87, -87, -77, -94, -89]), ('b8:27:eb:63:a1:e3', [-83, -87, -72, -86, -86, -77, -75, -85])]
08:53:52.268178,(-81,-72,-95),(-69,-57,-78),(-57,-43,-67),(-84,-74,-92),(-86,-76,-96),(-81,-71,-92)
[('b8:27:eb:b6:43:f8', [-73, -88, -75, -84, -72, -95, -76]), ('b8:27:eb:d3:4c:7f', [-70, -69, -57, -68, -78, -62, -74, -69]), ('b8:27:eb:cd:4b:81', [-61, -43, -54, -58, -49, -65, -67, -53]), ('b8:27:eb:ee:32:b8', [-90, -77, -92, -83, -79, -74, -89]), ('b8:27:eb:e7:50:37', [-96, -91, -78, -76, -91, -78, -88]), ('b8:27:eb:63:a1:e3', [-79, -71, -82, -77, -78, -81, -92, -81, -82, -78])]
08:53:54.199383,(-77,-58,-85),(-66,-56,-72),(-50,-32,-60),(-81,-72,-91),(-81,-69,-94),(-79,-68,-94)
[('b8:27:eb:b6:43:f8', [-82, -78, -83, -85, -58, -73, -75]), ('b8:27:eb:d3:4c:7f', [-56, -72, -65, -64, -68, -72, -65, -64]), ('b8:27:eb:cd:4b:81', [-60, -56, -49, -60, -32, -41, -51]), ('b8:27:eb:ee:32:b8', [-72, -85, -75, -91, -79, -84]), ('b8:27:eb:e7:50:37', [-69, -79, -94, -76, -78, -87]), ('b8:27:eb:63:a1:e3', [-81, -68, -68, -68, -81, -78, -83, -94, -82])]
08:53:56.107409,(-85,-78,-91),(-70,-52,-83),(-57,-43,-76),(-84,-70,-94),(-84,-74,-90),(-82,-67,-98)
[('b8:27:eb:b6:43:f8', [-78, -88, -83, -91]), ('b8:27:eb:d3:4c:7f', [-58, -73, -70, -82, -52, -62, -75, -63, -83, -82]), ('b8:27:eb:cd:4b:81', [-50, -54, -53, -76, -43, -73, -46]), ('b8:27:eb:ee:32:b8', [-94, -93, -80, -82, -94, -75, -70]), ('b8:27:eb:e7:50:37', [-81, -89, -76, -90, -74, -90, -86, -80]), ('b8:27:eb:63:a1:e3', [-72, -67, -98, -78, -83, -86, -84])]
08:53:58.055083,(-78,-69,-86),(-69,-54,-81),(-58,-40,-73),(-74,-55,-83),(-88,-75,-92),(-77,-61,-92)
[('b8:27:eb:b6:43:f8', [-86, -81, -81, -79, -69, -69]), ('b8:27:eb:d3:4c:7f', [-61, -58, -71, -62, -81, -72, -81, -75, -54]), ('b8:27:eb:cd:4b:81', [-58, -47, -73, -71, -41, -59, -64, -59, -40, -60]), ('b8:27:eb:ee:32:b8', [-80, -82, -68, -83, -75, -71, -55]), ('b8:27:eb:e7:50:37', [-92, -90, -91, -89, -92, -75, -85]), ('b8:27:eb:63:a1:e3', [-88, -77, -76, -76, -92, -61, -69, -62, -82, -80])]
08:53:59.955846,(-85,-79,-94),(-74,-70,-79),(-56,-39,-72),(-72,-63,-81),(-91,-82,-97),(-76,-66,-83)
[('b8:27:eb:b6:43:f8', [-80, -89, -94, -84, -88, -79, -81]), ('b8:27:eb:d3:4c:7f', [-75, -72, -79, -74, -70]), ('b8:27:eb:cd:4b:81', [-39, -55, -49, -60, -57, -62, -50, -72]), ('b8:27:eb:ee:32:b8', [-71, -63, -72, -68, -81, -67, -77, -75]), ('b8:27:eb:e7:50:37', [-91, -85, -97, -92, -92, -86, -96, -82]), ('b8:27:eb:63:a1:e3', [-67, -83, -66, -79, -80, -83, -71])]
08:54:01.885127,(-84,-71,-98),(-77,-58,-88),(-60,-48,-70),(-73,-67,-76),(-81,-71,-96),(-75,-58,-81)
[('b8:27:eb:b6:43:f8', [-90, -81, -71, -80, -76, -86, -98]), ('b8:27:eb:d3:4c:7f', [-84, -81, -73, -73, -75, -71, -88, -58, -83]), ('b8:27:eb:cd:4b:81', [-70, -60, -68, -61, -48, -66, -48, -60, -51]), ('b8:27:eb:ee:32:b8', [-76, -71, -74, -75, -72, -67, -72, -75]), ('b8:27:eb:e7:50:37', [-96, -71, -78, -81, -72, -78, -86]), ('b8:27:eb:63:a1:e3', [-71, -81, -79, -76, -76, -80, -75, -58, -77])]
08:54:03.769963,(-86,-75,-99),(-73,-63,-79),(-66,-56,-73),(-75,-69,-79),(-84,-78,-87),(-74,-58,-84)
[('b8:27:eb:b6:43:f8', [-85, -86, -99, -80, -85, -88, -75]), ('b8:27:eb:d3:4c:7f', [-73, -75, -78, -67, -63, -69, -74, -72, -79]), ('b8:27:eb:cd:4b:81', [-73, -67, -69, -65, -56, -65, -63]), ('b8:27:eb:ee:32:b8', [-71, -79, -69, -78, -77, -73, -70, -79]), ('b8:27:eb:e7:50:37', [-87, -84, -78, -87, -80]), ('b8:27:eb:63:a1:e3', [-72, -58, -77, -72, -59, -84, -84, -84, -68])]
08:54:05.657372,(-84,-75,-99),(-70,-59,-88),(-58,-47,-70),(-81,-69,-88),(-81,-66,-87),(-78,-62,-91)
[('b8:27:eb:b6:43:f8', [-83, -75, -77, -86, -80, -99, -88]), ('b8:27:eb:d3:4c:7f', [-59, -68, -66, -88, -85, -63, -61]), ('b8:27:eb:cd:4b:81', [-70, -53, -65, -47, -59, -49]), ('b8:27:eb:ee:32:b8', [-88, -86, -85, -82, -76, -69]), ('b8:27:eb:e7:50:37', [-87, -81, -85, -85, -66]), ('b8:27:eb:63:a1:e3', [-62, -87, -72, -79, -74, -91])]
08:54:07.565836,(-86,-82,-94),(-73,-61,-77),(-56,-43,-70),(-75,-61,-91),(-88,-80,-95),(-82,-68,-89)
[('b8:27:eb:b6:43:f8', [-94, -85, -83, -82, -83]), ('b8:27:eb:d3:4c:7f', [-77, -77, -72, -74, -61, -73, -74]), ('b8:27:eb:cd:4b:81', [-60, -70, -44, -59, -43, -57]), ('b8:27:eb:ee:32:b8', [-81, -91, -84, -61, -62, -72, -68, -77, -77]), ('b8:27:eb:e7:50:37', [-83, -91, -95, -80]), ('b8:27:eb:63:a1:e3', [-79, -81, -70, -89, -82, -88, -89, -85, -68, -86])]
08:54:09.494785,(-82,-75,-87),(-73,-55,-85),(-57,-43,-64),(-77,-67,-86),(-84,-81,-88),(-81,-67,-96)
[('b8:27:eb:b6:43:f8', [-86, -87, -82, -77, -75, -84, -78]), ('b8:27:eb:d3:4c:7f', [-81, -85, -76, -75, -55, -74, -61]), ('b8:27:eb:cd:4b:81', [-55, -43, -52, -53, -64, -64, -60, -57, -58]), ('b8:27:eb:ee:32:b8', [-81, -74, -75, -86, -75, -67, -75]), ('b8:27:eb:e7:50:37', [-81, -83, -88]), ('b8:27:eb:63:a1:e3', [-78, -77, -85, -79, -96, -82, -81, -77, -67])]
08:54:11.427175,(-77,-69,-80),(-76,-68,-88),(-54,-45,-60),(-79,-71,-86),(-87,-76,-93),(-73,-57,-88)
[('b8:27:eb:b6:43:f8', [-69, -80, -76, -72, -80, -78, -78]), ('b8:27:eb:d3:4c:7f', [-79, -79, -68, -70, -75, -68, -76, -79, -88]), ('b8:27:eb:cd:4b:81', [-60, -52, -57, -46, -50, -54, -45, -60, -54]), ('b8:27:eb:ee:32:b8', [-82, -77, -78, -78, -71, -73, -75, -83, -80, -86]), ('b8:27:eb:e7:50:37', [-93, -76, -90]), ('b8:27:eb:63:a1:e3', [-82, -79, -67, -77, -72, -57, -60, -88])]
08:54:13.319511,(-75,-62,-92),(-73,-49,-80),(-51,-38,-57),(-83,-77,-93),(-83,-72,-93),(-81,-74,-90)
[('b8:27:eb:b6:43:f8', [-78, -64, -62, -75, -75, -64, -87, -92]), ('b8:27:eb:d3:4c:7f', [-76, -80, -80, -79, -77, -49, -70]), ('b8:27:eb:cd:4b:81', [-56, -57, -52, -54, -38, -47]), ('b8:27:eb:ee:32:b8', [-93, -77, -83, -82, -80, -79]), ('b8:27:eb:e7:50:37', [-93, -73, -87, -89, -72]), ('b8:27:eb:63:a1:e3', [-75, -90, -74, -84, -75, -82, -81])]
08:54:15.226295,(-85,-74,-93),(-67,-53,-73),(-61,-53,-69),(-72,-54,-85),(-83,-73,-95),(-81,-74,-86)
[('b8:27:eb:b6:43:f8', [-84, -89, -83, -83, -74, -84, -83, -93]), ('b8:27:eb:d3:4c:7f', [-53, -72, -73, -72, -71, -57]), ('b8:27:eb:cd:4b:81', [-62, -61, -64, -60, -60, -69, -58, -53]), ('b8:27:eb:ee:32:b8', [-54, -59, -72, -77, -85, -82]), ('b8:27:eb:e7:50:37', [-95, -73, -85, -78, -82]), ('b8:27:eb:63:a1:e3', [-86, -82, -74, -83, -79, -79])]
08:54:17.111291,(-78,-62,-88),(-64,-49,-87),(-59,-48,-65),(-83,-71,-92),(-78,-73,-81),(-76,-65,-79)
[('b8:27:eb:b6:43:f8', [-74, -85, -80, -78, -88, -73, -62]), ('b8:27:eb:d3:4c:7f', [-53, -62, -73, -49, -87, -59]), ('b8:27:eb:cd:4b:81', [-64, -52, -59, -61, -62, -65, -48]), ('b8:27:eb:ee:32:b8', [-80, -88, -92, -81, -92, -81, -71, -76, -83]), ('b8:27:eb:e7:50:37', [-81, -77, -78, -73]), ('b8:27:eb:63:a1:e3', [-77, -79, -78, -77, -65])]
08:54:19.008616,(-77,-72,-83),(-70,-50,-86),(-55,-35,-79),(-80,-70,-89),(-85,-72,-88),(-69,-58,-89)
[('b8:27:eb:b6:43:f8', [-78, -83, -82, -72, -80, -76, -73, -75, -74]), ('b8:27:eb:d3:4c:7f', [-70, -74, -68, -58, -50, -72, -68, -86, -83]), ('b8:27:eb:cd:4b:81', [-62, -53, -65, -45, -35, -41, -79, -56]), ('b8:27:eb:ee:32:b8', [-75, -77, -83, -81, -70, -89, -80]), ('b8:27:eb:e7:50:37', [-86, -88, -88, -85, -86, -72, -86]), ('b8:27:eb:63:a1:e3', [-58, -61, -61, -72, -89, -69, -67])]
08:54:20.899814,(-80,-71,-86),(-74,-68,-80),(-60,-52,-85),(-75,-60,-81),(-90,-83,-94),(-73,-65,-77)
[('b8:27:eb:b6:43:f8', [-80, -71, -81, -86]), ('b8:27:eb:d3:4c:7f', [-71, -73, -68, -80, -76]), ('b8:27:eb:cd:4b:81', [-57, -52, -53, -52, -58, -85, -58]), ('b8:27:eb:ee:32:b8', [-80, -81, -76, -76, -79, -79, -60, -80, -63]), ('b8:27:eb:e7:50:37', [-83, -88, -94, -90, -92]), ('b8:27:eb:63:a1:e3', [-73, -72, -65, -77, -75])]
08:54:22.798960,(-78,-72,-85),(-73,-62,-82),(-58,-40,-73),(-73,-67,-78),(-87,-79,-95),(-71,-62,-78)
[('b8:27:eb:b6:43:f8', [-84, -78, -79, -72, -85, -77, -73, -74]), ('b8:27:eb:d3:4c:7f', [-71, -82, -71, -71, -62, -79]), ('b8:27:eb:cd:4b:81', [-73, -58, -73, -59, -40, -48, -57, -55, -49, -62]), ('b8:27:eb:ee:32:b8', [-78, -69, -67, -72, -75]), ('b8:27:eb:e7:50:37', [-80, -79, -89, -85, -90, -95]), ('b8:27:eb:63:a1:e3', [-75, -70, -78, -72, -62, -68, -77, -62])]
08:54:24.688905,(-75,-67,-80),(-69,-56,-81),(-58,-39,-77),(-72,-61,-76),(-85,-75,-96),(-78,-61,-86)
[('b8:27:eb:b6:43:f8', [-78, -80, -78, -75, -68, -73, -67]), ('b8:27:eb:d3:4c:7f', [-70, -81, -66, -72, -56]), ('b8:27:eb:cd:4b:81', [-77, -54, -57, -68, -52, -60, -39, -54]), ('b8:27:eb:ee:32:b8', [-74, -61, -72, -75, -67, -73, -71, -73, -76]), ('b8:27:eb:e7:50:37', [-80, -82, -86, -86, -93, -81, -96, -75, -85]), ('b8:27:eb:63:a1:e3', [-78, -61, -80, -78, -86, -72, -84, -80])]
08:54:26.590087,(-83,-67,-99),(-68,-53,-75),(-61,-53,-66),(-72,-59,-79),(-86,-72,-96),(-79,-63,-94)
[('b8:27:eb:b6:43:f8', [-74, -93, -67, -74, -82, -84, -84, -84, -99]), ('b8:27:eb:d3:4c:7f', [-66, -53, -72, -72, -70, -75, -60, -71]), ('b8:27:eb:cd:4b:81', [-56, -64, -59, -59, -65, -66, -53, -62, -65]), ('b8:27:eb:ee:32:b8', [-59, -59, -76, -78, -79, -75, -73]), ('b8:27:eb:e7:50:37', [-72, -96, -94, -81, -83, -89, -84]), ('b8:27:eb:63:a1:e3', [-87, -71, -76, -94, -63, -82, -78, -77, -80])]
08:54:28.512825,(-78,-66,-84),(-71,-63,-79),(-58,-47,-66),(-75,-58,-81),(-81,-73,-89),(-76,-65,-89)
[('b8:27:eb:b6:43:f8', [-74, -80, -79, -66, -82, -84, -79, -77]), ('b8:27:eb:d3:4c:7f', [-79, -63, -68, -72, -65, -74, -76]), ('b8:27:eb:cd:4b:81', [-60, -60, -55, -56, -47, -60, -66, -63, -53]), ('b8:27:eb:ee:32:b8', [-76, -58, -75, -72, -79, -72, -81, -80]), ('b8:27:eb:e7:50:37', [-75, -73, -84, -89]), ('b8:27:eb:63:a1:e3', [-81, -81, -65, -75, -75, -67, -89, -75])]
08:54:30.479383,(-80,-69,-92),(-76,-70,-79),(-62,-52,-73),(-76,-58,-89),(-78,-65,-89),(-76,-63,-87)
[('b8:27:eb:b6:43:f8', [-69, -85, -73, -80, -79, -92]), ('b8:27:eb:d3:4c:7f', [-70, -79, -77]), ('b8:27:eb:cd:4b:81', [-52, -69, -66, -73, -59, -64, -57, -53]), ('b8:27:eb:ee:32:b8', [-89, -76, -87, -67, -58]), ('b8:27:eb:e7:50:37', [-82, -89, -65, -84, -85, -67, -74]), ('b8:27:eb:63:a1:e3', [-71, -78, -71, -75, -84, -76, -87, -63])]
08:54:32.388972,(-89,-83,-93),(-76,-60,-87),(-70,-61,-73),(-69,-58,-80),(-75,-62,-84),(-75,-57,-85)
[('b8:27:eb:b6:43:f8', [-89, -88, -93, -83, -89, -87]), ('b8:27:eb:d3:4c:7f', [-60, -72, -81, -77, -87]), ('b8:27:eb:cd:4b:81', [-70, -69, -72, -61, -73, -72, -70]), ('b8:27:eb:ee:32:b8', [-62, -58, -71, -63, -58, -74, -80, -80]), ('b8:27:eb:e7:50:37', [-77, -80, -62, -84, -74, -72]), ('b8:27:eb:63:a1:e3', [-80, -72, -72, -85, -78, -57, -79])]
