08:54:46.003461,(-87,-77,-95),(-78,-66,-88),(-63,-47,-73),(-81,-71,-94),(-75,-61,-86),(-77,-59,-89)
[('b8:27:eb:b6:43:f8', [-77, -95, -86, -81, -93, -86, -85]), ('b8:27:eb:d3:4c:7f', [-88, -66, -67, -83, -77, -78, -79, -76, -78, -80]), ('b8:27:eb:cd:4b:81', [-47, -67, -73, -68, -72, -49]), ('b8:27:eb:ee:32:b8', [-94, -83, -71, -82, -76, -81, -79]), ('b8:27:eb:e7:50:37', [-76, -74, -84, -70, -73, -86, -61, -75]), ('b8:27:eb:63:a1:e3', [-78, -75, -87, -83, -59, -61, -89, -84])]
08:54:47.905908,(-85,-79,-90),(-76,-66,-82),(-66,-49,-79),(-75,-63,-80),(-79,-67,-92),(-85,-78,-91)
[('b8:27:eb:b6:43:f8', [-86, -79, -90, -85]), ('b8:27:eb:d3:4c:7f', [-66, -76, -77, -71, -81, -82, -80, -70]), ('b8:27:eb:cd:4b:81', [-66, -67, -69, -66, -49, -61, -67, -64, -79]), ('b8:27:eb:ee:32:b8', [-79, -76, -63, -80, -80, -78, -69, -67, -76]), ('b8:27:eb:e7:50:37', [-77, -71, -86, -67, -75, -70, -90, -92]), ('b8:27:eb:63:a1:e3', [-89, -78, -84, -82, -91, -82])]
08:54:49.834518,(-86,-74,-96),(-81,-72,-95),(-67,-47,-82),(-71,-56,-83),(-81,-75,-91),(-77,-67,-81)
[('b8:27:eb:b6:43:f8', [-96, -89, -91, -81, -74, -85]), ('b8:27:eb:d3:4c:7f', [-72, -74, -78, -95, -81, -86, -84, -78]), ('b8:27:eb:cd:4b:81', [-55, -80, -64, -67, -68, -82, -67, -72, -47]), ('b8:27:eb:ee:32:b8', [-76, -69, -67, -59, -83, -82, -70, -56, -72]), ('b8:27:eb:e7:50:37', [-83, -91, -84, -76, -85, -75, -77, -78, -82, -78]), ('b8:27:eb:63:a1:e3', [-71, -81, -67, -81, -76, -81, -76])]
08:54:51.740044,(-95,-90,-100),(-80,-68,-90),(-69,-57,-81),(-64,-51,-70),(-74,-58,-81),(-71,-62,-79)
[('b8:27:eb:b6:43:f8', [-94, -96, -100, -90]), ('b8:27:eb:d3:4c:7f', [-75, -84, -73, -89, -90, -68, -78]), ('b8:27:eb:cd:4b:81', [-66, -72, -81, -57, -75, -66, -65, -67]), ('b8:27:eb:ee:32:b8', [-70, -70, -51, -59, -60, -65, -68]), ('b8:27:eb:e7:50:37', [-58, -81, -79, -79, -78, -73, -72, -77, -67]), ('b8:27:eb:63:a1:e3', [-69, -67, -62, -79, -68, -78])]
08:54:53.650528,(-89,-77,-93),(-80,-69,-90),(-68,-56,-76),(-70,-62,-77),(-79,-73,-87),(-69,-57,-83)
[('b8:27:eb:b6:43:f8', [-92, -91, -91, -88, -93, -87, -88, -77]), ('b8:27:eb:d3:4c:7f', [-79, -69, -90, -85, -72, -83]), ('b8:27:eb:cd:4b:81', [-70, -66, -76, -66, -68, -56, -70, -66, -68]), ('b8:27:eb:ee:32:b8', [-67, -70, -73, -62, -77]), ('b8:27:eb:e7:50:37', [-73, -80, -78, -74, -80, -87]), ('b8:27:eb:63:a1:e3', [-67, -83, -66, -57, -67, -62, -74, -71])]
08:54:55.548021,(-93,-90,-95),(-82,-73,-89),(-70,-62,-76),(-72,-66,-78),(-78,-65,-81),(-72,-61,-79)
[('b8:27:eb:b6:43:f8', [-94, -95, -93, -90]), ('b8:27:eb:d3:4c:7f', [-88, -73, -83, -89, -76]), ('b8:27:eb:cd:4b:81', [-62, -67, -73, -75, -76, -73, -62]), ('b8:27:eb:ee:32:b8', [-67, -75, -78, -66, -70, -67, -67, -75, -75]), ('b8:27:eb:e7:50:37', [-77, -65, -81, -81, -81, -80, -78]), ('b8:27:eb:63:a1:e3', [-61, -71, -76, -74, -75, -70, -69, -79])]
08:54:57.473591,(-89,-77,-95),(-81,-67,-88),(-69,-56,-87),(-73,-66,-83),(-79,-62,-89),(-76,-67,-82)
[('b8:27:eb:b6:43:f8', [-95, -77, -95]), ('b8:27:eb:d3:4c:7f', [-73, -87, -67, -83, -77, -88, -79, -88, -83, -79]), ('b8:27:eb:cd:4b:81', [-56, -73, -72, -56, -67, -73, -61, -87]), ('b8:27:eb:ee:32:b8', [-69, -71, -73, -74, -69, -67, -82, -83, -66]), ('b8:27:eb:e7:50:37', [-77, -77, -78, -79, -83, -86, -62, -76, -89, -76]), ('b8:27:eb:63:a1:e3', [-77, -69, -76, -67, -82, -78, -76, -80, -79])]
08:54:59.363346,(-90,-82,-99),(-81,-73,-91),(-66,-53,-73),(-66,-53,-71),(-74,-68,-85),(-78,-71,-83)
[('b8:27:eb:b6:43:f8', [-99, -86, -94, -82, -88, -91]), ('b8:27:eb:d3:4c:7f', [-84, -91, -76, -73, -82, -81, -77]), ('b8:27:eb:cd:4b:81', [-70, -70, -71, -64, -72, -73, -56, -67, -56, -53]), ('b8:27:eb:ee:32:b8', [-70, -64, -71, -60, -68, -68, -53, -67, -69]), ('b8:27:eb:e7:50:37', [-75, -75, -85, -68, -72, -71, -69]), ('b8:27:eb:63:a1:e3', [-77, -74, -83, -71, -82, -79, -77])]
08:55:01.300441,(-90,-89,-91),(-84,-68,-93),(-68,-57,-84),(-70,-65,-76),(-79,-54,-88),(-69,-54,-77)
[('b8:27:eb:b6:43:f8', [-89, -91, -89]), ('b8:27:eb:d3:4c:7f', [-91, -83, -83, -93, -68, -73, -86, -88]), ('b8:27:eb:cd:4b:81', [-69, -62, -67, -84, -67, -57, -71, -59, -74]), ('b8:27:eb:ee:32:b8', [-70, -70, -76, -74, -65, -65, -70, -67]), ('b8:27:eb:e7:50:37', [-88, -78, -54, -72, -88, -82, -81, -84]), ('b8:27:eb:63:a1:e3', [-73, -76, -68, -54, -71, -73, -77, -58])]
08:55:03.208897,(-95,-91,-98),(-83,-71,-94),(-76,-71,-81),(-67,-45,-88),(-80,-76,-82),(-73,-59,-80)
[('b8:27:eb:b6:43:f8', [-93, -95, -91, -98, -96]), ('b8:27:eb:d3:4c:7f', [-86, -86, -94, -71, -82, -78]), ('b8:27:eb:cd:4b:81', [-76, -71, -71, -75, -75, -78, -81, -75, -78]), ('b8:27:eb:ee:32:b8', [-57, -58, -67, -82, -55, -45, -71, -88, -79]), ('b8:27:eb:e7:50:37', [-82, -76, -81, -79]), ('b8:27:eb:63:a1:e3', [-59, -74, -69, -80, -75, -78])]
08:55:05.102806,(-95,-94,-95),(-84,-77,-93),(-72,-61,-85),(-67,-50,-72),(-80,-72,-86),(-76,-64,-85)
[('b8:27:eb:b6:43:f8', [-94, -95]), ('b8:27:eb:d3:4c:7f', [-86, -83, -77, -81, -93, -83, -85]), ('b8:27:eb:cd:4b:81', [-61, -71, -72, -65, -78, -85]), ('b8:27:eb:ee:32:b8', [-70, -71, -71, -59, -66, -71, -68, -72, -50]), ('b8:27:eb:e7:50:37', [-75, -86, -81, -85, -82, -72, -78, -80]), ('b8:27:eb:63:a1:e3', [-85, -74, -64, -76, -75, -74, -80, -77])]
08:55:06.988757,(-92,-81,-99),(-76,-62,-86),(-64,-51,-75),(-59,-52,-69),(-83,-77,-94),(-76,-56,-88)
[('b8:27:eb:b6:43:f8', [-92, -81, -99, -93, -88, -98]), ('b8:27:eb:d3:4c:7f', [-86, -79, -64, -84, -67, -78, -62, -81]), ('b8:27:eb:cd:4b:81', [-55, -69, -51, -74, -63, -58, -75]), ('b8:27:eb:ee:32:b8', [-69, -53, -57, -64, -59, -52, -64, -54]), ('b8:27:eb:e7:50:37', [-80, -79, -94, -79, -77, -79, -92]), ('b8:27:eb:63:a1:e3', [-85, -56, -71, -73, -70, -85, -69, -88, -79])]
08:55:08.875451,(-91,-79,-101),(-81,-72,-87),(-65,-48,-78),(-62,-55,-68),(-82,-73,-95),(-71,-63,-76)
[('b8:27:eb:b6:43:f8', [-94, -79, -89, -101, -88, -91, -94]), ('b8:27:eb:d3:4c:7f', [-87, -80, -77, -74, -87, -72, -85]), ('b8:27:eb:cd:4b:81', [-73, -78, -69, -56, -53, -48, -69, -61, -70]), ('b8:27:eb:ee:32:b8', [-65, -68, -62, -57, -55, -61, -61]), ('b8:27:eb:e7:50:37', [-90, -77, -78, -86, -95, -74, -81, -73]), ('b8:27:eb:63:a1:e3', [-68, -69, -73, -73, -76, -69, -73, -63])]
08:55:10.789552,(-86,-77,-93),(-84,-66,-96),(-75,-65,-86),(-58,-48,-68),(-78,-67,-87),(-73,-58,-87)
[('b8:27:eb:b6:43:f8', [-88, -85, -77, -93]), ('b8:27:eb:d3:4c:7f', [-66, -79, -85, -91, -96, -85, -85]), ('b8:27:eb:cd:4b:81', [-66, -67, -79, -69, -86, -77, -69, -83, -65, -81]), ('b8:27:eb:ee:32:b8', [-52, -68, -52, -64, -68, -51, -48]), ('b8:27:eb:e7:50:37', [-77, -69, -67, -71, -86, -87, -80, -85]), ('b8:27:eb:63:a1:e3', [-58, -71, -75, -87, -72, -74])]
08:55:12.713827,(-96,-93,-98),(-85,-73,-101),(-76,-69,-85),(-64,-48,-74),(-78,-67,-93),(-70,-62,-73)
[('b8:27:eb:b6:43:f8', [-95, -98, -97, -93]), ('b8:27:eb:d3:4c:7f', [-79, -79, -101, -73, -83, -90, -85, -85]), ('b8:27:eb:cd:4b:81', [-69, -81, -69, -85, -80, -73, -71]), ('b8:27:eb:ee:32:b8', [-67, -64, -66, -64, -74, -48, -61]), ('b8:27:eb:e7:50:37', [-67, -80, -76, -70, -68, -81, -83, -93, -82]), ('b8:27:eb:63:a1:e3', [-62, -72, -62, -71, -72, -73, -73])]
08:55:14.651427,(-89,-86,-90),(-84,-74,-96),(-70,-62,-76),(-55,-40,-66),(-78,-71,-82),(-73,-65,-84)
[('b8:27:eb:b6:43:f8', [-90, -89, -86]), ('b8:27:eb:d3:4c:7f', [-89, -74, -96, -82, -74, -86]), ('b8:27:eb:cd:4b:81', [-71, -72, -67, -76, -62, -74, -62, -69, -75]), ('b8:27:eb:ee:32:b8', [-45, -40, -56, -54, -56, -65, -54, -66]), ('b8:27:eb:e7:50:37', [-80, -71, -82, -77, -74, -78, -78, -80, -76]), ('b8:27:eb:63:a1:e3', [-73, -84, -74, -72, -77, -74, -66, -65, -71])]
08:55:16.537988,(-93,-87,-98),(-84,-62,-97),(-65,-51,-71),(-71,-65,-83),(-74,-64,-84),(-70,-51,-77)
[('b8:27:eb:b6:43:f8', [-90, -92, -98, -94, -87, -94]), ('b8:27:eb:d3:4c:7f', [-84, -62, -77, -77, -91, -91, -97, -86]), ('b8:27:eb:cd:4b:81', [-62, -51, -68, -68, -71, -70, -63, -67, -63, -64]), ('b8:27:eb:ee:32:b8', [-78, -65, -65, -67, -67, -83, -72]), ('b8:27:eb:e7:50:37', [-73, -84, -76, -64, -70, -68, -77]), ('b8:27:eb:63:a1:e3', [-77, -72, -71, -64, -51, -72, -76, -77])]
08:55:18.426830,(-88,-81,-96),(-87,-74,-95),(-70,-62,-76),(-71,-56,-76),(-81,-75,-90),(-75,-68,-86)
[('b8:27:eb:b6:43:f8', [-90, -96, -81, -85]), ('b8:27:eb:d3:4c:7f', [-90, -82, -74, -95, -90]), ('b8:27:eb:cd:4b:81', [-72, -64, -74, -62, -76, -63, -71, -74]), ('b8:27:eb:ee:32:b8', [-56, -74, -76, -76, -72]), ('b8:27:eb:e7:50:37', [-80, -90, -75, -78, -88, -80, -78, -77]), ('b8:27:eb:63:a1:e3', [-69, -68, -81, -86, -68])]
08:55:20.318168,(-91,-81,-97),(-71,-66,-74),(-65,-56,-75),(-70,-61,-81),(-83,-76,-92),(-79,-71,-94)
[('b8:27:eb:b6:43:f8', [-97, -92, -95, -94, -81, -89, -85, -92]), ('b8:27:eb:d3:4c:7f', [-74, -71, -73, -66]), ('b8:27:eb:cd:4b:81', [-57, -56, -67, -59, -71, -68, -75]), ('b8:27:eb:ee:32:b8', [-73, -81, -61, -63, -69, -74, -73, -62]), ('b8:27:eb:e7:50:37', [-76, -80, -91, -79, -78, -81, -92]), ('b8:27:eb:63:a1:e3', [-94, -71, -78, -77, -74])]
08:55:22.225217,(-86,-70,-98),(-77,-66,-83),(-67,-53,-73),(-69,-53,-76),(-80,-62,-97),(-74,-60,-86)
[('b8:27:eb:b6:43:f8', [-98, -70, -81, -89, -85, -87, -88, -86]), ('b8:27:eb:d3:4c:7f', [-70, -77, -83, -66, -73, -81, -83]), ('b8:27:eb:cd:4b:81', [-66, -66, -73, -53, -68, -68, -66, -70]), ('b8:27:eb:ee:32:b8', [-71, -69, -76, -72, -58, -73, -73, -53]), ('b8:27:eb:e7:50:37', [-77, -91, -79, -62, -74, -97]), ('b8:27:eb:63:a1:e3', [-75, -78, -86, -85, -68, -68, -60, -72])]
08:55:24.130132,(-94,-86,-98),(-84,-67,-98),(-70,-55,-77),(-65,-54,-84),(-75,-66,-82),(-71,-58,-77)
[('b8:27:eb:b6:43:f8', [-86, -98, -91, -98, -90, -95, -95]), ('b8:27:eb:d3:4c:7f', [-72, -98, -81, -80, -81, -92, -93, -88, -67]), ('b8:27:eb:cd:4b:81', [-73, -61, -55, -71, -77, -75, -76, -69]), ('b8:27:eb:ee:32:b8', [-54, -70, -58, -84, -59]), ('b8:27:eb:e7:50:37', [-70, -73, -75, -66, -69, -76, -77, -82, -79]), ('b8:27:eb:63:a1:e3', [-58, -77, -74, -61, -75, -72, -74])]
08:55:26.067115,(-91,-83,-98),(-85,-80,-91),(-77,-57,-91),(-69,-54,-84),(-82,-68,-90),(-75,-62,-83)
[('b8:27:eb:b6:43:f8', [-90, -98, -85, -83, -91, -95]), ('b8:27:eb:d3:4c:7f', [-91, -91, -87, -80, -83, -83, -80]), ('b8:27:eb:cd:4b:81', [-91, -72, -84, -57, -87, -71, -68, -74, -81, -77]), ('b8:27:eb:ee:32:b8', [-74, -57, -67, -76, -84, -76, -54, -61]), ('b8:27:eb:e7:50:37', [-78, -68, -79, -90, -85, -88, -85]), ('b8:27:eb:63:a1:e3', [-78, -77, -62, -82, -74, -69, -73, -74, -83, -77])]
08:55:27.974384,(-95,-90,-99),(-81,-61,-92),(-73,-58,-88),(-61,-50,-66),(-80,-77,-82),(-71,-61,-81)
[('b8:27:eb:b6:43:f8', [-99, -94, -95, -90]), ('b8:27:eb:d3:4c:7f', [-84, -61, -71, -88, -92, -83, -84, -66, -92]), ('b8:27:eb:cd:4b:81', [-81, -73, -69, -74, -88, -58, -58, -83]), ('b8:27:eb:ee:32:b8', [-66, -65, -60, -58, -56, -50, -66]), ('b8:27:eb:e7:50:37', [-77, -82, -80, -79, -81, -79, -79]), ('b8:27:eb:63:a1:e3', [-75, -77, -71, -71, -65, -61, -70, -61, -81])]
08:55:29.868830,(-90,-85,-98),(-79,-62,-86),(-66,-51,-73),(-73,-53,-84),(-78,-63,-88),(-68,-52,-72)
[('b8:27:eb:b6:43:f8', [-87, -98, -94, -85, -90, -86]), ('b8:27:eb:d3:4c:7f', [-84, -70, -80, -86, -79, -62, -77, -80, -83, -80]), ('b8:27:eb:cd:4b:81', [-67, -69, -73, -63, -51, -64, -53, -72, -72, -72]), ('b8:27:eb:ee:32:b8', [-70, -66, -53, -71, -83, -75, -84, -75]), ('b8:27:eb:e7:50:37', [-77, -85, -88, -76, -84, -68, -80, -63]), ('b8:27:eb:63:a1:e3', [-72, -68, -71, -70, -70, -52, -67, -70])]
08:55:31.808367,(-93,-91,-96),(-81,-72,-87),(-65,-52,-73),(-78,-68,-87),(-81,-68,-96),(-76,-71,-86)
[('b8:27:eb:b6:43:f8', [-92, -91, -92, -96]), ('b8:27:eb:d3:4c:7f', [-72, -78, -86, -86, -87, -80, -80, -76]), ('b8:27:eb:cd:4b:81', [-72, -68, -66, -52, -60, -73, -56, -70]), ('b8:27:eb:ee:32:b8', [-87, -86, -68, -68, -77, -85, -77, -78, -75]), ('b8:27:eb:e7:50:37', [-86, -68, -86, -87, -77, -96, -75, -71]), ('b8:27:eb:63:a1:e3', [-77, -71, -77, -71, -76, -77, -71, -86, -76])]
08:55:33.705568,(-90,-86,-93),(-77,-62,-85),(-61,-49,-68),(-74,-56,-82),(-80,-76,-82),(-76,-68,-81)
[('b8:27:eb:b6:43:f8', [-93, -86, -86, -93]), ('b8:27:eb:d3:4c:7f', [-62, -82, -78, -84, -76, -65, -80, -77, -85]), ('b8:27:eb:cd:4b:81', [-66, -49, -67, -52, -52, -63, -64, -68]), ('b8:27:eb:ee:32:b8', [-75, -75, -75, -77, -82, -82, -81, -58, -56, -71]), ('b8:27:eb:e7:50:37', [-76, -82, -77, -81, -82]), ('b8:27:eb:63:a1:e3', [-77, -70, -79, -73, -81, -81, -74, -68])]
08:55:35.611233,(-89,-86,-91),(-82,-61,-93),(-68,-53,-79),(-67,-51,-83),(-77,-66,-87),(-75,-69,-80)
[('b8:27:eb:b6:43:f8', [-87, -86, -90, -91, -88]), ('b8:27:eb:d3:4c:7f', [-86, -61, -77, -75, -93, -92, -87, -84]), ('b8:27:eb:cd:4b:81', [-68, -53, -64, -61, -71, -71, -79, -76]), ('b8:27:eb:ee:32:b8', [-69, -83, -70, -55, -75, -73, -51, -55]), ('b8:27:eb:e7:50:37', [-75, -87, -77, -78, -77, -79, -66]), ('b8:27:eb:63:a1:e3', [-80, -69, -79, -73, -72])]
08:55:37.532956,(-93,-87,-96),(-80,-66,-86),(-78,-67,-86),(-68,-51,-91),(-80,-71,-86),(-78,-74,-87)
[('b8:27:eb:b6:43:f8', [-94, -87, -96]), ('b8:27:eb:d3:4c:7f', [-80, -66, -80, -83, -81, -86, -81, -78]), ('b8:27:eb:cd:4b:81', [-80, -67, -80, -73, -83, -75, -75, -86]), ('b8:27:eb:ee:32:b8', [-91, -51, -70, -54, -73, -68]), ('b8:27:eb:e7:50:37', [-82, -78, -81, -81, -84, -71, -71, -86]), ('b8:27:eb:63:a1:e3', [-75, -77, -87, -79, -77, -78, -74, -74])]
08:55:39.455186,(-92,-86,-96),(-85,-74,-97),(-80,-70,-86),(-66,-54,-77),(-79,-69,-87),(-76,-69,-89)
[('b8:27:eb:b6:43:f8', [-95, -88, -96, -93, -86, -92]), ('b8:27:eb:d3:4c:7f', [-82, -83, -97, -74, -81, -90, -86, -77, -91]), ('b8:27:eb:cd:4b:81', [-80, -70, -75, -79, -83, -79, -84, -86, -77]), ('b8:27:eb:ee:32:b8', [-64, -66, -67, -77, -54]), ('b8:27:eb:e7:50:37', [-69, -85, -87, -78, -85, -74, -74]), ('b8:27:eb:63:a1:e3', [-71, -77, -89, -74, -78, -69, -74])]
08:55:41.365743,(-95,-83,-100),(-86,-69,-103),(-75,-61,-84),(-60,-54,-66),(-76,-58,-87),(-72,-56,-80)
[('b8:27:eb:b6:43:f8', [-100, -83, -100]), ('b8:27:eb:d3:4c:7f', [-89, -103, -90, -78, -87, -69]), ('b8:27:eb:cd:4b:81', [-61, -77, -80, -69, -74, -78, -71, -84, -77]), ('b8:27:eb:ee:32:b8', [-66, -54, -57, -60, -59]), ('b8:27:eb:e7:50:37', [-67, -81, -78, -67, -80, -87, -75, -87, -58]), ('b8:27:eb:63:a1:e3', [-56, -80, -79])]
08:55:43.265688,(-88,-81,-94),(-84,-76,-93),(-70,-64,-77),(-62,-48,-71),(-77,-72,-80),(-71,-51,-80)
[('b8:27:eb:b6:43:f8', [-88, -94, -81]), ('b8:27:eb:d3:4c:7f', [-82, -82, -93, -76, -77, -79, -90, -86]), ('b8:27:eb:cd:4b:81', [-67, -77, -70, -74, -66, -64, -64, -72]), ('b8:27:eb:ee:32:b8', [-57, -48, -56, -57, -71, -69, -71]), ('b8:27:eb:e7:50:37', [-74, -72, -75, -79, -78, -78, -80]), ('b8:27:eb:63:a1:e3', [-73, -72, -70, -80, -75, -75, -51])]
08:55:45.175949,(-87,-83,-88),(-80,-70,-94),(-69,-55,-87),(-66,-55,-74),(-79,-65,-86),(-60,-46,-72)
[('b8:27:eb:b6:43:f8', [-83, -88, -87, -87]), ('b8:27:eb:d3:4c:7f', [-70, -77, -76, -71, -94, -77, -92, -77]), ('b8:27:eb:cd:4b:81', [-73, -87, -72, -66, -75, -66, -55, -55, -67]), ('b8:27:eb:ee:32:b8', [-68, -55, -74, -61, -70, -72, -61]), ('b8:27:eb:e7:50:37', [-74, -86, -86, -76, -65, -76, -85, -81]), ('b8:27:eb:63:a1:e3', [-64, -49, -56, -46, -67, -55, -68, -72])]
08:55:47.101930,(-86,-77,-90),(-77,-59,-90),(-63,-50,-72),(-66,-51,-78),(-76,-66,-84),(-69,-54,-79)
[('b8:27:eb:b6:43:f8', [-89, -84, -77, -89, -90]), ('b8:27:eb:d3:4c:7f', [-80, -59, -83, -81, -75, -80, -90, -64]), ('b8:27:eb:cd:4b:81', [-66, -50, -51, -54, -67, -66, -72, -68, -69]), ('b8:27:eb:ee:32:b8', [-71, -77, -71, -56, -58, -65, -51, -78]), ('b8:27:eb:e7:50:37', [-77, -74, -75, -78, -66, -78, -72, -72, -84]), ('b8:27:eb:63:a1:e3', [-74, -56, -54, -66, -79, -78, -76])]
08:55:49.071923,(-88,-81,-94),(-82,-72,-90),(-65,-51,-75),(-78,-72,-85),(-76,-68,-81),(-79,-72,-92)
[('b8:27:eb:b6:43:f8', [-88, -88, -85, -94, -81, -89]), ('b8:27:eb:d3:4c:7f', [-83, -81, -90, -86, -72, -77, -84, -80]), ('b8:27:eb:cd:4b:81', [-64, -68, -75, -62, -74, -67, -51, -60, -72, -57]), ('b8:27:eb:ee:32:b8', [-80, -85, -75, -78, -83, -72, -76, -72]), ('b8:27:eb:e7:50:37', [-78, -71, -81, -68, -81]), ('b8:27:eb:63:a1:e3', [-82, -78, -72, -72, -84, -92, -74, -82, -72])]
08:55:50.993476,(-92,-80,-100),(-81,-74,-90),(-70,-57,-77),(-66,-56,-77),(-75,-67,-82),(-79,-67,-89)
[('b8:27:eb:b6:43:f8', [-86, -89, -96, -80, -94, -100, -92, -89, -97]), ('b8:27:eb:d3:4c:7f', [-79, -74, -77, -90, -75, -84, -84, -81]), ('b8:27:eb:cd:4b:81', [-77, -72, -70, -57, -67, -74, -67, -70]), ('b8:27:eb:ee:32:b8', [-68, -77, -59, -63, -74, -57, -70, -66, -56]), ('b8:27:eb:e7:50:37', [-73, -70, -81, -82, -67]), ('b8:27:eb:63:a1:e3', [-67, -83, -87, -89, -76, -69, -75, -79])]
08:55:52.924912,(-91,-85,-95),(-83,-73,-88),(-69,-48,-81),(-62,-52,-70),(-74,-56,-81),(-78,-61,-88)
[('b8:27:eb:b6:43:f8', [-91, -85, -93, -95, -89]), ('b8:27:eb:d3:4c:7f', [-88, -81, -84, -73, -78, -87, -79, -87]), ('b8:27:eb:cd:4b:81', [-48, -81, -55, -70, -74, -77, -71, -75]), ('b8:27:eb:ee:32:b8', [-52, -66, -53, -55, -67, -67, -70, -59]), ('b8:27:eb:e7:50:37', [-81, -71, -71, -75, -56, -78, -81, -73, -72]), ('b8:27:eb:63:a1:e3', [-88, -61, -81, -82, -88, -77, -71, -70, -77])]
08:55:54.852943,(-92,-83,-97),(-85,-72,-99),(-69,-59,-83),(-64,-59,-68),(-74,-60,-82),(-76,-58,-88)
[('b8:27:eb:b6:43:f8', [-83, -94, -90, -93, -97]), ('b8:27:eb:d3:4c:7f', [-76, -84, -94, -84, -80, -72, -89, -99]), ('b8:27:eb:cd:4b:81', [-62, -74, -59, -66, -83, -69]), ('b8:27:eb:ee:32:b8', [-61, -62, -63, -64, -68, -65, -59, -64]), ('b8:27:eb:e7:50:37', [-74, -71, -77, -81, -60, -82, -77, -68, -76]), ('b8:27:eb:63:a1:e3', [-86, -84, -64, -74, -79, -88, -68, -58, -78])]
08:55:56.740279,(-88,-79,-95),(-85,-78,-88),(-76,-62,-87),(-61,-42,-69),(-76,-68,-86),(-69,-56,-78)
[('b8:27:eb:b6:43:f8', [-95, -89, -86, -79]), ('b8:27:eb:d3:4c:7f', [-78, -87, -88]), ('b8:27:eb:cd:4b:81', [-84, -77, -73, -87, -78, -73, -75, -78, -72, -62]), ('b8:27:eb:ee:32:b8', [-66, -69, -62, -42, -63, -62, -58]), ('b8:27:eb:e7:50:37', [-86, -73, -79, -68, -71]), ('b8:27:eb:63:a1:e3', [-64, -69, -70, -71, -67, -56, -63, -77, -78])]
08:55:58.637072,(-96,-88,-102),(-82,-78,-88),(-72,-55,-90),(-66,-57,-71),(-80,-71,-84),(-79,-72,-84)
[('b8:27:eb:b6:43:f8', [-95, -98, -96, -102, -88]), ('b8:27:eb:d3:4c:7f', [-81, -83, -82, -79, -88, -78]), ('b8:27:eb:cd:4b:81', [-90, -55, -80, -68, -86, -71, -55, -71, -68, -74]), ('b8:27:eb:ee:32:b8', [-64, -67, -70, -64, -63, -71, -57]), ('b8:27:eb:e7:50:37', [-81, -78, -80, -71, -84, -82]), ('b8:27:eb:63:a1:e3', [-84, -83, -72, -72, -79, -77, -83, -78])]
08:56:00.564760,(-90,-82,-94),(-76,-69,-90),(-73,-68,-79),(-69,-65,-75),(-79,-69,-89),(-71,-55,-80)
[('b8:27:eb:b6:43:f8', [-94, -88, -93, -82, -94, -84]), ('b8:27:eb:d3:4c:7f', [-81, -69, -83, -69, -69, -69, -90, -79, -74]), ('b8:27:eb:cd:4b:81', [-79, -71, -72, -73, -75, -68, -72]), ('b8:27:eb:ee:32:b8', [-65, -71, -69, -65, -75, -68, -69]), ('b8:27:eb:e7:50:37', [-89, -72, -84, -85, -85, -74, -80, -69, -70]), ('b8:27:eb:63:a1:e3', [-80, -72, -71, -73, -69, -70, -55, -75, -72])]
08:56:02.482794,(-89,-82,-95),(-77,-66,-87),(-68,-55,-74),(-73,-53,-93),(-75,-58,-84),(-73,-53,-98)
[('b8:27:eb:b6:43:f8', [-85, -94, -83, -92, -82, -95]), ('b8:27:eb:d3:4c:7f', [-66, -82, -76, -87, -72, -78]), ('b8:27:eb:cd:4b:81', [-71, -71, -74, -59, -68, -70, -74, -55, -66]), ('b8:27:eb:ee:32:b8', [-53, -93, -72, -73, -71]), ('b8:27:eb:e7:50:37', [-80, -84, -77, -58, -79, -69, -72, -73, -80, -75]), ('b8:27:eb:63:a1:e3', [-53, -67, -71, -72, -98, -76, -75, -67])]
08:56:04.413882,(-89,-82,-95),(-81,-78,-84),(-75,-64,-84),(-65,-61,-70),(-74,-67,-84),(-76,-67,-85)
[('b8:27:eb:b6:43:f8', [-85, -88, -82, -86, -95, -87, -92, -95]), ('b8:27:eb:d3:4c:7f', [-82, -78, -78, -84, -80]), ('b8:27:eb:cd:4b:81', [-73, -78, -73, -84, -72, -64, -76]), ('b8:27:eb:ee:32:b8', [-70, -63, -61, -68, -62]), ('b8:27:eb:e7:50:37', [-67, -76, -73, -68, -84, -77, -68, -75, -78]), ('b8:27:eb:63:a1:e3', [-69, -78, -85, -77, -67, -76, -79, -77, -77, -73])]
08:56:06.348361,(-91,-82,-97),(-79,-71,-92),(-65,-55,-70),(-84,-72,-99),(-75,-66,-88),(-72,-63,-78)
[('b8:27:eb:b6:43:f8', [-97, -82, -92, -95, -91, -82, -92]), ('b8:27:eb:d3:4c:7f', [-92, -72, -73, -71, -87, -77, -77, -83]), ('b8:27:eb:cd:4b:81', [-68, -62, -59, -68, -70, -67, -55, -68]), ('b8:27:eb:ee:32:b8', [-90, -79, -82, -87, -99, -82, -81, -72]), ('b8:27:eb:e7:50:37', [-76, -73, -66, -70, -72, -74, -88, -74]), ('b8:27:eb:63:a1:e3', [-63, -72, -71, -72, -71, -72, -72, -78])]
08:56:08.265276,(-86,-76,-91),(-82,-72,-92),(-71,-67,-75),(-68,-55,-74),(-82,-72,-91),(-74,-72,-75)
[('b8:27:eb:b6:43:f8', [-88, -87, -87, -84, -91, -89, -76]), ('b8:27:eb:d3:4c:7f', [-79, -83, -72, -81, -81, -92]), ('b8:27:eb:cd:4b:81', [-72, -72, -67, -74, -68, -75, -68]), ('b8:27:eb:ee:32:b8', [-71, -71, -55, -70, -61, -74, -73]), ('b8:27:eb:e7:50:37', [-85, -85, -91, -72, -79, -82, -79, -79, -82, -82]), ('b8:27:eb:63:a1:e3', [-75, -74, -72, -73, -74])]
08:56:10.152943,(-88,-88,-88),(-83,-75,-88),(-76,-57,-88),(-68,-50,-80),(-77,-58,-101),(-82,-74,-93)
[('b8:27:eb:b6:43:f8', [-88]), ('b8:27:eb:d3:4c:7f', [-86, -80, -86, -80, -88, -75]), ('b8:27:eb:cd:4b:81', [-72, -73, -76, -57, -74, -83, -75, -73, -80, -88]), ('b8:27:eb:ee:32:b8', [-80, -61, -80, -72, -69, -50, -68, -67, -63]), ('b8:27:eb:e7:50:37', [-68, -62, -73, -93, -58, -87, -70, -80, -101]), ('b8:27:eb:63:a1:e3', [-81, -74, -78, -93, -83])]
08:56:12.055326,(-91,-87,-96),(-80,-67,-85),(-78,-63,-95),(-67,-61,-71),(-74,-63,-83),(-77,-73,-82)
[('b8:27:eb:b6:43:f8', [-96, -87, -90]), ('b8:27:eb:d3:4c:7f', [-84, -67, -74, -85, -82, -85]), ('b8:27:eb:cd:4b:81', [-95, -84, -78, -72, -63, -72, -79, -86, -71, -74]), ('b8:27:eb:ee:32:b8', [-64, -67, -71, -64, -69, -67, -61]), ('b8:27:eb:e7:50:37', [-76, -70, -70, -63, -78, -83, -73, -75]), ('b8:27:eb:63:a1:e3', [-73, -78, -82, -73, -75])]
08:56:13.978270,(-88,-82,-92),(-86,-77,-93),(-77,-68,-82),(-65,-58,-75),(-82,-76,-87),(-70,-60,-81)
[('b8:27:eb:b6:43:f8', [-84, -89, -82, -92, -92]), ('b8:27:eb:d3:4c:7f', [-89, -77, -93, -82, -86, -83, -88]), ('b8:27:eb:cd:4b:81', [-78, -76, -82, -77, -68]), ('b8:27:eb:ee:32:b8', [-63, -65, -75, -65, -65, -62, -58]), ('b8:27:eb:e7:50:37', [-87, -76, -77, -80, -82, -87, -82, -83]), ('b8:27:eb:63:a1:e3', [-73, -74, -62, -81, -60, -63, -71, -76])]
08:56:15.908739,(-98,-93,-102),(-86,-71,-96),(-75,-55,-84),(-64,-47,-75),(-82,-73,-92),(-76,-71,-83)
[('b8:27:eb:b6:43:f8', [-98, -93, -102, -99]), ('b8:27:eb:d3:4c:7f', [-82, -90, -88, -71, -96]), ('b8:27:eb:cd:4b:81', [-78, -82, -55, -84, -73, -76, -74, -72]), ('b8:27:eb:ee:32:b8', [-63, -68, -63, -47, -75, -70, -61]), ('b8:27:eb:e7:50:37', [-79, -75, -83, -92, -86, -83, -73, -81, -79]), ('b8:27:eb:63:a1:e3', [-72, -83, -71, -81, -77, -73, -77, -73])]
08:56:17.814196,(-91,-78,-99),(-74,-66,-89),(-73,-68,-76),(-67,-54,-85),(-81,-61,-92),(-73,-53,-93)
[('b8:27:eb:b6:43:f8', [-99, -98, -94, -90, -84, -92, -78]), ('b8:27:eb:d3:4c:7f', [-89, -74, -69, -69, -66, -78, -69, -67, -77]), ('b8:27:eb:cd:4b:81', [-73, -70, -68, -74, -76, -71, -73, -75, -71, -74]), ('b8:27:eb:ee:32:b8', [-59, -58, -57, -73, -54, -64, -70, -85, -76, -67]), ('b8:27:eb:e7:50:37', [-92, -83, -67, -71, -83, -61, -85, -89, -81, -90]), ('b8:27:eb:63:a1:e3', [-93, -85, -68, -67, -53, -72])]
08:56:19.711589,(-91,-86,-97),(-78,-62,-90),(-70,-53,-81),(-69,-52,-76),(-74,-56,-79),(-68,-51,-78)
[('b8:27:eb:b6:43:f8', [-89, -97, -94, -87, -86, -93]), ('b8:27:eb:d3:4c:7f', [-77, -77, -90, -75, -82, -78, -62, -76, -80]), ('b8:27:eb:cd:4b:81', [-70, -74, -81, -63, -73, -69, -53, -73, -72]), ('b8:27:eb:ee:32:b8', [-65, -65, -52, -69, -76, -72, -71, -70, -72, -71]), ('b8:27:eb:e7:50:37', [-74, -56, -77, -79, -74, -78, -78, -71]), ('b8:27:eb:63:a1:e3', [-74, -60, -78, -51, -73, -74, -57, -70, -74])]
08:56:21.607189,(-86,-77,-97),(-77,-66,-81),(-68,-47,-74),(-72,-62,-87),(-80,-56,-93),(-71,-62,-76)
[('b8:27:eb:b6:43:f8', [-86, -97, -77, -84]), ('b8:27:eb:d3:4c:7f', [-74, -66, -78, -81, -81, -77, -79, -79, -75]), ('b8:27:eb:cd:4b:81', [-69, -73, -67, -71, -74, -70, -72, -61, -47, -67]), ('b8:27:eb:ee:32:b8', [-68, -73, -70, -71, -72, -72, -78, -87, -62, -63]), ('b8:27:eb:e7:50:37', [-86, -82, -86, -93, -83, -87, -73, -72, -56]), ('b8:27:eb:63:a1:e3', [-76, -68, -69, -71, -62, -73, -75, -72])]
08:56:23.497460,(-90,-82,-94),(-79,-69,-83),(-63,-54,-72),(-69,-62,-78),(-65,-53,-86),(-75,-55,-83)
[('b8:27:eb:b6:43:f8', [-88, -88, -82, -94, -89, -93, -89, -91]), ('b8:27:eb:d3:4c:7f', [-76, -72, -69, -83, -79, -81, -83, -82]), ('b8:27:eb:cd:4b:81', [-67, -72, -54, -56, -59, -70, -63, -56]), ('b8:27:eb:ee:32:b8', [-68, -62, -70, -72, -62, -71, -78]), ('b8:27:eb:e7:50:37', [-53, -53, -78, -75, -55, -86, -55]), ('b8:27:eb:63:a1:e3', [-78, -73, -83, -55, -83, -80, -63, -78, -82])]
08:56:25.402787,(-92,-89,-95),(-77,-68,-84),(-66,-50,-74),(-71,-61,-79),(-81,-72,-89),(-77,-72,-83)
[('b8:27:eb:b6:43:f8', [-93, -95, -90, -89]), ('b8:27:eb:d3:4c:7f', [-84, -77, -80, -68, -74, -73, -82, -72]), ('b8:27:eb:cd:4b:81', [-71, -68, -71, -50, -74, -68, -60]), ('b8:27:eb:ee:32:b8', [-62, -61, -75, -75, -79]), ('b8:27:eb:e7:50:37', [-88, -72, -77, -89, -81, -74, -86, -79]), ('b8:27:eb:63:a1:e3', [-72, -73, -76, -77, -78, -83, -78, -73])]
08:56:27.289023,(-90,-86,-97),(-77,-67,-82),(-65,-51,-88),(-74,-71,-77),(-81,-72,-91),(-80,-58,-93)
[('b8:27:eb:b6:43:f8', [-90, -86, -97, -89, -86, -88]), ('b8:27:eb:d3:4c:7f', [-79, -72, -79, -81, -75, -78, -82, -78, -67]), ('b8:27:eb:cd:4b:81', [-63, -60, -68, -54, -88, -69, -51]), ('b8:27:eb:ee:32:b8', [-71, -71, -72, -77, -74, -77]), ('b8:27:eb:e7:50:37', [-85, -75, -91, -81, -81, -76, -83, -72]), ('b8:27:eb:63:a1:e3', [-89, -79, -80, -58, -83, -93, -73])]
08:56:29.224099,(-88,-78,-92),(-75,-67,-84),(-64,-52,-76),(-67,-52,-91),(-83,-75,-93),(-74,-57,-91)
[('b8:27:eb:b6:43:f8', [-78, -92, -89, -89, -89]), ('b8:27:eb:d3:4c:7f', [-84, -70, -67, -75, -69, -81]), ('b8:27:eb:cd:4b:81', [-52, -59, -72, -76, -60, -62]), ('b8:27:eb:ee:32:b8', [-61, -52, -72, -91, -55]), ('b8:27:eb:e7:50:37', [-86, -81, -75, -80, -93]), ('b8:27:eb:63:a1:e3', [-78, -76, -91, -70, -78, -69, -57, -65, -75])]
08:56:31.135085,(-89,-81,-92),(-77,-68,-86),(-72,-63,-86),(-75,-57,-92),(-76,-64,-82),(-71,-61,-79)
[('b8:27:eb:b6:43:f8', [-90, -87, -92, -81, -87, -88, -91, -91]), ('b8:27:eb:d3:4c:7f', [-78, -86, -68, -70, -77, -80, -72, -77, -78]), ('b8:27:eb:cd:4b:81', [-72, -86, -63, -73, -73, -69, -71, -63]), ('b8:27:eb:ee:32:b8', [-79, -77, -69, -57, -69, -75, -67, -84, -92]), ('b8:27:eb:e7:50:37', [-78, -73, -64, -82, -76, -82]), ('b8:27:eb:63:a1:e3', [-67, -72, -79, -61, -74, -68])]
08:56:33.051763,(-93,-85,-100),(-78,-63,-90),(-69,-48,-89),(-67,-56,-77),(-84,-78,-89),(-76,-62,-83)
[('b8:27:eb:b6:43:f8', [-96, -91, -85, -100, -91, -91]), ('b8:27:eb:d3:4c:7f', [-77, -85, -79, -90, -79, -72, -63, -77]), ('b8:27:eb:cd:4b:81', [-69, -66, -78, -69, -48, -60, -89, -68]), ('b8:27:eb:ee:32:b8', [-77, -61, -61, -72, -56, -72, -67]), ('b8:27:eb:e7:50:37', [-86, -78, -84, -80, -86, -89, -81]), ('b8:27:eb:63:a1:e3', [-62, -80, -73, -83, -76, -77, -70, -76, -79])]
08:56:34.950421,(-92,-80,-99),(-79,-67,-86),(-78,-56,-94),(-64,-54,-73),(-76,-72,-82),(-76,-64,-83)
[('b8:27:eb:b6:43:f8', [-99, -95, -92, -94, -80]), ('b8:27:eb:d3:4c:7f', [-79, -82, -86, -67, -70, -85, -82]), ('b8:27:eb:cd:4b:81', [-56, -77, -76, -85, -87, -71, -94, -78, -77]), ('b8:27:eb:ee:32:b8', [-55, -64, -73, -54, -62, -69, -69, -60, -65]), ('b8:27:eb:e7:50:37', [-73, -76, -72, -75, -74, -79, -82]), ('b8:27:eb:63:a1:e3', [-71, -64, -82, -76, -77, -74, -80, -83])]
08:56:36.878614,(-92,-89,-93),(-83,-77,-90),(-72,-53,-79),(-65,-58,-78),(-76,-61,-86),(-75,-71,-84)
[('b8:27:eb:b6:43:f8', [-93, -92, -93, -89, -91, -93]), ('b8:27:eb:d3:4c:7f', [-77, -86, -90, -78]), ('b8:27:eb:cd:4b:81', [-76, -71, -75, -69, -53, -68, -72, -78, -79]), ('b8:27:eb:ee:32:b8', [-78, -58, -66, -62, -60, -63, -62, -64]), ('b8:27:eb:e7:50:37', [-71, -81, -78, -61, -74, -85, -86, -72]), ('b8:27:eb:63:a1:e3', [-71, -74, -84, -73, -73, -74, -72, -74])]
08:56:38.770914,(-95,-91,-99),(-85,-77,-87),(-76,-65,-90),(-69,-46,-81),(-85,-79,-91),(-78,-72,-83)
[('b8:27:eb:b6:43:f8', [-91, -93, -99, -97, -95]), ('b8:27:eb:d3:4c:7f', [-87, -87, -86, -77, -84]), ('b8:27:eb:cd:4b:81', [-79, -65, -90, -71, -79, -74, -73, -79, -69]), ('b8:27:eb:ee:32:b8', [-63, -64, -70, -81, -46, -74, -69, -75, -76]), ('b8:27:eb:e7:50:37', [-91, -81, -89, -79, -83]), ('b8:27:eb:63:a1:e3', [-81, -72, -73, -74, -78, -81, -83, -80])]
08:56:40.677907,(-95,-89,-99),(-79,-71,-88),(-77,-68,-81),(-63,-48,-79),(-78,-69,-84),(-73,-60,-79)
[('b8:27:eb:b6:43:f8', [-99, -95, -89, -97]), ('b8:27:eb:d3:4c:7f', [-71, -71, -77, -73, -88, -88, -82]), ('b8:27:eb:cd:4b:81', [-80, -78, -80, -81, -75, -79, -68, -69]), ('b8:27:eb:ee:32:b8', [-73, -69, -67, -79, -55, -66, -48, -57, -56, -53]), ('b8:27:eb:e7:50:37', [-84, -78, -69, -75, -76, -80, -75, -82]), ('b8:27:eb:63:a1:e3', [-72, -76, -60, -72, -79, -79, -67, -75])]
08:56:42.588639,(-86,-78,-90),(-81,-71,-88),(-75,-69,-78),(-59,-47,-72),(-78,-65,-87),(-68,-56,-78)
[('b8:27:eb:b6:43:f8', [-78, -86, -85, -90, -89]), ('b8:27:eb:d3:4c:7f', [-80, -83, -88, -71, -80]), ('b8:27:eb:cd:4b:81', [-71, -69, -78, -78, -76, -75]), ('b8:27:eb:ee:32:b8', [-54, -54, -72, -67, -55, -47, -61]), ('b8:27:eb:e7:50:37', [-86, -73, -75, -81, -80, -65, -70, -87, -79, -82]), ('b8:27:eb:63:a1:e3', [-78, -70, -58, -58, -72, -72, -56, -74])]
08:56:44.500405,(-92,-88,-96),(-84,-78,-93),(-68,-54,-79),(-70,-59,-75),(-84,-69,-91),(-74,-67,-81)
[('b8:27:eb:b6:43:f8', [-88, -96, -92, -90]), ('b8:27:eb:d3:4c:7f', [-78, -93, -85, -84, -81, -81]), ('b8:27:eb:cd:4b:81', [-78, -62, -68, -71, -68, -62, -79, -54]), ('b8:27:eb:ee:32:b8', [-71, -74, -67, -71, -75, -70, -75, -63, -59]), ('b8:27:eb:e7:50:37', [-79, -88, -88, -85, -91, -87, -69]), ('b8:27:eb:63:a1:e3', [-73, -67, -74, -74, -68, -79, -81, -72])]
08:56:46.388882,(-93,-78,-98),(-77,-69,-91),(-68,-59,-81),(-68,-56,-79),(-80,-70,-87),(-74,-68,-79)
[('b8:27:eb:b6:43:f8', [-97, -97, -98, -78, -93, -90]), ('b8:27:eb:d3:4c:7f', [-75, -81, -91, -72, -75, -69, -71]), ('b8:27:eb:cd:4b:81', [-59, -70, -81, -72, -59, -59, -73]), ('b8:27:eb:ee:32:b8', [-69, -64, -69, -56, -79, -63, -67, -73]), ('b8:27:eb:e7:50:37', [-87, -82, -82, -79, -70, -78]), ('b8:27:eb:63:a1:e3', [-79, -74, -71, -75, -76, -72, -68, -77])]
08:56:48.317359,(-90,-77,-95),(-74,-65,-79),(-69,-60,-75),(-70,-57,-76),(-71,-62,-83),(-80,-73,-91)
[('b8:27:eb:b6:43:f8', [-86, -90, -92, -95, -90, -95, -92, -77]), ('b8:27:eb:d3:4c:7f', [-79, -75, -75, -70, -75, -65, -72, -78]), ('b8:27:eb:cd:4b:81', [-72, -75, -63, -62, -74, -60, -73, -72]), ('b8:27:eb:ee:32:b8', [-73, -57, -69, -68, -74, -76]), ('b8:27:eb:e7:50:37', [-67, -75, -69, -83, -70, -69, -62]), ('b8:27:eb:63:a1:e3', [-73, -79, -80, -91, -75, -80, -78])]
08:56:50.237863,(-89,-75,-99),(-83,-73,-92),(-71,-57,-78),(-75,-53,-93),(-75,-67,-82),(-73,-61,-78)
[('b8:27:eb:b6:43:f8', [-83, -92, -86, -96, -82, -75, -94, -99]), ('b8:27:eb:d3:4c:7f', [-73, -80, -83, -80, -80, -86, -92, -86]), ('b8:27:eb:cd:4b:81', [-73, -57, -78, -76, -74, -67]), ('b8:27:eb:ee:32:b8', [-75, -79, -80, -67, -66, -90, -53, -71, -93]), ('b8:27:eb:e7:50:37', [-82, -78, -76, -67, -68, -75, -74]), ('b8:27:eb:63:a1:e3', [-73, -77, -76, -78, -77, -64, -61])]
08:56:52.149701,(-94,-86,-100),(-79,-70,-89),(-71,-65,-73),(-64,-47,-75),(-78,-68,-87),(-76,-57,-90)
[('b8:27:eb:b6:43:f8', [-98, -86, -97, -93, -92, -100, -91]), ('b8:27:eb:d3:4c:7f', [-79, -70, -72, -75, -89, -89]), ('b8:27:eb:cd:4b:81', [-72, -71, -73, -70, -70, -70, -65]), ('b8:27:eb:ee:32:b8', [-72, -68, -58, -47, -49, -68, -71, -75]), ('b8:27:eb:e7:50:37', [-80, -76, -80, -71, -75, -87, -68, -86]), ('b8:27:eb:63:a1:e3', [-73, -57, -78, -79, -79, -90, -81, -78, -68])]
