09:08:34.161339,(-91,-91,-91),(-83,-76,-90),(-69,-55,-78),(-66,-52,-78),(-75,-65,-80),(-81,-72,-89)
[('b8:27:eb:b6:43:f8', [-91, -91]), ('b8:27:eb:d3:4c:7f', [-76, -83, -90, -82, -80, -84]), ('b8:27:eb:cd:4b:81', [-72, -55, -74, -72, -69, -70, -62, -78]), ('b8:27:eb:ee:32:b8', [-68, -68, -78, -68, -67, -58, -52]), ('b8:27:eb:e7:50:37', [-77, -80, -78, -74, -65]), ('b8:27:eb:63:a1:e3', [-73, -75, -85, -72, -82, -78, -88, -89])]
09:08:36.081455,(-88,-85,-93),(-86,-71,-98),(-71,-58,-82),(-67,-57,-70),(-78,-72,-86),(-76,-56,-82)
[('b8:27:eb:b6:43:f8', [-93, -85, -86]), ('b8:27:eb:d3:4c:7f', [-88, -83, -92, -71, -98, -84]), ('b8:27:eb:cd:4b:81', [-58, -70, -73, -71, -62, -76, -75, -62, -79, -82]), ('b8:27:eb:ee:32:b8', [-57, -69, -68, -68, -70, -67]), ('b8:27:eb:e7:50:37', [-73, -81, -81, -86, -78, -78, -74, -72]), ('b8:27:eb:63:a1:e3', [-56, -82, -79, -78, -75, -77, -81])]
09:08:38.020282,(-96,-94,-98),(-84,-79,-90),(-73,-57,-85),(-61,-48,-67),(-78,-66,-82),(-78,-61,-92)
[('b8:27:eb:b6:43:f8', [-94, -94, -98]), ('b8:27:eb:d3:4c:7f', [-90, -79, -87, -81, -82]), ('b8:27:eb:cd:4b:81', [-57, -79, -74, -74, -62, -85, -78, -68]), ('b8:27:eb:ee:32:b8', [-67, -59, -52, -67, -64, -48, -65]), ('b8:27:eb:e7:50:37', [-82, -81, -81, -71, -66, -82]), ('b8:27:eb:63:a1:e3', [-92, -80, -68, -85, -61, -82])]
09:08:39.946560,(-86,-79,-94),(-84,-70,-97),(-72,-62,-79),(-59,-44,-73),(-75,-64,-87),(-68,-57,-80)
[('b8:27:eb:b6:43:f8', [-80, -94, -90, -79]), ('b8:27:eb:d3:4c:7f', [-89, -83, -97, -86, -76, -70, -83]), ('b8:27:eb:cd:4b:81', [-77, -62, -76, -79, -63]), ('b8:27:eb:ee:32:b8', [-62, -59, -55, -59, -59, -56, -44, -73]), ('b8:27:eb:e7:50:37', [-87, -77, -78, -64, -69]), ('b8:27:eb:63:a1:e3', [-73, -80, -72, -58, -70, -57, -64])]
09:08:41.886382,(-86,-76,-95),(-78,-69,-91),(-67,-51,-83),(-69,-46,-81),(-82,-77,-87),(-69,-56,-75)
[('b8:27:eb:b6:43:f8', [-76, -84, -95, -84, -92, -85, -86]), ('b8:27:eb:d3:4c:7f', [-91, -69, -78, -79, -81, -77, -77, -71]), ('b8:27:eb:cd:4b:81', [-83, -77, -58, -56, -72, -70, -79, -52, -51]), ('b8:27:eb:ee:32:b8', [-46, -76, -57, -81, -73, -66, -80]), ('b8:27:eb:e7:50:37', [-83, -83, -80, -87, -77, -77]), ('b8:27:eb:63:a1:e3', [-74, -74, -71, -73, -66, -75, -69, -62, -56])]
09:08:43.816589,(-89,-85,-92),(-78,-61,-84),(-77,-70,-82),(-71,-64,-79),(-77,-68,-82),(-70,-66,-74)
[('b8:27:eb:b6:43:f8', [-92, -85, -86, -92]), ('b8:27:eb:d3:4c:7f', [-61, -76, -78, -79, -80, -84, -83]), ('b8:27:eb:cd:4b:81', [-78, -78, -82, -73, -78, -80, -79, -72, -70]), ('b8:27:eb:ee:32:b8', [-70, -69, -71, -64, -79, -78, -70, -67]), ('b8:27:eb:e7:50:37', [-78, -82, -77, -79, -68, -78]), ('b8:27:eb:63:a1:e3', [-66, -70, -68, -74, -70])]
09:08:45.759525,(-88,-85,-96),(-76,-57,-83),(-65,-59,-71),(-70,-58,-80),(-74,-61,-79),(-69,-51,-86)
[('b8:27:eb:b6:43:f8', [-86, -85, -85, -96]), ('b8:27:eb:d3:4c:7f', [-83, -57, -73, -80, -80, -83, -72, -73]), ('b8:27:eb:cd:4b:81', [-65, -66, -60, -59, -62, -69, -61, -71]), ('b8:27:eb:ee:32:b8', [-58, -68, -74, -72, -68, -80, -75, -75, -60]), ('b8:27:eb:e7:50:37', [-71, -77, -78, -79, -61]), ('b8:27:eb:63:a1:e3', [-56, -51, -65, -70, -70, -75, -77, -86])]
09:08:47.692995,(-88,-80,-95),(-76,-61,-93),(-67,-59,-71),(-79,-68,-96),(-73,-60,-83),(-78,-70,-86)
[('b8:27:eb:b6:43:f8', [-84, -93, -80, -84, -95]), ('b8:27:eb:d3:4c:7f', [-64, -61, -93, -77, -76, -82]), ('b8:27:eb:cd:4b:81', [-71, -65, -67, -71, -66, -65, -68, -63, -66, -59]), ('b8:27:eb:ee:32:b8', [-71, -96, -68, -75, -91, -77, -77, -73]), ('b8:27:eb:e7:50:37', [-77, -75, -83, -77, -60, -74, -60]), ('b8:27:eb:63:a1:e3', [-86, -75, -84, -72, -79, -70, -74, -75, -83, -73])]
09:08:49.662780,(-87,-75,-99),(-76,-62,-79),(-72,-63,-80),(-72,-61,-76),(-77,-72,-88),(-76,-61,-83)
[('b8:27:eb:b6:43:f8', [-77, -99, -97, -85, -75]), ('b8:27:eb:d3:4c:7f', [-79, -79, -76, -62, -79, -78]), ('b8:27:eb:cd:4b:81', [-71, -78, -63, -80, -68, -76, -64, -65, -80]), ('b8:27:eb:ee:32:b8', [-71, -76, -75, -73, -75, -68, -75, -75, -63, -61]), ('b8:27:eb:e7:50:37', [-75, -83, -88, -72, -77, -77, -73, -73, -72]), ('b8:27:eb:63:a1:e3', [-79, -61, -75, -76, -83, -79, -76])]
09:08:51.633525,(-86,-77,-95),(-79,-68,-90),(-72,-61,-81),(-78,-73,-82),(-79,-73,-91),(-77,-68,-85)
[('b8:27:eb:b6:43:f8', [-95, -88, -87, -84, -79, -77, -89]), ('b8:27:eb:d3:4c:7f', [-76, -68, -81, -78, -90, -77, -80]), ('b8:27:eb:cd:4b:81', [-81, -73, -78, -71, -66, -61, -72]), ('b8:27:eb:ee:32:b8', [-75, -73, -79, -80, -82, -79, -73]), ('b8:27:eb:e7:50:37', [-73, -74, -79, -91, -81, -74]), ('b8:27:eb:63:a1:e3', [-76, -81, -68, -71, -85, -77])]
09:08:53.530948,(-88,-78,-96),(-78,-69,-94),(-68,-56,-75),(-71,-56,-79),(-85,-75,-91),(-76,-58,-85)
[('b8:27:eb:b6:43:f8', [-83, -86, -87, -91, -78, -91, -96]), ('b8:27:eb:d3:4c:7f', [-75, -75, -76, -69, -79, -72, -94]), ('b8:27:eb:cd:4b:81', [-71, -61, -59, -75, -74, -56, -70, -73, -73]), ('b8:27:eb:ee:32:b8', [-79, -56, -78, -72, -69]), ('b8:27:eb:e7:50:37', [-83, -91, -89, -84, -88, -75, -89, -80]), ('b8:27:eb:63:a1:e3', [-85, -58, -79, -79])]
09:08:55.438836,(-88,-79,-97),(-77,-71,-85),(-66,-55,-75),(-69,-65,-78),(-77,-57,-84),(-76,-67,-79)
[('b8:27:eb:b6:43:f8', [-79, -97, -85, -90]), ('b8:27:eb:d3:4c:7f', [-73, -71, -79, -74, -74, -83, -73, -76, -85]), ('b8:27:eb:cd:4b:81', [-67, -75, -66, -71, -70, -55, -65, -55, -68]), ('b8:27:eb:ee:32:b8', [-66, -78, -68, -65, -67]), ('b8:27:eb:e7:50:37', [-82, -80, -84, -80, -78, -75, -73, -57]), ('b8:27:eb:63:a1:e3', [-67, -79, -78, -76, -79, -75, -71, -76])]
09:08:57.341689,(-89,-77,-97),(-81,-69,-91),(-71,-62,-78),(-67,-60,-79),(-76,-71,-80),(-69,-57,-78)
[('b8:27:eb:b6:43:f8', [-77, -92, -88, -97]), ('b8:27:eb:d3:4c:7f', [-79, -86, -69, -78, -87, -82, -75, -80, -91, -75]), ('b8:27:eb:cd:4b:81', [-65, -62, -65, -78, -74, -73, -76, -74]), ('b8:27:eb:ee:32:b8', [-64, -69, -65, -68, -61, -66, -66, -60, -79, -72]), ('b8:27:eb:e7:50:37', [-79, -73, -78, -75, -73, -78, -80, -73, -71]), ('b8:27:eb:63:a1:e3', [-70, -70, -57, -78, -68])]
09:08:59.306624,(-90,-86,-96),(-84,-69,-96),(-72,-60,-92),(-64,-48,-76),(-76,-68,-85),(-71,-53,-84)
[('b8:27:eb:b6:43:f8', [-87, -92, -86, -86, -96]), ('b8:27:eb:d3:4c:7f', [-96, -69, -80, -78, -82, -86, -85, -89]), ('b8:27:eb:cd:4b:81', [-60, -82, -65, -74, -73, -75, -92, -67, -60, -69]), ('b8:27:eb:ee:32:b8', [-72, -52, -48, -76, -76, -51, -64, -71]), ('b8:27:eb:e7:50:37', [-68, -74, -80, -70, -85, -78]), ('b8:27:eb:63:a1:e3', [-70, -67, -58, -75, -78, -72, -74, -53, -84])]
09:09:01.242484,(-91,-87,-96),(-86,-76,-96),(-76,-54,-82),(-63,-52,-72),(-79,-61,-88),(-71,-56,-86)
[('b8:27:eb:b6:43:f8', [-96, -88, -87]), ('b8:27:eb:d3:4c:7f', [-89, -95, -76, -87, -82, -77, -87, -79, -83, -96]), ('b8:27:eb:cd:4b:81', [-77, -74, -54, -74, -81, -82, -82, -77]), ('b8:27:eb:ee:32:b8', [-53, -64, -62, -68, -62, -63, -52, -71, -72]), ('b8:27:eb:e7:50:37', [-61, -88, -84, -83, -77, -78, -78]), ('b8:27:eb:63:a1:e3', [-73, -62, -86, -56, -68, -72, -76, -73])]
09:09:03.186658,(-84,-80,-89),(-82,-75,-95),(-66,-53,-75),(-73,-64,-90),(-73,-62,-76),(-71,-57,-90)
[('b8:27:eb:b6:43:f8', [-89, -82, -87, -81, -80, -84]), ('b8:27:eb:d3:4c:7f', [-83, -95, -75, -80, -75, -81, -82, -82]), ('b8:27:eb:cd:4b:81', [-71, -71, -66, -75, -56, -53, -68, -65]), ('b8:27:eb:ee:32:b8', [-69, -90, -68, -68, -71, -73, -64, -80, -72]), ('b8:27:eb:e7:50:37', [-62, -76, -74, -75, -76, -70]), ('b8:27:eb:63:a1:e3', [-57, -85, -59, -75, -60, -59, -76, -90, -71, -70])]
09:09:05.127970,(-85,-70,-95),(-79,-64,-89),(-68,-49,-79),(-76,-65,-97),(-81,-61,-90),(-71,-52,-82)
[('b8:27:eb:b6:43:f8', [-85, -89, -95, -76, -70, -91]), ('b8:27:eb:d3:4c:7f', [-89, -64, -89, -81, -79, -85, -78, -79, -66]), ('b8:27:eb:cd:4b:81', [-73, -79, -49, -67, -72, -67, -68]), ('b8:27:eb:ee:32:b8', [-73, -73, -69, -72, -65, -77, -97, -77]), ('b8:27:eb:e7:50:37', [-61, -77, -78, -89, -82, -90, -89, -77]), ('b8:27:eb:63:a1:e3', [-72, -76, -69, -73, -52, -82])]
09:09:07.025919,(-88,-77,-100),(-76,-65,-89),(-64,-51,-68),(-67,-56,-73),(-77,-69,-84),(-77,-65,-88)
[('b8:27:eb:b6:43:f8', [-85, -85, -80, -100, -98, -77, -87]), ('b8:27:eb:d3:4c:7f', [-65, -76, -71, -70, -82, -89, -75]), ('b8:27:eb:cd:4b:81', [-67, -68, -59, -68, -51, -63, -68]), ('b8:27:eb:ee:32:b8', [-66, -73, -71, -60, -72, -69, -56]), ('b8:27:eb:e7:50:37', [-77, -80, -76, -69, -74, -84]), ('b8:27:eb:63:a1:e3', [-65, -76, -76, -88, -78, -77, -81, -69])]
09:09:08.934797,(-89,-82,-95),(-82,-75,-92),(-67,-43,-79),(-70,-53,-80),(-81,-68,-91),(-76,-61,-83)
[('b8:27:eb:b6:43:f8', [-89, -83, -82, -90, -95, -94]), ('b8:27:eb:d3:4c:7f', [-80, -82, -75, -75, -88, -79, -79, -92]), ('b8:27:eb:cd:4b:81', [-73, -43, -76, -79, -69, -62, -68, -56, -71]), ('b8:27:eb:ee:32:b8', [-80, -68, -69, -73, -74, -68, -53, -70]), ('b8:27:eb:e7:50:37', [-84, -74, -82, -91, -83, -80, -68]), ('b8:27:eb:63:a1:e3', [-79, -61, -74, -77, -79, -74, -79, -83])]
09:09:10.857459,(-88,-79,-95),(-83,-72,-93),(-74,-60,-80),(-68,-57,-75),(-78,-72,-85),(-77,-75,-79)
[('b8:27:eb:b6:43:f8', [-79, -84, -94, -82, -88, -95, -94]), ('b8:27:eb:d3:4c:7f', [-91, -91, -74, -72, -78, -81, -93]), ('b8:27:eb:cd:4b:81', [-77, -74, -75, -73, -80, -69, -79, -60, -72]), ('b8:27:eb:ee:32:b8', [-71, -75, -57, -68, -68, -69]), ('b8:27:eb:e7:50:37', [-81, -80, -72, -77, -73, -85]), ('b8:27:eb:63:a1:e3', [-77, -79, -78, -77, -77, -75, -76])]
09:09:12.831639,(-89,-79,-98),(-85,-71,-97),(-68,-55,-81),(-59,-50,-69),(-72,-62,-78),(-81,-73,-86)
[('b8:27:eb:b6:43:f8', [-91, -98, -87, -93, -97, -82, -88, -79, -81, -94]), ('b8:27:eb:d3:4c:7f', [-97, -92, -87, -83, -78, -71]), ('b8:27:eb:cd:4b:81', [-79, -81, -76, -57, -55, -55]), ('b8:27:eb:ee:32:b8', [-57, -63, -69, -54, -50, -60, -60]), ('b8:27:eb:e7:50:37', [-73, -63, -62, -77, -74, -78]), ('b8:27:eb:63:a1:e3', [-81, -73, -86, -78, -81, -84])]
09:09:14.742906,(-89,-82,-92),(-77,-69,-87),(-67,-60,-73),(-62,-49,-77),(-76,-70,-80),(-69,-58,-74)
[('b8:27:eb:b6:43:f8', [-92, -92, -90, -82, -87, -90, -89]), ('b8:27:eb:d3:4c:7f', [-87, -69, -81, -76, -69]), ('b8:27:eb:cd:4b:81', [-60, -64, -68, -73, -66]), ('b8:27:eb:ee:32:b8', [-49, -62, -63, -62, -56, -56, -69, -77]), ('b8:27:eb:e7:50:37', [-74, -76, -79, -70, -80]), ('b8:27:eb:63:a1:e3', [-71, -71, -74, -74, -65, -67, -58, -67])]
09:09:16.645900,(-87,-76,-95),(-81,-69,-96),(-65,-51,-76),(-76,-61,-87),(-76,-62,-90),(-72,-60,-80)
[('b8:27:eb:b6:43:f8', [-95, -89, -76, -90, -84]), ('b8:27:eb:d3:4c:7f', [-77, -69, -78, -89, -80, -96, -76]), ('b8:27:eb:cd:4b:81', [-61, -51, -57, -67, -76, -73]), ('b8:27:eb:ee:32:b8', [-72, -61, -73, -79, -87, -76, -79]), ('b8:27:eb:e7:50:37', [-74, -78, -90, -75, -68, -62, -78, -81]), ('b8:27:eb:63:a1:e3', [-73, -70, -74, -60, -80])]
09:09:18.565988,(-89,-82,-95),(-76,-62,-95),(-66,-55,-74),(-77,-67,-83),(-77,-57,-86),(-70,-53,-75)
[('b8:27:eb:b6:43:f8', [-88, -93, -86, -95, -85, -88, -87, -90, -88, -82]), ('b8:27:eb:d3:4c:7f', [-62, -84, -76, -68, -75, -95, -70]), ('b8:27:eb:cd:4b:81', [-71, -74, -58, -55, -68, -65]), ('b8:27:eb:ee:32:b8', [-81, -83, -80, -77, -67, -72, -78, -79, -69]), ('b8:27:eb:e7:50:37', [-81, -86, -57, -74, -78, -86, -80, -76, -75]), ('b8:27:eb:63:a1:e3', [-75, -75, -69, -69, -72, -53, -72])]
09:09:20.502682,(-93,-90,-97),(-83,-67,-99),(-67,-58,-71),(-70,-57,-77),(-80,-61,-92),(-81,-71,-87)
[('b8:27:eb:b6:43:f8', [-91, -90, -92, -97]), ('b8:27:eb:d3:4c:7f', [-80, -67, -77, -84, -91, -99, -81, -83]), ('b8:27:eb:cd:4b:81', [-58, -65, -71, -69, -68]), ('b8:27:eb:ee:32:b8', [-77, -71, -70, -57, -71]), ('b8:27:eb:e7:50:37', [-79, -85, -84, -78, -92, -61, -75, -79]), ('b8:27:eb:63:a1:e3', [-79, -80, -80, -84, -81, -87, -81, -71])]
09:09:22.431630,(-87,-82,-91),(-84,-76,-96),(-66,-51,-78),(-69,-63,-72),(-74,-62,-77),(-77,-70,-84)
[('b8:27:eb:b6:43:f8', [-91, -85, -87, -82]), ('b8:27:eb:d3:4c:7f', [-95, -78, -76, -96, -81, -85, -76, -80]), ('b8:27:eb:cd:4b:81', [-78, -74, -65, -68, -66, -51, -57]), ('b8:27:eb:ee:32:b8', [-72, -63, -63, -67, -72, -69, -71, -68, -70, -72]), ('b8:27:eb:e7:50:37', [-77, -77, -76, -62, -75]), ('b8:27:eb:63:a1:e3', [-74, -84, -70, -78])]
09:09:24.361353,(-85,-72,-93),(-80,-67,-91),(-71,-51,-85),(-70,-55,-92),(-70,-57,-80),(-70,-52,-78)
[('b8:27:eb:b6:43:f8', [-85, -83, -89, -85, -93, -79, -93, -72]), ('b8:27:eb:d3:4c:7f', [-70, -83, -79, -82, -67, -91, -87]), ('b8:27:eb:cd:4b:81', [-58, -70, -51, -73, -85, -79, -73, -75]), ('b8:27:eb:ee:32:b8', [-58, -68, -65, -71, -55, -71, -92, -72, -69, -70]), ('b8:27:eb:e7:50:37', [-57, -62, -72, -74, -72, -78, -80, -62]), ('b8:27:eb:63:a1:e3', [-77, -52, -70, -63, -78, -71, -73])]
09:09:26.263743,(-90,-81,-98),(-82,-77,-89),(-77,-68,-86),(-71,-65,-80),(-76,-69,-87),(-71,-57,-81)
[('b8:27:eb:b6:43:f8', [-81, -86, -92, -88, -98, -91]), ('b8:27:eb:d3:4c:7f', [-81, -77, -82, -89, -77, -83, -79]), ('b8:27:eb:cd:4b:81', [-86, -78, -77, -78, -70, -80, -68]), ('b8:27:eb:ee:32:b8', [-72, -71, -65, -70, -67, -80, -72, -72, -70]), ('b8:27:eb:e7:50:37', [-78, -78, -72, -72, -75, -72, -69, -87]), ('b8:27:eb:63:a1:e3', [-77, -77, -71, -59, -81, -68, -74, -57])]
09:09:28.206559,(-96,-96,-96),(-89,-77,-97),(-74,-61,-81),(-67,-53,-86),(-74,-56,-81),(-75,-70,-80)
[('b8:27:eb:b6:43:f8', [-96]), ('b8:27:eb:d3:4c:7f', [-96, -86, -92, -86, -81, -93, -77, -97]), ('b8:27:eb:cd:4b:81', [-75, -78, -74, -71, -73, -81, -61]), ('b8:27:eb:ee:32:b8', [-53, -72, -60, -86, -71, -72, -62, -65, -69, -55]), ('b8:27:eb:e7:50:37', [-81, -76, -56, -80, -77]), ('b8:27:eb:63:a1:e3', [-77, -75, -80, -75, -71, -74, -70])]
09:09:30.104705,(-87,-81,-98),(-82,-73,-91),(-70,-59,-78),(-66,-59,-73),(-82,-69,-91),(-76,-66,-84)
[('b8:27:eb:b6:43:f8', [-98, -82, -81]), ('b8:27:eb:d3:4c:7f', [-79, -91, -84, -80, -73]), ('b8:27:eb:cd:4b:81', [-69, -71, -67, -76, -59, -78]), ('b8:27:eb:ee:32:b8', [-73, -63, -68, -59, -63, -65, -67]), ('b8:27:eb:e7:50:37', [-81, -80, -69, -83, -91, -87, -85, -77]), ('b8:27:eb:63:a1:e3', [-74, -67, -80, -80, -66, -78, -77, -84, -73])]
09:09:32.036240,(-86,-81,-96),(-84,-71,-97),(-72,-59,-79),(-68,-55,-82),(-79,-67,-89),(-77,-69,-90)
[('b8:27:eb:b6:43:f8', [-81, -96, -81]), ('b8:27:eb:d3:4c:7f', [-88, -71, -85, -85, -74, -97]), ('b8:27:eb:cd:4b:81', [-71, -79, -73, -59, -75, -73, -69]), ('b8:27:eb:ee:32:b8', [-66, -69, -55, -82, -68, -71, -70, -63]), ('b8:27:eb:e7:50:37', [-67, -84, -89, -79, -67, -83]), ('b8:27:eb:63:a1:e3', [-72, -79, -90, -71, -80, -81, -72, -69])]
09:09:33.967872,(-93,-83,-98),(-85,-77,-95),(-71,-61,-75),(-65,-51,-76),(-76,-75,-77),(-69,-56,-76)
[('b8:27:eb:b6:43:f8', [-91, -92, -92, -94, -98, -97, -83]), ('b8:27:eb:d3:4c:7f', [-95, -82, -87, -77, -85, -81]), ('b8:27:eb:cd:4b:81', [-75, -74, -65, -68, -74, -61, -74, -72]), ('b8:27:eb:ee:32:b8', [-60, -72, -76, -65, -69, -51, -58]), ('b8:27:eb:e7:50:37', [-76, -77, -75, -76, -75, -76]), ('b8:27:eb:63:a1:e3', [-59, -74, -76, -75, -71, -73, -59, -56, -70])]
09:09:35.939210,(-88,-78,-95),(-81,-75,-88),(-73,-60,-80),(-65,-48,-77),(-78,-65,-93),(-74,-58,-83)
[('b8:27:eb:b6:43:f8', [-86, -78, -89, -95, -92, -86, -88]), ('b8:27:eb:d3:4c:7f', [-82, -75, -88, -81, -77, -82, -87, -75]), ('b8:27:eb:cd:4b:81', [-75, -77, -60, -76, -78, -62, -80]), ('b8:27:eb:ee:32:b8', [-66, -73, -77, -66, -72, -62, -63, -48, -64, -54]), ('b8:27:eb:e7:50:37', [-81, -93, -75, -65, -80, -78, -80, -76, -71]), ('b8:27:eb:63:a1:e3', [-83, -71, -68, -71, -72, -71, -83, -58, -81])]
09:09:37.909030,(-87,-79,-96),(-81,-69,-97),(-71,-55,-80),(-73,-58,-87),(-80,-71,-91),(-72,-68,-78)
[('b8:27:eb:b6:43:f8', [-87, -86, -86, -82, -96, -79, -93]), ('b8:27:eb:d3:4c:7f', [-69, -76, -78, -81, -79, -97, -85]), ('b8:27:eb:cd:4b:81', [-66, -71, -74, -71, -78, -71, -68, -80, -55]), ('b8:27:eb:ee:32:b8', [-58, -70, -59, -80, -68, -82, -87, -77, -71]), ('b8:27:eb:e7:50:37', [-91, -71, -73, -79, -79, -77, -78, -73, -91]), ('b8:27:eb:63:a1:e3', [-69, -72, -69, -68, -69, -78, -76])]
09:09:39.844109,(-89,-78,-100),(-79,-60,-90),(-74,-67,-90),(-69,-57,-78),(-82,-70,-88),(-83,-75,-89)
[('b8:27:eb:b6:43:f8', [-91, -99, -78, -100, -87, -78]), ('b8:27:eb:d3:4c:7f', [-90, -80, -79, -75, -82, -77, -60, -83]), ('b8:27:eb:cd:4b:81', [-67, -75, -72, -71, -90, -68]), ('b8:27:eb:ee:32:b8', [-67, -64, -78, -74, -69, -57, -70]), ('b8:27:eb:e7:50:37', [-81, -88, -87, -70, -78, -85]), ('b8:27:eb:63:a1:e3', [-75, -89, -87, -85, -88, -83, -78, -78, -82])]
09:09:41.774923,(-86,-77,-96),(-74,-59,-85),(-70,-53,-84),(-76,-67,-85),(-80,-75,-84),(-77,-55,-95)
[('b8:27:eb:b6:43:f8', [-87, -78, -87, -77, -82, -91, -87, -96]), ('b8:27:eb:d3:4c:7f', [-74, -83, -81, -78, -67, -80, -59, -59, -85]), ('b8:27:eb:cd:4b:81', [-67, -84, -72, -67, -73, -63, -53, -74]), ('b8:27:eb:ee:32:b8', [-76, -67, -72, -77, -78, -75, -85, -77]), ('b8:27:eb:e7:50:37', [-76, -81, -81, -75, -83, -84, -82, -75]), ('b8:27:eb:63:a1:e3', [-78, -68, -55, -82, -80, -86, -95, -61, -88])]
09:09:43.668136,(-79,-68,-84),(-74,-61,-86),(-72,-55,-91),(-78,-70,-88),(-78,-73,-81),(-73,-59,-83)
[('b8:27:eb:b6:43:f8', [-80, -68, -83, -84]), ('b8:27:eb:d3:4c:7f', [-61, -69, -77, -77, -72, -86, -75, -70]), ('b8:27:eb:cd:4b:81', [-81, -78, -59, -76, -55, -70, -91, -67, -67]), ('b8:27:eb:ee:32:b8', [-84, -72, -71, -74, -70, -85, -74, -88]), ('b8:27:eb:e7:50:37', [-80, -75, -81, -73, -81, -79, -77, -75]), ('b8:27:eb:63:a1:e3', [-83, -74, -73, -77, -77, -66, -59])]
09:09:45.616010,(-82,-74,-93),(-76,-59,-94),(-65,-53,-69),(-67,-59,-72),(-77,-71,-80),(-78,-67,-87)
[('b8:27:eb:b6:43:f8', [-86, -86, -93, -76, -74, -76]), ('b8:27:eb:d3:4c:7f', [-59, -70, -81, -94, -75]), ('b8:27:eb:cd:4b:81', [-53, -69, -67, -68, -59, -69, -65, -68]), ('b8:27:eb:ee:32:b8', [-59, -66, -72, -70, -69, -63]), ('b8:27:eb:e7:50:37', [-75, -71, -80, -80]), ('b8:27:eb:63:a1:e3', [-67, -75, -74, -82, -87, -82])]
09:09:47.547320,(-90,-71,-100),(-80,-74,-91),(-68,-58,-78),(-72,-67,-76),(-82,-73,-88),(-72,-62,-83)
[('b8:27:eb:b6:43:f8', [-85, -96, -71, -87, -100, -98, -94, -86]), ('b8:27:eb:d3:4c:7f', [-82, -83, -91, -79, -76, -80, -75, -74]), ('b8:27:eb:cd:4b:81', [-64, -78, -66, -71, -58, -69]), ('b8:27:eb:ee:32:b8', [-76, -74, -71, -68, -75, -67]), ('b8:27:eb:e7:50:37', [-76, -73, -77, -87, -88, -88]), ('b8:27:eb:63:a1:e3', [-70, -72, -83, -67, -62, -68, -76])]
09:09:49.476954,(-85,-80,-97),(-85,-75,-89),(-69,-61,-81),(-76,-65,-81),(-72,-59,-80),(-77,-72,-80)
[('b8:27:eb:b6:43:f8', [-97, -80, -80, -80]), ('b8:27:eb:d3:4c:7f', [-89, -89, -79, -86, -87, -85, -75, -85]), ('b8:27:eb:cd:4b:81', [-68, -66, -61, -68, -65, -81]), ('b8:27:eb:ee:32:b8', [-80, -76, -80, -79, -77, -81, -65, -72, -69]), ('b8:27:eb:e7:50:37', [-59, -80, -72, -76, -68, -75, -70]), ('b8:27:eb:63:a1:e3', [-77, -73, -76, -80, -73, -72, -79, -79])]
09:09:51.382968,(-88,-78,-97),(-78,-74,-81),(-75,-71,-80),(-66,-53,-73),(-79,-73,-91),(-73,-59,-81)
[('b8:27:eb:b6:43:f8', [-85, -85, -87, -89, -78, -85, -97, -93]), ('b8:27:eb:d3:4c:7f', [-81, -74, -81, -74]), ('b8:27:eb:cd:4b:81', [-71, -73, -74, -80, -73]), ('b8:27:eb:ee:32:b8', [-65, -69, -66, -73, -69, -63, -64, -53]), ('b8:27:eb:e7:50:37', [-75, -73, -76, -91, -79, -73, -85]), ('b8:27:eb:63:a1:e3', [-76, -74, -81, -63, -71, -78, -73, -74, -59, -78])]
09:09:53.351507,(-93,-86,-98),(-78,-68,-88),(-74,-71,-80),(-66,-53,-74),(-79,-75,-83),(-80,-64,-90)
[('b8:27:eb:b6:43:f8', [-94, -86, -90, -97, -98, -91, -89]), ('b8:27:eb:d3:4c:7f', [-74, -79, -74, -71, -68, -85, -88, -84, -79]), ('b8:27:eb:cd:4b:81', [-71, -80, -72, -72, -73, -75]), ('b8:27:eb:ee:32:b8', [-61, -68, -53, -70, -69, -74, -62, -65]), ('b8:27:eb:e7:50:37', [-80, -76, -77, -78, -83, -75]), ('b8:27:eb:63:a1:e3', [-78, -64, -81, -83, -81, -90, -81])]
09:09:55.321523,(-88,-78,-95),(-84,-76,-89),(-75,-59,-79),(-67,-51,-81),(-78,-75,-85),(-76,-60,-88)
[('b8:27:eb:b6:43:f8', [-95, -81, -88, -87, -91, -93, -78]), ('b8:27:eb:d3:4c:7f', [-76, -86, -86, -85, -89, -84, -80, -81]), ('b8:27:eb:cd:4b:81', [-79, -78, -79, -73, -59, -79, -73, -77, -72, -73]), ('b8:27:eb:ee:32:b8', [-81, -64, -72, -71, -71, -66, -61, -59, -51]), ('b8:27:eb:e7:50:37', [-75, -76, -76, -77, -85, -77]), ('b8:27:eb:63:a1:e3', [-60, -88, -86, -67, -85, -73, -75, -60, -84])]
09:09:57.259702,(-84,-76,-90),(-79,-67,-86),(-76,-67,-86),(-69,-58,-82),(-78,-62,-93),(-71,-58,-81)
[('b8:27:eb:b6:43:f8', [-76, -87, -90, -83]), ('b8:27:eb:d3:4c:7f', [-82, -83, -83, -86, -67, -78, -73, -77]), ('b8:27:eb:cd:4b:81', [-86, -84, -78, -72, -74, -67, -72, -73, -76]), ('b8:27:eb:ee:32:b8', [-61, -82, -73, -65, -58, -68, -71]), ('b8:27:eb:e7:50:37', [-76, -89, -89, -67, -93, -62, -70]), ('b8:27:eb:63:a1:e3', [-81, -68, -71, -70, -74, -71, -58, -72])]
09:09:59.224037,(-88,-81,-98),(-80,-72,-90),(-73,-59,-87),(-73,-54,-91),(-79,-57,-92),(-73,-63,-78)
[('b8:27:eb:b6:43:f8', [-81, -81, -88, -94, -98, -89, -84]), ('b8:27:eb:d3:4c:7f', [-72, -80, -78, -76, -82, -90, -79, -82]), ('b8:27:eb:cd:4b:81', [-73, -59, -71, -72, -78, -87, -65, -73, -70, -75]), ('b8:27:eb:ee:32:b8', [-54, -74, -71, -62, -78, -91, -80, -73]), ('b8:27:eb:e7:50:37', [-87, -57, -71, -74, -79, -81, -87, -92]), ('b8:27:eb:63:a1:e3', [-76, -63, -75, -69, -78, -72])]
09:10:01.192848,(-89,-82,-95),(-81,-73,-88),(-70,-61,-76),(-72,-58,-81),(-85,-75,-99),(-77,-68,-84)
[('b8:27:eb:b6:43:f8', [-82, -95, -90, -88]), ('b8:27:eb:d3:4c:7f', [-73, -77, -85, -81, -80, -74, -88, -87]), ('b8:27:eb:cd:4b:81', [-61, -69, -76, -75, -66]), ('b8:27:eb:ee:32:b8', [-73, -71, -81, -58, -71, -79, -74, -70, -67]), ('b8:27:eb:e7:50:37', [-90, -80, -99, -79, -79, -75, -86, -85]), ('b8:27:eb:63:a1:e3', [-76, -84, -78, -75, -71, -77, -79, -68, -79, -79])]
09:10:03.129216,(-90,-89,-91),(-80,-71,-86),(-70,-55,-81),(-68,-60,-72),(-77,-66,-89),(-78,-70,-90)
[('b8:27:eb:b6:43:f8', [-89, -91, -90]), ('b8:27:eb:d3:4c:7f', [-76, -77, -71, -86, -82, -80, -76, -83, -85]), ('b8:27:eb:cd:4b:81', [-55, -67, -72, -71, -78, -81, -68, -70, -68]), ('b8:27:eb:ee:32:b8', [-65, -68, -68, -60, -67, -71, -72, -69]), ('b8:27:eb:e7:50:37', [-89, -74, -84, -69, -81, -76, -66]), ('b8:27:eb:63:a1:e3', [-72, -77, -70, -90, -81, -71, -79, -82])]
09:10:05.103009,(-85,-77,-91),(-82,-70,-94),(-65,-49,-71),(-71,-56,-80),(-78,-62,-93),(-73,-57,-84)
[('b8:27:eb:b6:43:f8', [-77, -91, -87]), ('b8:27:eb:d3:4c:7f', [-71, -75, -90, -70, -88, -94]), ('b8:27:eb:cd:4b:81', [-61, -49, -71, -71, -63, -69, -59, -63, -69, -71]), ('b8:27:eb:ee:32:b8', [-58, -72, -80, -72, -78, -71, -56, -71, -77]), ('b8:27:eb:e7:50:37', [-70, -93, -86, -77, -62, -78, -79, -74]), ('b8:27:eb:63:a1:e3', [-84, -74, -84, -66, -76, -75, -67, -74, -57])]
09:10:07.037876,(-91,-75,-96),(-79,-72,-87),(-68,-58,-74),(-66,-54,-76),(-74,-62,-88),(-73,-58,-81)
[('b8:27:eb:b6:43:f8', [-96, -75, -94, -95, -92]), ('b8:27:eb:d3:4c:7f', [-78, -79, -87, -74, -82, -72]), ('b8:27:eb:cd:4b:81', [-70, -67, -70, -68, -58, -70, -58, -74, -71]), ('b8:27:eb:ee:32:b8', [-72, -70, -67, -76, -54, -58, -60, -68, -63]), ('b8:27:eb:e7:50:37', [-77, -65, -62, -79, -74, -88, -72, -72]), ('b8:27:eb:63:a1:e3', [-75, -81, -76, -58, -66, -72, -68, -75, -80])]
09:10:09.002674,(-90,-84,-98),(-83,-74,-90),(-74,-56,-82),(-66,-54,-76),(-77,-70,-88),(-76,-67,-82)
[('b8:27:eb:b6:43:f8', [-98, -84, -89, -92, -86]), ('b8:27:eb:d3:4c:7f', [-90, -74, -84, -75, -85, -85, -86]), ('b8:27:eb:cd:4b:81', [-74, -80, -56, -69, -76, -79, -82, -74, -80, -67]), ('b8:27:eb:ee:32:b8', [-63, -76, -54, -63, -64, -72, -66]), ('b8:27:eb:e7:50:37', [-72, -70, -79, -72, -78, -75, -77, -75, -83, -88]), ('b8:27:eb:63:a1:e3', [-76, -76, -76, -77, -76, -82, -79, -75, -67])]
09:10:10.932764,(-83,-80,-86),(-88,-78,-92),(-79,-71,-90),(-64,-45,-69),(-77,-58,-90),(-76,-58,-88)
[('b8:27:eb:b6:43:f8', [-80, -86, -83]), ('b8:27:eb:d3:4c:7f', [-78, -91, -91, -92, -92, -83]), ('b8:27:eb:cd:4b:81', [-77, -85, -78, -90, -71, -73, -78, -77, -75]), ('b8:27:eb:ee:32:b8', [-66, -45, -69, -69, -69, -64, -66]), ('b8:27:eb:e7:50:37', [-69, -58, -78, -72, -86, -83, -90, -75, -80]), ('b8:27:eb:63:a1:e3', [-58, -69, -88, -88, -75, -72, -74, -78])]
09:10:12.903886,(-86,-70,-94),(-81,-71,-93),(-74,-55,-86),(-62,-48,-74),(-77,-70,-84),(-74,-63,-83)
[('b8:27:eb:b6:43:f8', [-70, -93, -94, -80, -90, -89]), ('b8:27:eb:d3:4c:7f', [-78, -93, -88, -87, -78, -76, -83, -75, -71]), ('b8:27:eb:cd:4b:81', [-79, -79, -71, -69, -55, -86]), ('b8:27:eb:ee:32:b8', [-55, -48, -66, -64, -74]), ('b8:27:eb:e7:50:37', [-81, -77, -73, -84, -74, -70]), ('b8:27:eb:63:a1:e3', [-79, -63, -71, -71, -72, -72, -75, -83, -75])]
09:10:14.829999,(-90,-86,-93),(-80,-71,-91),(-63,-49,-77),(-76,-70,-81),(-74,-66,-80),(-73,-65,-82)
[('b8:27:eb:b6:43:f8', [-86, -89, -93, -91, -87, -93]), ('b8:27:eb:d3:4c:7f', [-79, -80, -71, -72, -91, -84, -81]), ('b8:27:eb:cd:4b:81', [-70, -67, -69, -77, -60, -69, -53, -52, -49]), ('b8:27:eb:ee:32:b8', [-75, -78, -74, -81, -72, -81, -70, -71, -77]), ('b8:27:eb:e7:50:37', [-73, -79, -80, -73, -73, -71, -66]), ('b8:27:eb:63:a1:e3', [-73, -82, -72, -69, -72, -65, -72, -75, -69])]
09:10:16.755951,(-87,-81,-91),(-76,-66,-85),(-70,-57,-79),(-74,-61,-89),(-79,-76,-82),(-73,-54,-79)
[('b8:27:eb:b6:43:f8', [-91, -81, -85, -88]), ('b8:27:eb:d3:4c:7f', [-66, -85, -80, -80, -72, -70]), ('b8:27:eb:cd:4b:81', [-70, -68, -75, -71, -57, -67, -79]), ('b8:27:eb:ee:32:b8', [-75, -61, -68, -69, -69, -70, -80, -80, -74, -89]), ('b8:27:eb:e7:50:37', [-76, -82, -76, -79, -82]), ('b8:27:eb:63:a1:e3', [-54, -71, -73, -75, -79, -77, -78, -71, -71])]
09:10:18.682155,(-87,-80,-92),(-81,-64,-93),(-65,-50,-75),(-75,-67,-87),(-81,-75,-85),(-73,-64,-81)
[('b8:27:eb:b6:43:f8', [-92, -91, -85, -86, -80]), ('b8:27:eb:d3:4c:7f', [-77, -78, -93, -92, -64]), ('b8:27:eb:cd:4b:81', [-75, -71, -50, -65, -70, -67, -57]), ('b8:27:eb:ee:32:b8', [-71, -87, -67, -74, -80, -69, -75, -78, -73]), ('b8:27:eb:e7:50:37', [-85, -75, -82, -81, -85, -75, -82]), ('b8:27:eb:63:a1:e3', [-68, -81, -72, -64, -72, -79])]
09:10:20.567312,(-88,-75,-97),(-85,-78,-88),(-64,-52,-73),(-77,-69,-85),(-75,-66,-93),(-74,-61,-82)
[('b8:27:eb:b6:43:f8', [-90, -97, -75]), ('b8:27:eb:d3:4c:7f', [-82, -87, -78, -88, -86]), ('b8:27:eb:cd:4b:81', [-71, -73, -52, -67, -69, -68, -55, -53]), ('b8:27:eb:ee:32:b8', [-76, -69, -85, -82, -73, -81, -70]), ('b8:27:eb:e7:50:37', [-68, -68, -93, -79, -76, -66]), ('b8:27:eb:63:a1:e3', [-82, -71, -61, -68, -77, -78, -80])]
09:10:22.474697,(-86,-76,-96),(-77,-63,-97),(-64,-54,-70),(-77,-67,-94),(-78,-70,-86),(-75,-57,-86)
[('b8:27:eb:b6:43:f8', [-80, -76, -96, -90]), ('b8:27:eb:d3:4c:7f', [-81, -87, -63, -97, -76, -70, -79, -64, -70]), ('b8:27:eb:cd:4b:81', [-67, -69, -64, -58, -70, -54, -57, -68]), ('b8:27:eb:ee:32:b8', [-83, -69, -94, -79, -67, -74, -74, -72]), ('b8:27:eb:e7:50:37', [-82, -76, -86, -80, -73, -70, -74, -81]), ('b8:27:eb:63:a1:e3', [-68, -78, -78, -77, -86, -82, -67, -57, -75])]
09:10:24.402766,(-89,-81,-98),(-71,-59,-83),(-74,-51,-91),(-67,-51,-73),(-81,-69,-92),(-74,-62,-83)
[('b8:27:eb:b6:43:f8', [-81, -90, -98, -86, -97, -84, -83]), ('b8:27:eb:d3:4c:7f', [-82, -62, -67, -67, -80, -59, -83, -62]), ('b8:27:eb:cd:4b:81', [-51, -91, -71, -68, -85, -79, -70]), ('b8:27:eb:ee:32:b8', [-72, -51, -67, -73, -59, -72, -69]), ('b8:27:eb:e7:50:37', [-74, -84, -79, -83, -92, -83, -78, -69, -80]), ('b8:27:eb:63:a1:e3', [-70, -80, -73, -73, -74, -83, -62])]
09:10:26.293925,(-91,-85,-97),(-74,-60,-80),(-69,-63,-75),(-69,-50,-81),(-76,-61,-87),(-78,-70,-85)
[('b8:27:eb:b6:43:f8', [-97, -95, -85, -85, -89]), ('b8:27:eb:d3:4c:7f', [-69, -75, -79, -80, -71, -77, -60, -75]), ('b8:27:eb:cd:4b:81', [-63, -74, -75, -64]), ('b8:27:eb:ee:32:b8', [-50, -72, -72, -68, -69, -81]), ('b8:27:eb:e7:50:37', [-78, -78, -61, -74, -87, -75]), ('b8:27:eb:63:a1:e3', [-78, -77, -74, -70, -82, -85])]
09:10:28.232302,(-81,-81,-81),(-76,-62,-88),(-62,-50,-72),(-66,-51,-74),(-74,-59,-82),(-77,-73,-80)
[('b8:27:eb:b6:43:f8', [-81]), ('b8:27:eb:d3:4c:7f', [-76, -62, -67, -88, -83, -78]), ('b8:27:eb:cd:4b:81', [-70, -50, -56, -72, -67, -72, -61, -51, -58]), ('b8:27:eb:ee:32:b8', [-71, -71, -52, -51, -72, -71, -74]), ('b8:27:eb:e7:50:37', [-59, -72, -82, -70, -76, -73, -79, -73, -78]), ('b8:27:eb:63:a1:e3', [-80, -76, -73, -77])]
09:10:30.147353,(-83,-76,-89),(-90,-87,-92),(-64,-52,-72),(-70,-54,-78),(-77,-69,-84),(-82,-73,-95)
[('b8:27:eb:b6:43:f8', [-76, -89, -83]), ('b8:27:eb:d3:4c:7f', [-91, -92, -87]), ('b8:27:eb:cd:4b:81', [-63, -72, -65, -69, -63, -64, -61, -52]), ('b8:27:eb:ee:32:b8', [-66, -73, -78, -72, -68, -78, -54, -69]), ('b8:27:eb:e7:50:37', [-69, -81, -72, -84, -76]), ('b8:27:eb:63:a1:e3', [-81, -79, -73, -79, -74, -85, -85, -95])]
09:10:32.058726,(-91,-89,-92),(-83,-74,-89),(-72,-62,-78),(-63,-45,-82),(-76,-60,-91),(-71,-57,-80)
[('b8:27:eb:b6:43:f8', [-92, -92, -89, -90, -90]), ('b8:27:eb:d3:4c:7f', [-77, -80, -89, -87, -88, -74]), ('b8:27:eb:cd:4b:81', [-65, -69, -73, -62, -78, -76, -76]), ('b8:27:eb:ee:32:b8', [-45, -64, -62, -68, -82, -49, -72, -56]), ('b8:27:eb:e7:50:37', [-60, -73, -83, -79, -91, -70]), ('b8:27:eb:63:a1:e3', [-62, -80, -74, -57, -79, -72, -76, -71, -68])]
09:10:33.950407,(-87,-78,-93),(-81,-79,-83),(-72,-54,-83),(-65,-56,-73),(-84,-73,-91),(-73,-62,-76)
[('b8:27:eb:b6:43:f8', [-89, -93, -78]), ('b8:27:eb:d3:4c:7f', [-83, -81, -79, -80, -80, -79]), ('b8:27:eb:cd:4b:81', [-81, -77, -62, -68, -81, -73, -71, -83, -64, -54]), ('b8:27:eb:ee:32:b8', [-60, -56, -73, -67, -65]), ('b8:27:eb:e7:50:37', [-84, -88, -84, -81, -73, -91, -82]), ('b8:27:eb:63:a1:e3', [-76, -73, -76, -74, -74, -62])]
09:10:35.877964,(-91,-76,-102),(-83,-77,-85),(-70,-52,-88),(-67,-57,-81),(-80,-75,-87),(-73,-54,-84)
[('b8:27:eb:b6:43:f8', [-93, -91, -76, -90, -91, -102]), ('b8:27:eb:d3:4c:7f', [-85, -84, -81, -77, -84, -82]), ('b8:27:eb:cd:4b:81', [-68, -52, -88, -67, -73, -69]), ('b8:27:eb:ee:32:b8', [-66, -69, -69, -67, -67, -57, -60, -81]), ('b8:27:eb:e7:50:37', [-76, -82, -78, -75, -87]), ('b8:27:eb:63:a1:e3', [-67, -72, -54, -75, -78, -76, -77, -84])]
09:10:37.848665,(-88,-85,-92),(-77,-69,-81),(-70,-55,-81),(-70,-51,-81),(-80,-66,-87),(-72,-57,-81)
[('b8:27:eb:b6:43:f8', [-85, -87, -87, -92, -86]), ('b8:27:eb:d3:4c:7f', [-81, -73, -79, -76, -69, -79]), ('b8:27:eb:cd:4b:81', [-67, -69, -77, -74, -60, -74, -70, -81, -68, -55]), ('b8:27:eb:ee:32:b8', [-70, -76, -81, -67, -64, -74, -72, -68, -51]), ('b8:27:eb:e7:50:37', [-87, -81, -83, -73, -66, -85]), ('b8:27:eb:63:a1:e3', [-77, -81, -70, -69, -57, -75, -72])]
09:10:39.763576,(-90,-87,-96),(-76,-71,-85),(-72,-68,-74),(-66,-58,-81),(-75,-68,-78),(-75,-62,-82)
[('b8:27:eb:b6:43:f8', [-89, -96, -91, -87, -87]), ('b8:27:eb:d3:4c:7f', [-72, -85, -71, -74, -75, -77]), ('b8:27:eb:cd:4b:81', [-72, -68, -73, -71, -71, -74, -69]), ('b8:27:eb:ee:32:b8', [-81, -62, -69, -60, -58, -60, -66]), ('b8:27:eb:e7:50:37', [-73, -77, -75, -74, -75, -73, -78, -68, -77]), ('b8:27:eb:63:a1:e3', [-70, -73, -82, -80, -82, -72, -62, -79])]
09:10:41.680439,(-88,-77,-98),(-74,-67,-89),(-66,-51,-74),(-75,-71,-80),(-80,-72,-85),(-76,-60,-91)
[('b8:27:eb:b6:43:f8', [-98, -82, -77, -92]), ('b8:27:eb:d3:4c:7f', [-69, -67, -74, -71, -72, -89, -72]), ('b8:27:eb:cd:4b:81', [-66, -66, -70, -74, -71, -51, -65, -62]), ('b8:27:eb:ee:32:b8', [-73, -80, -76, -72, -71]), ('b8:27:eb:e7:50:37', [-72, -77, -79, -84, -85, -80]), ('b8:27:eb:63:a1:e3', [-88, -71, -60, -68, -91, -78])]
09:10:43.610522,(-88,-80,-94),(-76,-70,-84),(-73,-67,-80),(-64,-51,-74),(-81,-74,-94),(-77,-73,-81)
[('b8:27:eb:b6:43:f8', [-94, -91, -85, -80]), ('b8:27:eb:d3:4c:7f', [-84, -70, -80, -72, -71]), ('b8:27:eb:cd:4b:81', [-80, -72, -74, -68, -69, -71, -67, -78, -74]), ('b8:27:eb:ee:32:b8', [-74, -64, -51, -52, -61, -70, -70, -67]), ('b8:27:eb:e7:50:37', [-83, -75, -80, -76, -81, -76, -94, -86, -79, -74]), ('b8:27:eb:63:a1:e3', [-76, -81, -73, -77])]
09:10:45.514690,(-89,-84,-91),(-81,-69,-87),(-76,-63,-94),(-67,-51,-84),(-76,-62,-99),(-70,-56,-80)
[('b8:27:eb:b6:43:f8', [-91, -89, -91, -84]), ('b8:27:eb:d3:4c:7f', [-83, -85, -69, -87]), ('b8:27:eb:cd:4b:81', [-63, -74, -75, -75, -72, -78, -73, -94]), ('b8:27:eb:ee:32:b8', [-68, -56, -71, -64, -74, -84, -51]), ('b8:27:eb:e7:50:37', [-80, -73, -82, -66, -66, -62, -65, -99, -77, -83]), ('b8:27:eb:63:a1:e3', [-80, -71, -68, -56, -71, -74, -69])]
09:10:47.472989,(-92,-89,-94),(-79,-73,-86),(-74,-69,-80),(-59,-51,-61),(-77,-72,-82),(-71,-62,-82)
[('b8:27:eb:b6:43:f8', [-93, -94, -89]), ('b8:27:eb:d3:4c:7f', [-86, -76, -79, -78, -77, -73]), ('b8:27:eb:cd:4b:81', [-72, -74, -80, -69, -77, -74, -74, -71]), ('b8:27:eb:ee:32:b8', [-61, -61, -51, -61, -60, -60, -59]), ('b8:27:eb:e7:50:37', [-75, -79, -72, -80, -82, -75, -74]), ('b8:27:eb:63:a1:e3', [-65, -62, -74, -82, -75, -68])]
09:10:49.378720,(-90,-87,-92),(-82,-78,-85),(-65,-48,-76),(-64,-45,-74),(-76,-66,-82),(-70,-59,-78)
[('b8:27:eb:b6:43:f8', [-89, -92, -87]), ('b8:27:eb:d3:4c:7f', [-84, -85, -78, -78]), ('b8:27:eb:cd:4b:81', [-48, -70, -70, -57, -69, -53, -74, -76]), ('b8:27:eb:ee:32:b8', [-45, -67, -63, -74, -62, -71]), ('b8:27:eb:e7:50:37', [-79, -77, -68, -80, -66, -82, -77]), ('b8:27:eb:63:a1:e3', [-77, -78, -59, -60, -73, -67, -72, -73])]
09:10:51.305047,(-88,-79,-96),(-79,-72,-87),(-71,-62,-79),(-71,-60,-80),(-79,-72,-90),(-73,-60,-82)
[('b8:27:eb:b6:43:f8', [-96, -79, -88]), ('b8:27:eb:d3:4c:7f', [-72, -80, -80, -87, -79, -80, -84, -76, -73]), ('b8:27:eb:cd:4b:81', [-67, -62, -67, -63, -75, -73, -65, -76, -74, -79]), ('b8:27:eb:ee:32:b8', [-80, -70, -70, -65, -72, -76, -60, -73, -68]), ('b8:27:eb:e7:50:37', [-90, -77, -84, -78, -76, -72, -76]), ('b8:27:eb:63:a1:e3', [-82, -60, -74, -73])]
09:10:53.225000,(-90,-84,-96),(-77,-67,-83),(-65,-52,-78),(-69,-56,-76),(-72,-59,-95),(-76,-69,-87)
[('b8:27:eb:b6:43:f8', [-90, -87, -96, -89, -84, -91]), ('b8:27:eb:d3:4c:7f', [-70, -79, -81, -73, -76, -83, -76, -67, -80]), ('b8:27:eb:cd:4b:81', [-52, -72, -65, -78, -72, -56, -56]), ('b8:27:eb:ee:32:b8', [-74, -56, -71, -62, -70, -76, -74, -60, -73]), ('b8:27:eb:e7:50:37', [-59, -68, -59, -72, -95, -77, -71, -72]), ('b8:27:eb:63:a1:e3', [-70, -87, -74, -74, -69, -79, -78])]
09:10:55.129627,(-87,-76,-97),(-78,-67,-88),(-65,-49,-72),(-71,-64,-81),(-71,-62,-77),(-74,-56,-94)
[('b8:27:eb:b6:43:f8', [-80, -77, -97, -76, -91, -89, -94]), ('b8:27:eb:d3:4c:7f', [-76, -79, -67, -75, -82, -88]), ('b8:27:eb:cd:4b:81', [-69, -66, -49, -71, -67, -66, -72, -60]), ('b8:27:eb:ee:32:b8', [-69, -66, -64, -81, -71]), ('b8:27:eb:e7:50:37', [-73, -72, -70, -62, -77]), ('b8:27:eb:63:a1:e3', [-94, -56, -73, -79, -69, -68, -71, -76])]
09:10:57.057577,(-85,-67,-91),(-78,-70,-85),(-69,-62,-80),(-69,-53,-85),(-81,-73,-91),(-70,-60,-76)
[('b8:27:eb:b6:43:f8', [-91, -67, -90, -86, -88]), ('b8:27:eb:d3:4c:7f', [-85, -77, -78, -70]), ('b8:27:eb:cd:4b:81', [-62, -73, -68, -67, -80, -75, -65, -62]), ('b8:27:eb:ee:32:b8', [-53, -62, -63, -65, -67, -68, -71, -78, -85, -74]), ('b8:27:eb:e7:50:37', [-91, -73, -76, -75, -90, -85, -75]), ('b8:27:eb:63:a1:e3', [-71, -60, -71, -61, -76, -72, -73])]
09:10:58.956108,(-87,-71,-98),(-76,-67,-89),(-63,-48,-75),(-75,-63,-82),(-77,-59,-94),(-75,-62,-83)
[('b8:27:eb:b6:43:f8', [-71, -96, -93, -98, -78, -86, -87]), ('b8:27:eb:d3:4c:7f', [-89, -67, -72, -89, -76, -67, -79, -69]), ('b8:27:eb:cd:4b:81', [-50, -60, -69, -58, -68, -72, -48, -75, -59, -70]), ('b8:27:eb:ee:32:b8', [-76, -70, -75, -78, -76, -82, -63, -77]), ('b8:27:eb:e7:50:37', [-72, -79, -59, -72, -79, -74, -78, -79, -94]), ('b8:27:eb:63:a1:e3', [-72, -62, -73, -72, -80, -73, -83, -80, -76])]
09:11:00.841139,(-89,-82,-94),(-79,-75,-82),(-67,-57,-75),(-74,-66,-79),(-76,-65,-84),(-74,-71,-80)
[('b8:27:eb:b6:43:f8', [-88, -82, -90, -91, -94, -83, -93]), ('b8:27:eb:d3:4c:7f', [-79, -82, -82, -79, -75, -81, -75]), ('b8:27:eb:cd:4b:81', [-72, -57, -71, -70, -59, -75, -65, -67]), ('b8:27:eb:ee:32:b8', [-76, -77, -67, -67, -79, -66, -76, -75, -77]), ('b8:27:eb:e7:50:37', [-65, -70, -66, -82, -84, -84, -81, -69]), ('b8:27:eb:63:a1:e3', [-71, -75, -74, -73, -72, -71, -80, -74, -72])]
09:11:02.750531,(-85,-82,-89),(-83,-74,-90),(-71,-68,-75),(-75,-62,-81),(-75,-65,-84),(-75,-59,-81)
[('b8:27:eb:b6:43:f8', [-84, -83, -82, -89]), ('b8:27:eb:d3:4c:7f', [-86, -90, -79, -78, -85, -89, -74]), ('b8:27:eb:cd:4b:81', [-70, -71, -68, -75]), ('b8:27:eb:ee:32:b8', [-76, -81, -73, -77, -62, -75, -76, -73]), ('b8:27:eb:e7:50:37', [-70, -73, -84, -79, -65, -78]), ('b8:27:eb:63:a1:e3', [-81, -71, -81, -73, -59, -79, -79, -72])]
09:11:04.690555,(-93,-83,-97),(-74,-62,-84),(-66,-55,-70),(-77,-68,-84),(-76,-67,-84),(-71,-59,-79)
[('b8:27:eb:b6:43:f8', [-97, -94, -83, -96]), ('b8:27:eb:d3:4c:7f', [-62, -81, -71, -83, -62, -66, -84, -76]), ('b8:27:eb:cd:4b:81', [-67, -65, -68, -67, -70, -65, -55]), ('b8:27:eb:ee:32:b8', [-70, -68, -78, -80, -72, -72, -78, -83, -84]), ('b8:27:eb:e7:50:37', [-84, -79, -68, -74, -74, -74, -67, -81]), ('b8:27:eb:63:a1:e3', [-72, -69, -79, -76, -59, -66])]
09:11:06.623035,(-90,-86,-94),(-74,-61,-90),(-67,-55,-78),(-71,-55,-80),(-75,-58,-80),(-80,-61,-91)
[('b8:27:eb:b6:43:f8', [-86, -90, -94]), ('b8:27:eb:d3:4c:7f', [-67, -61, -78, -90, -67, -75, -78]), ('b8:27:eb:cd:4b:81', [-55, -61, -66, -78, -75, -61, -60, -75]), ('b8:27:eb:ee:32:b8', [-80, -55, -79, -71, -68]), ('b8:27:eb:e7:50:37', [-74, -76, -77, -80, -80, -58]), ('b8:27:eb:63:a1:e3', [-61, -91, -87, -83, -76, -79, -81, -77])]
09:11:08.560095,(-86,-75,-97),(-73,-67,-77),(-66,-47,-84),(-82,-71,-92),(-72,-58,-79),(-66,-58,-77)
[('b8:27:eb:b6:43:f8', [-97, -90, -75, -81]), ('b8:27:eb:d3:4c:7f', [-77, -77, -68, -67, -72]), ('b8:27:eb:cd:4b:81', [-62, -79, -62, -69, -47, -84, -68, -55, -61]), ('b8:27:eb:ee:32:b8', [-92, -71, -81, -87, -74, -84]), ('b8:27:eb:e7:50:37', [-58, -73, -79, -70, -69, -72, -72, -78]), ('b8:27:eb:63:a1:e3', [-77, -62, -66, -58])]
09:11:10.459525,(-89,-79,-96),(-81,-71,-89),(-73,-68,-84),(-70,-62,-77),(-69,-56,-81),(-70,-57,-74)
[('b8:27:eb:b6:43:f8', [-79, -91, -95, -90, -82, -96]), ('b8:27:eb:d3:4c:7f', [-73, -81, -71, -89, -80, -83, -84]), ('b8:27:eb:cd:4b:81', [-69, -84, -70, -77, -68, -75, -70, -69, -75]), ('b8:27:eb:ee:32:b8', [-63, -67, -67, -72, -77, -62, -76]), ('b8:27:eb:e7:50:37', [-56, -66, -72, -81, -68, -71, -62, -71]), ('b8:27:eb:63:a1:e3', [-65, -68, -73, -71, -57, -72, -74, -73])]
09:11:12.389354,(-92,-87,-94),(-74,-58,-88),(-69,-53,-73),(-73,-62,-79),(-78,-71,-80),(-71,-61,-76)
[('b8:27:eb:b6:43:f8', [-87, -91, -93, -93, -91, -94]), ('b8:27:eb:d3:4c:7f', [-84, -82, -88, -78, -60, -62, -58]), ('b8:27:eb:cd:4b:81', [-73, -72, -53, -69, -66, -69, -70, -71, -70, -70]), ('b8:27:eb:ee:32:b8', [-77, -67, -77, -73, -73, -62, -72, -79]), ('b8:27:eb:e7:50:37', [-79, -77, -71, -78, -80, -79, -80, -78]), ('b8:27:eb:63:a1:e3', [-76, -75, -66, -61, -73, -62, -76, -75, -69])]
09:11:14.287463,(-85,-71,-95),(-73,-56,-86),(-66,-58,-74),(-78,-66,-88),(-64,-52,-76),(-71,-62,-74)
[('b8:27:eb:b6:43:f8', [-86, -95, -86, -71, -90, -80, -83]), ('b8:27:eb:d3:4c:7f', [-74, -73, -59, -56, -86, -74, -83, -72]), ('b8:27:eb:cd:4b:81', [-74, -67, -69, -60, -70, -62, -58, -61, -67]), ('b8:27:eb:ee:32:b8', [-78, -76, -73, -66, -88, -78, -79, -80]), ('b8:27:eb:e7:50:37', [-67, -76, -52, -66, -76, -53, -53, -68]), ('b8:27:eb:63:a1:e3', [-71, -74, -73, -62, -72, -69, -74, -69])]
09:11:16.204785,(-86,-75,-91),(-78,-71,-82),(-64,-45,-70),(-79,-66,-95),(-70,-53,-81),(-73,-63,-89)
[('b8:27:eb:b6:43:f8', [-91, -90, -75]), ('b8:27:eb:d3:4c:7f', [-71, -82, -80, -80, -71, -79]), ('b8:27:eb:cd:4b:81', [-60, -70, -68, -62, -69, -61, -70, -67, -45]), ('b8:27:eb:ee:32:b8', [-77, -95, -77, -69, -84, -66, -87, -74]), ('b8:27:eb:e7:50:37', [-74, -79, -79, -53, -66, -69, -55, -81]), ('b8:27:eb:63:a1:e3', [-89, -68, -77, -76, -69, -76, -63, -67, -71])]
09:11:18.141776,(-87,-78,-92),(-77,-60,-82),(-69,-62,-72),(-72,-66,-77),(-78,-68,-83),(-75,-67,-89)
[('b8:27:eb:b6:43:f8', [-92, -84, -78, -92, -88]), ('b8:27:eb:d3:4c:7f', [-82, -78, -60, -73, -79, -82, -81]), ('b8:27:eb:cd:4b:81', [-71, -68, -71, -68, -62, -67, -67, -72]), ('b8:27:eb:ee:32:b8', [-75, -67, -73, -72, -77, -74, -66, -71]), ('b8:27:eb:e7:50:37', [-83, -78, -74, -82, -77, -81, -68]), ('b8:27:eb:63:a1:e3', [-67, -76, -73, -72, -83, -72, -75, -69, -89, -70])]
09:11:20.070531,(-89,-81,-97),(-84,-66,-92),(-78,-70,-84),(-73,-60,-85),(-75,-61,-84),(-81,-77,-87)
[('b8:27:eb:b6:43:f8', [-93, -86, -86, -97, -90, -81]), ('b8:27:eb:d3:4c:7f', [-82, -83, -83, -88, -66, -81, -92, -86, -89]), ('b8:27:eb:cd:4b:81', [-77, -70, -80, -72, -80, -84, -78, -80]), ('b8:27:eb:ee:32:b8', [-72, -72, -68, -76, -71, -60, -85, -77, -75]), ('b8:27:eb:e7:50:37', [-84, -75, -61, -67, -74, -79, -80, -77, -78]), ('b8:27:eb:63:a1:e3', [-78, -77, -87, -81, -86, -78, -81, -77, -80])]
09:11:22.004738,(-87,-78,-96),(-82,-77,-88),(-71,-58,-78),(-62,-48,-71),(-76,-60,-84),(-77,-52,-87)
[('b8:27:eb:b6:43:f8', [-78, -96, -87]), ('b8:27:eb:d3:4c:7f', [-79, -85, -85, -80, -77, -80, -78, -82, -88]), ('b8:27:eb:cd:4b:81', [-58, -78, -75, -72, -74, -67, -72, -70]), ('b8:27:eb:ee:32:b8', [-63, -71, -48, -49, -70, -64, -68]), ('b8:27:eb:e7:50:37', [-84, -67, -60, -79, -81, -81, -74]), ('b8:27:eb:63:a1:e3', [-86, -79, -84, -70, -80, -52, -87])]
