08:45:44.482924,(-71,-58,-85),(-68,-53,-75),(-69,-53,-80),(-85,-76,-94),(-72,-64,-84),(-56,-44,-65)
[('b8:27:eb:b6:43:f8', [-59, -85, -61, -73, -84, -84, -58, -62]), ('b8:27:eb:d3:4c:7f', [-58, -74, -68, -75, -68, -75, -53]), ('b8:27:eb:cd:4b:81', [-53, -70, -68, -80, -69, -69, -72]), ('b8:27:eb:ee:32:b8', [-93, -87, -82, -79, -88, -76, -94, -81]), ('b8:27:eb:e7:50:37', [-67, -64, -84, -71, -79, -67, -74, -66]), ('b8:27:eb:63:a1:e3', [-49, -47, -44, -62, -61, -60, -51, -64, -65])]
08:45:46.407586,(-71,-57,-78),(-61,-52,-68),(-68,-54,-78),(-84,-72,-97),(-75,-66,-88),(-60,-47,-72)
[('b8:27:eb:b6:43:f8', [-78, -67, -77, -77, -57, -71, -66]), ('b8:27:eb:d3:4c:7f', [-60, -53, -58, -52, -67, -62, -62, -68]), ('b8:27:eb:cd:4b:81', [-71, -78, -74, -69, -57, -66, -54, -73]), ('b8:27:eb:ee:32:b8', [-87, -97, -80, -72, -90, -81, -81]), ('b8:27:eb:e7:50:37', [-66, -88, -74, -71, -73]), ('b8:27:eb:63:a1:e3', [-69, -49, -62, -50, -69, -72, -47])]
08:45:48.357987,(-73,-56,-81),(-67,-56,-77),(-66,-53,-75),(-82,-72,-91),(-69,-56,-79),(-62,-45,-73)
[('b8:27:eb:b6:43:f8', [-56, -80, -71, -74, -75, -72, -68, -81]), ('b8:27:eb:d3:4c:7f', [-66, -77, -68, -68, -71, -65, -63, -56]), ('b8:27:eb:cd:4b:81', [-53, -67, -75, -55, -74, -63, -72]), ('b8:27:eb:ee:32:b8', [-80, -81, -91, -89, -84, -74, -72, -83]), ('b8:27:eb:e7:50:37', [-61, -56, -69, -72, -72, -76, -76, -65, -79, -60]), ('b8:27:eb:63:a1:e3', [-62, -59, -68, -50, -69, -45, -61, -64, -73])]
08:45:50.255343,(-72,-55,-90),(-60,-48,-70),(-70,-59,-81),(-80,-71,-88),(-72,-56,-82),(-59,-54,-65)
[('b8:27:eb:b6:43:f8', [-90, -75, -73, -56, -55, -70, -76, -78]), ('b8:27:eb:d3:4c:7f', [-63, -48, -59, -61, -59, -63, -66, -70, -49]), ('b8:27:eb:cd:4b:81', [-70, -70, -81, -60, -78, -72, -71, -70, -59, -68]), ('b8:27:eb:ee:32:b8', [-74, -80, -88, -85, -74, -71, -85]), ('b8:27:eb:e7:50:37', [-71, -71, -67, -71, -82, -78, -74, -77, -56]), ('b8:27:eb:63:a1:e3', [-65, -57, -57, -58, -58, -65, -57, -54, -54, -57])]
08:45:52.178458,(-71,-58,-81),(-67,-59,-83),(-72,-70,-76),(-84,-75,-90),(-73,-57,-83),(-53,-46,-55)
[('b8:27:eb:b6:43:f8', [-76, -71, -69, -81, -58]), ('b8:27:eb:d3:4c:7f', [-62, -83, -59, -61, -71, -67, -62, -67]), ('b8:27:eb:cd:4b:81', [-72, -71, -76, -71, -71, -70]), ('b8:27:eb:ee:32:b8', [-82, -90, -87, -75, -85, -82]), ('b8:27:eb:e7:50:37', [-74, -81, -83, -78, -68, -57, -59, -79, -70]), ('b8:27:eb:63:a1:e3', [-55, -54, -51, -55, -52, -46, -52])]
08:45:54.121357,(-71,-60,-79),(-60,-48,-69),(-71,-54,-81),(-82,-69,-90),(-74,-68,-83),(-54,-38,-69)
[('b8:27:eb:b6:43:f8', [-79, -69, -67, -72, -73, -76, -60]), ('b8:27:eb:d3:4c:7f', [-48, -51, -69, -59, -61, -64, -65]), ('b8:27:eb:cd:4b:81', [-54, -73, -81, -72, -72, -72]), ('b8:27:eb:ee:32:b8', [-69, -83, -89, -80, -79, -90, -83]), ('b8:27:eb:e7:50:37', [-69, -69, -68, -80, -83, -73, -72, -71, -73]), ('b8:27:eb:63:a1:e3', [-59, -38, -41, -69, -48, -58, -55, -60])]
08:45:56.030729,(-73,-57,-84),(-63,-50,-72),(-65,-53,-74),(-87,-74,-96),(-75,-62,-94),(-63,-51,-81)
[('b8:27:eb:b6:43:f8', [-75, -84, -82, -62, -72, -57, -72, -68, -81]), ('b8:27:eb:d3:4c:7f', [-50, -66, -66, -71, -55, -62, -62, -57, -72]), ('b8:27:eb:cd:4b:81', [-65, -68, -53, -55, -70, -58, -73, -74]), ('b8:27:eb:ee:32:b8', [-90, -92, -84, -80, -74, -93, -85, -96]), ('b8:27:eb:e7:50:37', [-73, -70, -62, -72, -94, -68, -83, -72]), ('b8:27:eb:63:a1:e3', [-54, -51, -72, -81, -70, -57, -55])]
08:45:57.960841,(-72,-56,-77),(-64,-56,-73),(-73,-53,-88),(-89,-84,-92),(-67,-55,-79),(-65,-50,-74)
[('b8:27:eb:b6:43:f8', [-75, -75, -70, -72, -73, -73, -56, -69, -77]), ('b8:27:eb:d3:4c:7f', [-73, -62, -56, -62, -61, -72, -57, -67]), ('b8:27:eb:cd:4b:81', [-70, -68, -66, -71, -88, -53, -76, -76, -83]), ('b8:27:eb:ee:32:b8', [-92, -89, -92, -84, -86, -88, -87]), ('b8:27:eb:e7:50:37', [-66, -68, -71, -55, -71, -56, -79]), ('b8:27:eb:63:a1:e3', [-64, -65, -52, -50, -56, -73, -74, -74, -74])]
08:45:59.877916,(-71,-58,-87),(-69,-60,-77),(-74,-68,-78),(-82,-70,-89),(-75,-62,-86),(-64,-55,-73)
[('b8:27:eb:b6:43:f8', [-73, -58, -75, -59, -71, -87]), ('b8:27:eb:d3:4c:7f', [-60, -74, -61, -70, -77]), ('b8:27:eb:cd:4b:81', [-75, -72, -76, -78, -75, -72, -73, -68, -69]), ('b8:27:eb:ee:32:b8', [-89, -87, -70, -87, -77]), ('b8:27:eb:e7:50:37', [-86, -69, -83, -69, -82, -73, -73, -62]), ('b8:27:eb:63:a1:e3', [-67, -66, -73, -55, -69, -55, -61])]
08:46:01.774061,(-75,-72,-79),(-62,-49,-68),(-68,-51,-77),(-80,-70,-85),(-74,-59,-81),(-68,-52,-79)
[('b8:27:eb:b6:43:f8', [-79, -74, -75, -74, -72, -73, -79, -73]), ('b8:27:eb:d3:4c:7f', [-62, -67, -63, -49, -58, -65, -68, -63]), ('b8:27:eb:cd:4b:81', [-77, -51, -70, -77, -71, -75, -61, -56]), ('b8:27:eb:ee:32:b8', [-85, -76, -70, -85, -81]), ('b8:27:eb:e7:50:37', [-76, -74, -59, -72, -71, -72, -77, -76, -81]), ('b8:27:eb:63:a1:e3', [-52, -72, -72, -79, -72, -70, -69, -56, -70])]
08:46:03.672933,(-79,-71,-88),(-58,-45,-66),(-65,-52,-72),(-85,-76,-89),(-77,-60,-96),(-71,-58,-84)
[('b8:27:eb:b6:43:f8', [-73, -77, -77, -74, -88, -82, -78, -87, -71]), ('b8:27:eb:d3:4c:7f', [-63, -59, -66, -62, -51, -45, -55]), ('b8:27:eb:cd:4b:81', [-64, -72, -67, -52, -63, -62, -68, -66, -63]), ('b8:27:eb:ee:32:b8', [-87, -76, -86, -81, -86, -83, -87, -89]), ('b8:27:eb:e7:50:37', [-80, -96, -85, -76, -75, -76, -60, -60, -79]), ('b8:27:eb:63:a1:e3', [-73, -80, -68, -84, -63, -58])]
08:46:05.590914,(-76,-69,-83),(-64,-55,-72),(-68,-56,-76),(-84,-71,-100),(-75,-69,-78),(-60,-49,-73)
[('b8:27:eb:b6:43:f8', [-69, -79, -83, -75, -76, -72, -72, -75]), ('b8:27:eb:d3:4c:7f', [-55, -69, -67, -57, -72, -70, -55]), ('b8:27:eb:cd:4b:81', [-64, -56, -57, -71, -74, -69, -76, -72, -72]), ('b8:27:eb:ee:32:b8', [-76, -100, -92, -71, -80]), ('b8:27:eb:e7:50:37', [-78, -69, -73, -76, -77, -78, -73, -72]), ('b8:27:eb:63:a1:e3', [-50, -73, -49, -68, -61, -53, -63, -59, -57])]
08:46:07.520856,(-71,-59,-79),(-66,-47,-84),(-69,-61,-73),(-84,-77,-88),(-75,-68,-82),(-56,-43,-62)
[('b8:27:eb:b6:43:f8', [-72, -71, -69, -79, -71, -59, -70]), ('b8:27:eb:d3:4c:7f', [-71, -61, -47, -69, -71, -69, -63, -59, -84]), ('b8:27:eb:cd:4b:81', [-61, -67, -67, -68, -72, -70, -73, -70]), ('b8:27:eb:ee:32:b8', [-88, -77, -83, -85, -82, -87]), ('b8:27:eb:e7:50:37', [-75, -72, -82, -76, -76, -76, -76, -68, -74, -74]), ('b8:27:eb:63:a1:e3', [-57, -53, -59, -60, -54, -43, -54, -62])]
08:46:09.421643,(-69,-55,-77),(-65,-54,-73),(-65,-56,-70),(-87,-81,-93),(-74,-57,-83),(-54,-45,-72)
[('b8:27:eb:b6:43:f8', [-72, -71, -72, -56, -74, -77, -70, -71, -55]), ('b8:27:eb:d3:4c:7f', [-69, -68, -61, -63, -69, -73, -54, -68, -60]), ('b8:27:eb:cd:4b:81', [-57, -70, -68, -56, -70]), ('b8:27:eb:ee:32:b8', [-82, -84, -91, -93, -89, -89, -81]), ('b8:27:eb:e7:50:37', [-70, -76, -83, -77, -81, -68, -57, -77, -73]), ('b8:27:eb:63:a1:e3', [-49, -54, -45, -52, -54, -50, -72])]
08:46:11.341974,(-80,-60,-93),(-62,-48,-73),(-69,-57,-78),(-88,-84,-92),(-69,-61,-76),(-75,-69,-80)
[('b8:27:eb:b6:43:f8', [-73, -85, -80, -85, -78, -93, -60, -79]), ('b8:27:eb:d3:4c:7f', [-62, -53, -56, -48, -68, -64, -73, -71]), ('b8:27:eb:cd:4b:81', [-74, -57, -78, -63, -73, -72, -60]), ('b8:27:eb:ee:32:b8', [-92, -85, -89, -86, -84, -88, -86, -87]), ('b8:27:eb:e7:50:37', [-63, -61, -76, -75, -72, -62]), ('b8:27:eb:63:a1:e3', [-75, -78, -75, -80, -69, -73])]
08:46:13.268124,(-74,-61,-84),(-64,-49,-73),(-63,-53,-74),(-85,-70,-98),(-75,-67,-86),(-62,-59,-67)
[('b8:27:eb:b6:43:f8', [-61, -81, -77, -75, -70, -68, -84]), ('b8:27:eb:d3:4c:7f', [-69, -49, -73, -69, -71, -71, -51, -59]), ('b8:27:eb:cd:4b:81', [-74, -71, -64, -57, -55, -53, -54, -67, -71]), ('b8:27:eb:ee:32:b8', [-70, -85, -98, -90, -75, -87, -89]), ('b8:27:eb:e7:50:37', [-67, -72, -77, -72, -76, -76, -86, -69]), ('b8:27:eb:63:a1:e3', [-67, -59, -59])]
08:46:15.189127,(-68,-60,-76),(-61,-49,-76),(-70,-56,-82),(-79,-70,-83),(-76,-70,-86),(-59,-39,-75)
[('b8:27:eb:b6:43:f8', [-61, -60, -68, -73, -60, -75, -76]), ('b8:27:eb:d3:4c:7f', [-51, -49, -70, -54, -60, -58, -70, -76]), ('b8:27:eb:cd:4b:81', [-72, -56, -58, -82, -71, -75, -72, -69]), ('b8:27:eb:ee:32:b8', [-70, -73, -82, -83, -77, -81, -83]), ('b8:27:eb:e7:50:37', [-75, -71, -81, -77, -74, -70, -86, -74]), ('b8:27:eb:63:a1:e3', [-65, -58, -49, -56, -75, -71, -39])]
08:46:17.077280,(-73,-57,-82),(-61,-44,-71),(-68,-51,-74),(-87,-72,-94),(-80,-74,-87),(-60,-44,-72)
[('b8:27:eb:b6:43:f8', [-72, -75, -61, -77, -81, -57, -77, -82, -72]), ('b8:27:eb:d3:4c:7f', [-44, -61, -59, -71, -53, -62, -66, -62, -61, -71]), ('b8:27:eb:cd:4b:81', [-67, -51, -66, -71, -74, -66, -73, -74]), ('b8:27:eb:ee:32:b8', [-87, -94, -90, -91, -72]), ('b8:27:eb:e7:50:37', [-76, -79, -76, -74, -87, -83]), ('b8:27:eb:63:a1:e3', [-57, -55, -44, -49, -63, -64, -72, -70])]
08:46:18.971437,(-72,-59,-81),(-61,-46,-70),(-62,-52,-67),(-83,-75,-92),(-80,-74,-82),(-73,-67,-84)
[('b8:27:eb:b6:43:f8', [-74, -66, -67, -81, -59, -78, -77]), ('b8:27:eb:d3:4c:7f', [-68, -58, -62, -57, -61, -46, -61, -65, -70, -55]), ('b8:27:eb:cd:4b:81', [-65, -52, -66, -56, -63, -63, -58, -67, -63]), ('b8:27:eb:ee:32:b8', [-83, -80, -81, -75, -87, -92]), ('b8:27:eb:e7:50:37', [-82, -78, -74, -82, -82]), ('b8:27:eb:63:a1:e3', [-74, -69, -68, -70, -84, -67, -75, -77])]
08:46:20.865458,(-73,-65,-79),(-65,-50,-72),(-63,-50,-78),(-90,-83,-96),(-87,-79,-97),(-72,-55,-79)
[('b8:27:eb:b6:43:f8', [-74, -73, -79, -65]), ('b8:27:eb:d3:4c:7f', [-63, -72, -69, -61, -63, -71, -50, -62, -70]), ('b8:27:eb:cd:4b:81', [-68, -66, -55, -52, -69, -50, -66, -78, -57]), ('b8:27:eb:ee:32:b8', [-92, -90, -87, -96, -83, -89]), ('b8:27:eb:e7:50:37', [-79, -97, -90, -82]), ('b8:27:eb:63:a1:e3', [-73, -78, -55, -78, -69, -70, -79])]
08:46:22.765404,(-77,-66,-89),(-63,-50,-74),(-68,-59,-77),(-89,-83,-96),(-80,-74,-95),(-69,-59,-78)
[('b8:27:eb:b6:43:f8', [-76, -70, -74, -89, -78, -74, -66, -84]), ('b8:27:eb:d3:4c:7f', [-56, -62, -71, -63, -74, -65, -60, -64, -50]), ('b8:27:eb:cd:4b:81', [-68, -67, -65, -67, -67, -77, -59]), ('b8:27:eb:ee:32:b8', [-89, -89, -83, -87, -95, -96, -84]), ('b8:27:eb:e7:50:37', [-74, -76, -79, -78, -78, -78, -95, -82]), ('b8:27:eb:63:a1:e3', [-59, -67, -66, -74, -67, -70, -78])]
08:46:24.728356,(-71,-57,-91),(-66,-56,-76),(-67,-54,-80),(-87,-82,-97),(-81,-67,-88),(-64,-50,-73)
[('b8:27:eb:b6:43:f8', [-91, -72, -57, -63, -70, -72, -71, -65, -72, -75]), ('b8:27:eb:d3:4c:7f', [-69, -76, -66, -67, -56, -57, -74, -57]), ('b8:27:eb:cd:4b:81', [-67, -69, -72, -67, -80, -54, -58, -66]), ('b8:27:eb:ee:32:b8', [-84, -82, -85, -97, -86, -82, -86, -89]), ('b8:27:eb:e7:50:37', [-67, -75, -88, -88, -87, -76]), ('b8:27:eb:63:a1:e3', [-73, -67, -69, -66, -68, -55, -71, -56, -50])]
08:46:26.652679,(-73,-60,-81),(-65,-51,-71),(-73,-57,-86),(-84,-74,-97),(-70,-54,-78),(-65,-50,-80)
[('b8:27:eb:b6:43:f8', [-76, -73, -79, -60, -72, -64, -74, -81]), ('b8:27:eb:d3:4c:7f', [-54, -70, -68, -71, -51, -66, -68, -68]), ('b8:27:eb:cd:4b:81', [-72, -86, -67, -57, -78, -74, -71, -73]), ('b8:27:eb:ee:32:b8', [-85, -97, -87, -77, -81, -74]), ('b8:27:eb:e7:50:37', [-73, -62, -68, -73, -73, -54, -78, -72, -69]), ('b8:27:eb:63:a1:e3', [-64, -71, -70, -50, -80, -65, -65, -54])]
08:46:28.538324,(-75,-69,-86),(-64,-47,-71),(-71,-59,-79),(-80,-72,-89),(-76,-62,-90),(-58,-40,-68)
[('b8:27:eb:b6:43:f8', [-70, -69, -73, -72, -86, -77, -73, -75, -73]), ('b8:27:eb:d3:4c:7f', [-71, -64, -64, -47, -68, -64, -67, -60]), ('b8:27:eb:cd:4b:81', [-78, -79, -72, -64, -74, -59, -71, -70]), ('b8:27:eb:ee:32:b8', [-82, -72, -89, -74, -82]), ('b8:27:eb:e7:50:37', [-72, -68, -71, -90, -62, -82, -86]), ('b8:27:eb:63:a1:e3', [-61, -68, -65, -56, -48, -61, -67, -54, -40, -54])]
08:46:30.464942,(-77,-65,-84),(-61,-48,-71),(-67,-55,-81),(-86,-75,-91),(-75,-61,-80),(-61,-49,-72)
[('b8:27:eb:b6:43:f8', [-70, -84, -81, -82, -65, -74, -80]), ('b8:27:eb:d3:4c:7f', [-69, -51, -69, -48, -56, -62, -71, -67, -53]), ('b8:27:eb:cd:4b:81', [-63, -61, -66, -55, -65, -69, -81, -72]), ('b8:27:eb:ee:32:b8', [-83, -88, -88, -85, -91, -75, -83, -89]), ('b8:27:eb:e7:50:37', [-75, -80, -61, -76, -71, -78, -78]), ('b8:27:eb:63:a1:e3', [-57, -66, -52, -55, -49, -70, -72, -71, -50])]
08:46:32.434811,(-78,-73,-82),(-60,-44,-76),(-67,-59,-72),(-86,-67,-95),(-75,-58,-94),(-65,-52,-71)
[('b8:27:eb:b6:43:f8', [-73, -77, -82, -80]), ('b8:27:eb:d3:4c:7f', [-55, -51, -50, -68, -67, -44, -76, -63]), ('b8:27:eb:cd:4b:81', [-59, -64, -66, -71, -60, -70, -72, -71]), ('b8:27:eb:ee:32:b8', [-87, -80, -67, -81, -95, -85, -93, -94, -88]), ('b8:27:eb:e7:50:37', [-94, -80, -74, -72, -64, -78, -58, -73, -60, -89]), ('b8:27:eb:63:a1:e3', [-64, -61, -52, -71, -70, -69, -64])]
08:46:34.365557,(-75,-62,-80),(-64,-55,-73),(-68,-55,-78),(-84,-73,-93),(-78,-61,-97),(-65,-51,-82)
[('b8:27:eb:b6:43:f8', [-73, -69, -62, -79, -78, -80, -72, -80]), ('b8:27:eb:d3:4c:7f', [-72, -62, -73, -67, -55, -56, -69, -57, -64]), ('b8:27:eb:cd:4b:81', [-78, -72, -58, -75, -55, -74, -66, -59]), ('b8:27:eb:ee:32:b8', [-93, -73, -86, -83, -85, -79]), ('b8:27:eb:e7:50:37', [-79, -71, -61, -78, -83, -97, -81, -72]), ('b8:27:eb:63:a1:e3', [-66, -62, -65, -82, -72, -72, -55, -54, -51, -66])]
08:46:36.254820,(-68,-60,-73),(-62,-56,-72),(-71,-51,-84),(-82,-70,-95),(-73,-68,-74),(-61,-47,-66)
[('b8:27:eb:b6:43:f8', [-73, -68, -72, -67, -60, -62, -69, -73]), ('b8:27:eb:d3:4c:7f', [-58, -72, -62, -61, -62, -65, -60, -61, -56]), ('b8:27:eb:cd:4b:81', [-79, -84, -51, -76, -53, -75, -61, -77, -78]), ('b8:27:eb:ee:32:b8', [-83, -94, -82, -79, -80, -80, -72, -95, -77, -70]), ('b8:27:eb:e7:50:37', [-74, -74, -73, -73, -73, -68, -73]), ('b8:27:eb:63:a1:e3', [-66, -61, -62, -59, -56, -61, -47, -61, -64, -64])]
08:46:38.187476,(-73,-65,-86),(-66,-53,-76),(-65,-53,-73),(-84,-71,-92),(-69,-55,-74),(-52,-36,-62)
[('b8:27:eb:b6:43:f8', [-65, -86, -85, -68, -65, -73, -66, -76]), ('b8:27:eb:d3:4c:7f', [-71, -53, -76, -66, -66, -61, -69, -63]), ('b8:27:eb:cd:4b:81', [-73, -56, -64, -73, -67, -53]), ('b8:27:eb:ee:32:b8', [-71, -92, -79, -84, -87, -88]), ('b8:27:eb:e7:50:37', [-55, -64, -70, -73, -71, -74, -73]), ('b8:27:eb:63:a1:e3', [-58, -55, -48, -36, -62, -48, -56])]
08:46:40.112478,(-72,-56,-84),(-59,-42,-67),(-61,-47,-69),(-85,-79,-90),(-74,-61,-86),(-65,-52,-76)
[('b8:27:eb:b6:43:f8', [-84, -67, -69, -74, -56, -78]), ('b8:27:eb:d3:4c:7f', [-59, -50, -50, -61, -65, -42, -67, -67, -62]), ('b8:27:eb:cd:4b:81', [-64, -61, -69, -68, -57, -47, -69, -53]), ('b8:27:eb:ee:32:b8', [-79, -90, -80, -88, -85, -85, -83]), ('b8:27:eb:e7:50:37', [-73, -80, -61, -62, -83, -73, -71, -86]), ('b8:27:eb:63:a1:e3', [-57, -76, -63, -64, -68, -57, -73, -52, -74])]
08:46:42.010970,(-81,-75,-95),(-60,-47,-71),(-67,-60,-74),(-86,-78,-96),(-74,-65,-80),(-68,-57,-82)
[('b8:27:eb:b6:43:f8', [-76, -95, -83, -81, -77, -80, -75, -76, -80, -78]), ('b8:27:eb:d3:4c:7f', [-56, -57, -65, -49, -62, -63, -55, -66, -71, -47]), ('b8:27:eb:cd:4b:81', [-66, -69, -74, -64, -65, -69, -65, -70, -60]), ('b8:27:eb:ee:32:b8', [-96, -82, -86, -80, -86, -78, -88]), ('b8:27:eb:e7:50:37', [-76, -75, -65, -74, -78, -72, -80, -67]), ('b8:27:eb:63:a1:e3', [-67, -71, -60, -82, -65, -57, -71, -66])]
08:46:43.969180,(-73,-62,-83),(-65,-61,-68),(-62,-46,-76),(-82,-74,-87),(-76,-68,-91),(-64,-50,-71)
[('b8:27:eb:b6:43:f8', [-72, -68, -77, -74, -62, -83, -73, -71]), ('b8:27:eb:d3:4c:7f', [-64, -67, -67, -65, -68, -61, -66, -63, -62]), ('b8:27:eb:cd:4b:81', [-54, -59, -66, -46, -64, -63, -76, -57, -70, -58]), ('b8:27:eb:ee:32:b8', [-82, -81, -74, -87, -81, -86]), ('b8:27:eb:e7:50:37', [-75, -81, -68, -68, -68, -91]), ('b8:27:eb:63:a1:e3', [-50, -50, -71, -70, -62, -69, -71])]
08:46:45.898467,(-69,-57,-76),(-60,-55,-66),(-67,-55,-74),(-88,-73,-97),(-76,-66,-81),(-62,-45,-68)
[('b8:27:eb:b6:43:f8', [-61, -72, -66, -70, -75, -67, -74, -72, -76, -57]), ('b8:27:eb:d3:4c:7f', [-60, -60, -55, -66, -55]), ('b8:27:eb:cd:4b:81', [-72, -74, -56, -74, -55, -71, -67, -66]), ('b8:27:eb:ee:32:b8', [-92, -73, -88, -80, -87, -97, -91, -83, -97]), ('b8:27:eb:e7:50:37', [-77, -77, -75, -73, -81, -66, -78]), ('b8:27:eb:63:a1:e3', [-45, -65, -66, -57, -68, -66])]
08:46:47.813168,(-71,-57,-81),(-54,-42,-58),(-67,-53,-80),(-86,-78,-97),(-79,-72,-89),(-60,-49,-67)
[('b8:27:eb:b6:43:f8', [-57, -81, -73, -65, -81, -71, -65, -66, -76]), ('b8:27:eb:d3:4c:7f', [-42, -45, -57, -57, -58, -56, -58, -57, -56]), ('b8:27:eb:cd:4b:81', [-53, -74, -68, -68, -53, -80, -67, -68, -69]), ('b8:27:eb:ee:32:b8', [-95, -78, -78, -88, -97, -78]), ('b8:27:eb:e7:50:37', [-80, -89, -74, -76, -73, -86, -81, -80, -72]), ('b8:27:eb:63:a1:e3', [-66, -58, -67, -49, -65, -63, -54, -65, -50])]
08:46:49.717506,(-73,-59,-82),(-54,-39,-58),(-71,-57,-80),(-89,-69,-96),(-81,-70,-88),(-66,-54,-75)
[('b8:27:eb:b6:43:f8', [-71, -68, -76, -72, -82, -59, -79]), ('b8:27:eb:d3:4c:7f', [-57, -58, -56, -55, -55, -43, -57, -54, -57, -39]), ('b8:27:eb:cd:4b:81', [-57, -73, -72, -71, -70, -71, -80]), ('b8:27:eb:ee:32:b8', [-88, -96, -94, -93, -91, -69]), ('b8:27:eb:e7:50:37', [-82, -88, -74, -70, -87]), ('b8:27:eb:63:a1:e3', [-66, -65, -68, -54, -57, -57, -74, -75, -70, -65])]
08:46:51.619108,(-72,-55,-85),(-70,-55,-75),(-69,-57,-76),(-81,-69,-86),(-76,-68,-87),(-59,-48,-70)
[('b8:27:eb:b6:43:f8', [-75, -85, -55, -66, -77, -62, -73, -76]), ('b8:27:eb:d3:4c:7f', [-72, -75, -55, -70, -73, -73, -70]), ('b8:27:eb:cd:4b:81', [-74, -60, -57, -68, -68, -69, -71, -74, -65, -76]), ('b8:27:eb:ee:32:b8', [-82, -85, -86, -76, -69, -83]), ('b8:27:eb:e7:50:37', [-87, -68, -74, -72, -75, -74, -79, -78]), ('b8:27:eb:63:a1:e3', [-48, -61, -67, -51, -61, -70, -49])]
08:46:53.528565,(-68,-56,-77),(-65,-55,-79),(-76,-57,-85),(-87,-75,-95),(-74,-68,-85),(-61,-47,-79)
[('b8:27:eb:b6:43:f8', [-73, -67, -56, -70, -56, -74, -77, -72, -66]), ('b8:27:eb:d3:4c:7f', [-60, -57, -55, -64, -69, -62, -79, -69]), ('b8:27:eb:cd:4b:81', [-75, -85, -83, -72, -57, -75, -78, -82]), ('b8:27:eb:ee:32:b8', [-75, -90, -86, -95, -85, -95, -81]), ('b8:27:eb:e7:50:37', [-74, -70, -76, -76, -70, -70, -72, -85, -68, -70]), ('b8:27:eb:63:a1:e3', [-63, -51, -56, -65, -66, -47, -55, -60, -79])]
08:46:55.433038,(-74,-61,-83),(-62,-51,-70),(-68,-54,-76),(-89,-84,-91),(-73,-62,-84),(-59,-46,-77)
[('b8:27:eb:b6:43:f8', [-70, -76, -83, -79, -61]), ('b8:27:eb:d3:4c:7f', [-70, -51, -68, -53, -61, -60, -60, -70, -61]), ('b8:27:eb:cd:4b:81', [-76, -70, -54, -76, -67, -72, -59, -69]), ('b8:27:eb:ee:32:b8', [-89, -90, -91, -85, -91, -84]), ('b8:27:eb:e7:50:37', [-77, -75, -69, -73, -62, -67, -72, -77, -84]), ('b8:27:eb:63:a1:e3', [-77, -59, -46, -62, -46, -63, -68, -50, -58])]
08:46:57.340875,(-71,-56,-90),(-66,-53,-71),(-62,-50,-75),(-87,-74,-94),(-81,-75,-90),(-68,-59,-72)
[('b8:27:eb:b6:43:f8', [-73, -90, -77, -57, -56, -69, -69, -74]), ('b8:27:eb:d3:4c:7f', [-65, -69, -53, -70, -71, -63, -70]), ('b8:27:eb:cd:4b:81', [-75, -54, -66, -64, -50, -51, -74, -58]), ('b8:27:eb:ee:32:b8', [-81, -94, -89, -82, -74, -92, -85, -92]), ('b8:27:eb:e7:50:37', [-77, -81, -78, -79, -75, -90, -85]), ('b8:27:eb:63:a1:e3', [-67, -59, -67, -72, -72, -68, -68])]
08:46:59.267477,(-80,-59,-97),(-65,-50,-72),(-66,-52,-81),(-85,-75,-93),(-77,-65,-87),(-69,-60,-73)
[('b8:27:eb:b6:43:f8', [-97, -89, -74, -80, -91, -74, -59, -76]), ('b8:27:eb:d3:4c:7f', [-62, -63, -67, -64, -50, -60, -72, -67, -66, -70]), ('b8:27:eb:cd:4b:81', [-64, -66, -75, -69, -55, -81, -52, -64]), ('b8:27:eb:ee:32:b8', [-86, -89, -91, -81, -82, -93, -75, -83]), ('b8:27:eb:e7:50:37', [-65, -76, -83, -87, -79, -74, -75]), ('b8:27:eb:63:a1:e3', [-66, -72, -73, -60, -73, -65])]
08:47:01.193825,(-74,-57,-82),(-65,-46,-78),(-75,-66,-79),(-86,-77,-97),(-77,-62,-92),(-63,-53,-73)
[('b8:27:eb:b6:43:f8', [-74, -82, -78, -77, -80, -61, -76, -57]), ('b8:27:eb:d3:4c:7f', [-71, -66, -74, -75, -55, -54, -78, -66, -46]), ('b8:27:eb:cd:4b:81', [-76, -79, -73, -76, -76, -78, -71, -73, -66]), ('b8:27:eb:ee:32:b8', [-80, -97, -88, -78, -89, -85, -77, -94]), ('b8:27:eb:e7:50:37', [-78, -92, -70, -75, -75, -82, -81, -80, -62, -73]), ('b8:27:eb:63:a1:e3', [-59, -56, -73, -56, -69, -53, -69, -65])]
08:47:03.121147,(-71,-56,-78),(-71,-65,-76),(-70,-57,-82),(-85,-75,-93),(-70,-53,-79),(-55,-46,-69)
[('b8:27:eb:b6:43:f8', [-72, -68, -77, -56, -74, -67, -75, -78, -71]), ('b8:27:eb:d3:4c:7f', [-65, -68, -74, -76, -76, -67, -74, -72, -67]), ('b8:27:eb:cd:4b:81', [-70, -76, -59, -80, -82, -57, -74, -61]), ('b8:27:eb:ee:32:b8', [-88, -93, -91, -82, -75, -80, -85, -85]), ('b8:27:eb:e7:50:37', [-75, -72, -75, -66, -53, -79, -65]), ('b8:27:eb:63:a1:e3', [-48, -69, -56, -54, -65, -51, -46, -50])]
08:47:05.044489,(-81,-73,-88),(-65,-53,-74),(-69,-57,-78),(-83,-78,-91),(-76,-69,-83),(-68,-57,-88)
[('b8:27:eb:b6:43:f8', [-79, -88, -81, -88, -73, -77, -82, -78]), ('b8:27:eb:d3:4c:7f', [-71, -64, -65, -53, -66, -74, -53, -71]), ('b8:27:eb:cd:4b:81', [-57, -70, -66, -57, -76, -69, -75, -78]), ('b8:27:eb:ee:32:b8', [-78, -79, -79, -91, -84, -85]), ('b8:27:eb:e7:50:37', [-83, -77, -69, -72, -76, -71, -82, -74, -79]), ('b8:27:eb:63:a1:e3', [-63, -67, -61, -59, -88, -68, -75, -57])]
08:47:06.929815,(-75,-66,-81),(-67,-54,-75),(-68,-48,-81),(-86,-80,-92),(-82,-61,-89),(-71,-58,-78)
[('b8:27:eb:b6:43:f8', [-80, -81, -67, -66, -67, -79, -80, -73]), ('b8:27:eb:d3:4c:7f', [-64, -61, -55, -54, -75, -74, -68, -72, -73]), ('b8:27:eb:cd:4b:81', [-81, -72, -58, -71, -48, -75]), ('b8:27:eb:ee:32:b8', [-80, -87, -87, -83, -92]), ('b8:27:eb:e7:50:37', [-85, -84, -61, -87, -89]), ('b8:27:eb:63:a1:e3', [-58, -78, -71, -72, -74, -71])]
08:47:08.861423,(-71,-58,-78),(-69,-49,-78),(-62,-49,-79),(-89,-79,-99),(-79,-73,-85),(-68,-57,-74)
[('b8:27:eb:b6:43:f8', [-76, -62, -66, -74, -75, -78, -75, -71, -58]), ('b8:27:eb:d3:4c:7f', [-73, -56, -78, -72, -78, -66, -72, -72, -49]), ('b8:27:eb:cd:4b:81', [-49, -55, -53, -68, -79, -67]), ('b8:27:eb:ee:32:b8', [-99, -89, -79, -87, -85, -91]), ('b8:27:eb:e7:50:37', [-73, -85, -78, -79, -80, -78]), ('b8:27:eb:63:a1:e3', [-71, -68, -64, -71, -57, -68, -74, -70, -68])]
08:47:10.787416,(-67,-55,-76),(-62,-48,-75),(-75,-68,-80),(-84,-82,-86),(-70,-60,-79),(-56,-40,-69)
[('b8:27:eb:b6:43:f8', [-58, -72, -74, -76, -66, -71, -58, -72, -55]), ('b8:27:eb:d3:4c:7f', [-48, -75, -66, -53, -66, -62, -62]), ('b8:27:eb:cd:4b:81', [-77, -76, -75, -80, -76, -73, -68]), ('b8:27:eb:ee:32:b8', [-83, -82, -83, -86]), ('b8:27:eb:e7:50:37', [-67, -60, -61, -74, -76, -73, -79]), ('b8:27:eb:63:a1:e3', [-69, -62, -45, -44, -63, -58, -40, -55, -63])]
08:47:12.725060,(-75,-70,-81),(-65,-51,-76),(-71,-66,-74),(-83,-74,-89),(-76,-70,-87),(-68,-55,-77)
[('b8:27:eb:b6:43:f8', [-79, -72, -77, -71, -71, -81, -70]), ('b8:27:eb:d3:4c:7f', [-61, -74, -56, -51, -66, -59, -75, -76, -63, -67]), ('b8:27:eb:cd:4b:81', [-74, -71, -68, -72, -70, -66, -72, -70, -68]), ('b8:27:eb:ee:32:b8', [-89, -81, -74, -81, -89]), ('b8:27:eb:e7:50:37', [-76, -74, -73, -70, -73, -81, -87, -73]), ('b8:27:eb:63:a1:e3', [-64, -72, -69, -55, -76, -63, -77])]
08:47:14.661000,(-82,-77,-89),(-67,-55,-77),(-74,-58,-85),(-88,-75,-100),(-73,-59,-84),(-73,-62,-82)
[('b8:27:eb:b6:43:f8', [-80, -82, -89, -79, -78, -87, -77]), ('b8:27:eb:d3:4c:7f', [-73, -66, -57, -55, -74, -56, -77, -66, -71, -71]), ('b8:27:eb:cd:4b:81', [-67, -74, -82, -84, -70, -58, -85, -70]), ('b8:27:eb:ee:32:b8', [-88, -100, -87, -75]), ('b8:27:eb:e7:50:37', [-76, -59, -71, -71, -84]), ('b8:27:eb:63:a1:e3', [-82, -62, -68, -80, -78, -67, -70])]
08:47:16.597929,(-72,-59,-80),(-64,-52,-72),(-65,-53,-75),(-82,-77,-86),(-83,-75,-89),(-69,-60,-76)
[('b8:27:eb:b6:43:f8', [-59, -80, -72, -60, -76, -76, -75, -71, -73]), ('b8:27:eb:d3:4c:7f', [-57, -68, -66, -68, -62, -66, -52, -72, -57]), ('b8:27:eb:cd:4b:81', [-62, -73, -75, -53, -65, -56, -67]), ('b8:27:eb:ee:32:b8', [-84, -77, -79, -80, -86, -85]), ('b8:27:eb:e7:50:37', [-89, -83, -82, -75]), ('b8:27:eb:63:a1:e3', [-60, -70, -72, -66, -70, -65, -76, -66])]
08:47:18.487345,(-70,-56,-81),(-66,-49,-77),(-71,-59,-81),(-84,-67,-91),(-71,-59,-77),(-62,-45,-79)
[('b8:27:eb:b6:43:f8', [-75, -71, -74, -61, -56, -81, -79, -72, -57]), ('b8:27:eb:d3:4c:7f', [-49, -60, -74, -65, -51, -74, -71, -77, -67]), ('b8:27:eb:cd:4b:81', [-70, -70, -74, -73, -81, -61, -59, -71, -73]), ('b8:27:eb:ee:32:b8', [-87, -91, -67, -89, -83, -88, -80]), ('b8:27:eb:e7:50:37', [-73, -72, -72, -70, -77, -59, -71]), ('b8:27:eb:63:a1:e3', [-60, -61, -68, -79, -65, -63, -52, -45])]
08:47:20.418612,(-69,-58,-82),(-65,-49,-76),(-71,-61,-81),(-86,-78,-93),(-70,-61,-79),(-55,-42,-85)
[('b8:27:eb:b6:43:f8', [-69, -58, -69, -82, -74, -58]), ('b8:27:eb:d3:4c:7f', [-65, -55, -73, -76, -49, -66, -68]), ('b8:27:eb:cd:4b:81', [-74, -64, -81, -61, -71, -74, -74, -71, -67]), ('b8:27:eb:ee:32:b8', [-93, -87, -81, -81, -89, -91, -78]), ('b8:27:eb:e7:50:37', [-78, -73, -62, -61, -79, -70, -67]), ('b8:27:eb:63:a1:e3', [-48, -49, -42, -44, -50, -55, -67, -85])]
08:47:22.344092,(-72,-59,-82),(-59,-49,-70),(-65,-51,-76),(-87,-79,-97),(-76,-64,-82),(-72,-54,-85)
[('b8:27:eb:b6:43:f8', [-59, -77, -59, -82, -79, -75, -70, -75]), ('b8:27:eb:d3:4c:7f', [-70, -64, -51, -57, -58, -49]), ('b8:27:eb:cd:4b:81', [-56, -53, -73, -74, -51, -72, -76]), ('b8:27:eb:ee:32:b8', [-83, -88, -87, -83, -97, -79]), ('b8:27:eb:e7:50:37', [-80, -82, -64, -76, -74]), ('b8:27:eb:63:a1:e3', [-64, -72, -79, -70, -77, -75, -54, -85, -70])]
08:47:24.275032,(-78,-67,-84),(-62,-42,-73),(-67,-55,-74),(-82,-75,-86),(-78,-74,-80),(-69,-55,-78)
[('b8:27:eb:b6:43:f8', [-79, -75, -77, -81, -73, -84, -78, -80, -67, -77]), ('b8:27:eb:d3:4c:7f', [-72, -42, -68, -51, -70, -64, -50, -73]), ('b8:27:eb:cd:4b:81', [-58, -73, -74, -67, -55, -73, -67]), ('b8:27:eb:ee:32:b8', [-82, -75, -84, -79, -86, -81, -85]), ('b8:27:eb:e7:50:37', [-78, -76, -80, -78, -74, -78]), ('b8:27:eb:63:a1:e3', [-71, -76, -73, -55, -66, -69, -58, -71, -78])]
08:47:26.186867,(-76,-58,-85),(-67,-51,-80),(-72,-57,-79),(-85,-71,-96),(-77,-72,-81),(-66,-56,-73)
[('b8:27:eb:b6:43:f8', [-77, -78, -85, -80, -80, -71, -58]), ('b8:27:eb:d3:4c:7f', [-73, -55, -69, -70, -51, -80, -64, -63, -75]), ('b8:27:eb:cd:4b:81', [-78, -71, -79, -62, -76, -57, -71, -78]), ('b8:27:eb:ee:32:b8', [-82, -84, -87, -88, -83, -71, -96, -85]), ('b8:27:eb:e7:50:37', [-76, -79, -75, -78, -72, -80, -78, -81, -74]), ('b8:27:eb:63:a1:e3', [-68, -71, -67, -69, -73, -56, -63, -64, -60, -63])]
08:47:28.081719,(-76,-69,-83),(-60,-49,-67),(-68,-56,-77),(-87,-82,-91),(-74,-59,-88),(-58,-50,-63)
[('b8:27:eb:b6:43:f8', [-83, -81, -76, -70, -76, -77, -75, -69]), ('b8:27:eb:d3:4c:7f', [-66, -67, -61, -50, -63, -61, -49, -61]), ('b8:27:eb:cd:4b:81', [-72, -57, -69, -72, -73, -77, -56, -63, -72]), ('b8:27:eb:ee:32:b8', [-86, -82, -91]), ('b8:27:eb:e7:50:37', [-88, -76, -59, -82, -71, -60, -75, -76]), ('b8:27:eb:63:a1:e3', [-62, -51, -59, -50, -60, -63])]
08:47:30.020896,(-69,-63,-75),(-62,-49,-68),(-74,-58,-92),(-89,-83,-97),(-79,-72,-96),(-61,-40,-67)
[('b8:27:eb:b6:43:f8', [-72, -63, -66, -71, -75, -67, -66, -70]), ('b8:27:eb:d3:4c:7f', [-66, -68, -60, -67, -59, -49]), ('b8:27:eb:cd:4b:81', [-75, -92, -58, -70, -78, -73, -77, -60, -77]), ('b8:27:eb:ee:32:b8', [-84, -96, -85, -87, -97, -83]), ('b8:27:eb:e7:50:37', [-72, -77, -77, -79, -81, -74, -76, -96, -79]), ('b8:27:eb:63:a1:e3', [-40, -67, -64, -61, -64, -65, -66])]
08:47:31.947408,(-71,-55,-82),(-57,-48,-70),(-69,-53,-75),(-83,-73,-91),(-73,-58,-80),(-64,-51,-71)
[('b8:27:eb:b6:43:f8', [-59, -71, -76, -69, -72, -55, -69, -78, -82]), ('b8:27:eb:d3:4c:7f', [-48, -70, -52, -53, -57, -63, -48, -64]), ('b8:27:eb:cd:4b:81', [-75, -72, -72, -71, -53, -65, -72, -72]), ('b8:27:eb:ee:32:b8', [-73, -87, -86, -85, -91, -82, -76, -84]), ('b8:27:eb:e7:50:37', [-78, -72, -62, -58, -75, -79, -80, -77]), ('b8:27:eb:63:a1:e3', [-70, -51, -55, -63, -69, -67, -71, -64])]
08:47:33.909791,(-76,-68,-81),(-64,-49,-72),(-67,-58,-75),(-87,-78,-99),(-78,-67,-85),(-62,-51,-72)
[('b8:27:eb:b6:43:f8', [-79, -71, -77, -77, -75, -81, -68, -73]), ('b8:27:eb:d3:4c:7f', [-68, -68, -72, -62, -61, -70, -49, -62, -64]), ('b8:27:eb:cd:4b:81', [-58, -58, -75, -68, -74, -73, -58, -70]), ('b8:27:eb:ee:32:b8', [-88, -81, -78, -84, -92, -78, -84, -93, -99, -88]), ('b8:27:eb:e7:50:37', [-85, -67, -76, -84, -75, -76, -76, -79]), ('b8:27:eb:63:a1:e3', [-65, -65, -53, -72, -51, -66])]
08:47:35.838332,(-74,-61,-85),(-65,-51,-77),(-70,-58,-77),(-88,-83,-93),(-76,-64,-84),(-70,-50,-75)
[('b8:27:eb:b6:43:f8', [-85, -70, -71, -78, -81, -77, -61, -69]), ('b8:27:eb:d3:4c:7f', [-66, -66, -51, -62, -69, -77, -73, -54, -64]), ('b8:27:eb:cd:4b:81', [-77, -58, -70, -75, -66, -72, -67]), ('b8:27:eb:ee:32:b8', [-83, -86, -93, -85, -92]), ('b8:27:eb:e7:50:37', [-84, -81, -68, -81, -64]), ('b8:27:eb:63:a1:e3', [-71, -75, -50, -73, -71, -70, -73, -73, -68])]
08:47:37.728636,(-77,-57,-99),(-68,-49,-77),(-67,-50,-80),(-83,-76,-92),(-75,-69,-79),(-71,-53,-80)
[('b8:27:eb:b6:43:f8', [-99, -70, -77, -76, -57, -77, -79, -81]), ('b8:27:eb:d3:4c:7f', [-65, -49, -68, -63, -74, -67, -77, -73, -75]), ('b8:27:eb:cd:4b:81', [-80, -62, -72, -50, -52, -68, -64, -76, -72]), ('b8:27:eb:ee:32:b8', [-82, -86, -79, -92, -76]), ('b8:27:eb:e7:50:37', [-69, -77, -79, -79, -69]), ('b8:27:eb:63:a1:e3', [-72, -74, -80, -73, -53, -75, -64, -72])]
08:47:39.616360,(-75,-60,-90),(-59,-47,-69),(-72,-60,-82),(-90,-77,-100),(-76,-71,-83),(-68,-55,-78)
[('b8:27:eb:b6:43:f8', [-77, -75, -90, -79, -77, -60, -78, -75, -66, -70]), ('b8:27:eb:d3:4c:7f', [-64, -66, -60, -69, -47, -48, -58, -60, -55, -57]), ('b8:27:eb:cd:4b:81', [-82, -73, -73, -76, -60, -72, -66, -62, -78, -73]), ('b8:27:eb:ee:32:b8', [-100, -77, -91, -92]), ('b8:27:eb:e7:50:37', [-83, -75, -77, -79, -71, -71, -76]), ('b8:27:eb:63:a1:e3', [-68, -74, -64, -71, -66, -66, -55, -78])]
08:47:41.560809,(-75,-71,-86),(-58,-45,-72),(-70,-57,-75),(-85,-72,-93),(-78,-71,-86),(-67,-54,-75)
[('b8:27:eb:b6:43:f8', [-75, -71, -86, -71, -71, -75, -72, -73, -77]), ('b8:27:eb:d3:4c:7f', [-59, -45, -49, -72, -67, -55]), ('b8:27:eb:cd:4b:81', [-73, -68, -72, -57, -66, -73, -71, -75, -75]), ('b8:27:eb:ee:32:b8', [-88, -90, -93, -84, -83, -72, -84, -82]), ('b8:27:eb:e7:50:37', [-73, -78, -82, -75, -71, -79, -78, -86, -77, -72]), ('b8:27:eb:63:a1:e3', [-63, -70, -75, -74, -68, -73, -65, -60, -54, -60])]
08:47:43.445806,(-76,-62,-87),(-69,-47,-84),(-71,-57,-86),(-82,-75,-88),(-71,-58,-79),(-59,-44,-68)
[('b8:27:eb:b6:43:f8', [-74, -74, -62, -87, -86, -71, -78, -72, -70, -86]), ('b8:27:eb:d3:4c:7f', [-47, -64, -72, -70, -58, -69, -74, -75, -84]), ('b8:27:eb:cd:4b:81', [-77, -59, -57, -86, -75, -70, -70, -67]), ('b8:27:eb:ee:32:b8', [-83, -83, -85, -88, -75, -87, -79, -75]), ('b8:27:eb:e7:50:37', [-76, -73, -58, -71, -79, -70, -74, -71, -64]), ('b8:27:eb:63:a1:e3', [-63, -64, -44, -66, -64, -51, -68, -52])]
08:47:45.362445,(-79,-71,-94),(-68,-51,-86),(-68,-59,-78),(-82,-72,-98),(-74,-61,-90),(-58,-42,-78)
[('b8:27:eb:b6:43:f8', [-79, -71, -75, -77, -94, -77]), ('b8:27:eb:d3:4c:7f', [-69, -72, -74, -60, -86, -67, -62, -51]), ('b8:27:eb:cd:4b:81', [-78, -59, -71, -67, -67, -66, -71, -59, -68]), ('b8:27:eb:ee:32:b8', [-81, -83, -72, -80, -79, -77, -98]), ('b8:27:eb:e7:50:37', [-74, -76, -62, -84, -69, -61, -90]), ('b8:27:eb:63:a1:e3', [-46, -47, -42, -57, -60, -78, -70, -58])]
08:47:47.283477,(-78,-62,-84),(-68,-47,-78),(-72,-54,-86),(-84,-74,-97),(-77,-60,-91),(-66,-60,-69)
[('b8:27:eb:b6:43:f8', [-82, -77, -82, -76, -76, -62, -77, -84, -78]), ('b8:27:eb:d3:4c:7f', [-47, -68, -63, -78, -76, -69, -70]), ('b8:27:eb:cd:4b:81', [-69, -86, -83, -72, -75, -76, -54, -56]), ('b8:27:eb:ee:32:b8', [-85, -82, -84, -97, -74, -81]), ('b8:27:eb:e7:50:37', [-85, -70, -82, -60, -73, -77, -82, -73, -91]), ('b8:27:eb:63:a1:e3', [-67, -67, -69, -60, -66, -64, -66])]
08:47:49.168282,(-73,-57,-81),(-65,-51,-79),(-70,-55,-81),(-85,-78,-92),(-75,-59,-90),(-57,-46,-68)
[('b8:27:eb:b6:43:f8', [-68, -81, -74, -57, -76, -77, -73]), ('b8:27:eb:d3:4c:7f', [-56, -77, -52, -51, -68, -69, -79]), ('b8:27:eb:cd:4b:81', [-55, -73, -72, -65, -81, -70, -72, -65, -73, -67]), ('b8:27:eb:ee:32:b8', [-78, -80, -83, -84, -90, -92]), ('b8:27:eb:e7:50:37', [-78, -81, -78, -90, -61, -59]), ('b8:27:eb:63:a1:e3', [-53, -49, -55, -66, -46, -52, -60, -60, -68])]
08:47:51.056405,(-77,-72,-84),(-65,-54,-74),(-73,-68,-83),(-83,-74,-94),(-75,-66,-85),(-69,-62,-79)
[('b8:27:eb:b6:43:f8', [-74, -74, -84, -72, -73, -77, -73, -83, -76, -78]), ('b8:27:eb:d3:4c:7f', [-74, -72, -57, -73, -66, -54, -63, -55, -71]), ('b8:27:eb:cd:4b:81', [-68, -72, -74, -83, -72, -70, -72, -68, -76, -74]), ('b8:27:eb:ee:32:b8', [-74, -77, -89, -83, -94, -79, -83]), ('b8:27:eb:e7:50:37', [-69, -71, -74, -77, -66, -75, -79, -72, -85, -75]), ('b8:27:eb:63:a1:e3', [-69, -79, -77, -71, -65, -62, -62, -64])]
08:47:52.978771,(-79,-66,-95),(-61,-51,-68),(-71,-56,-80),(-86,-81,-94),(-74,-53,-82),(-63,-47,-80)
[('b8:27:eb:b6:43:f8', [-81, -73, -84, -95, -71, -79, -66]), ('b8:27:eb:d3:4c:7f', [-52, -62, -65, -68, -68, -63, -62, -53, -51]), ('b8:27:eb:cd:4b:81', [-68, -77, -62, -76, -72, -71, -80, -56, -73, -67]), ('b8:27:eb:ee:32:b8', [-81, -84, -86, -94, -88, -81, -87]), ('b8:27:eb:e7:50:37', [-53, -82, -72, -82, -73, -69, -76, -78]), ('b8:27:eb:63:a1:e3', [-70, -55, -47, -59, -80, -64, -56, -71])]
08:47:54.885821,(-69,-53,-78),(-69,-47,-84),(-70,-55,-83),(-87,-75,-92),(-73,-61,-85),(-64,-50,-76)
[('b8:27:eb:b6:43:f8', [-71, -71, -55, -70, -53, -73, -78, -68, -74]), ('b8:27:eb:d3:4c:7f', [-75, -61, -47, -66, -78, -67, -84, -71]), ('b8:27:eb:cd:4b:81', [-55, -66, -67, -56, -71, -72, -72, -73, -82, -83]), ('b8:27:eb:ee:32:b8', [-83, -91, -89, -92, -90, -83, -75]), ('b8:27:eb:e7:50:37', [-79, -61, -85, -78, -65, -73, -65]), ('b8:27:eb:63:a1:e3', [-54, -66, -54, -67, -76, -71, -50, -66, -67])]
08:47:56.813517,(-66,-58,-74),(-62,-54,-71),(-67,-53,-83),(-88,-81,-92),(-79,-72,-88),(-74,-69,-80)
[('b8:27:eb:b6:43:f8', [-60, -72, -74, -58, -59, -71]), ('b8:27:eb:d3:4c:7f', [-71, -56, -54, -66]), ('b8:27:eb:cd:4b:81', [-70, -71, -67, -83, -65, -53, -68, -55]), ('b8:27:eb:ee:32:b8', [-90, -91, -86, -81, -92]), ('b8:27:eb:e7:50:37', [-88, -74, -84, -75, -74, -72, -81, -87, -74]), ('b8:27:eb:63:a1:e3', [-69, -74, -77, -80, -73, -70, -76, -71])]
08:47:58.733912,(-77,-72,-83),(-65,-48,-82),(-71,-59,-91),(-86,-75,-90),(-82,-78,-86),(-69,-58,-74)
[('b8:27:eb:b6:43:f8', [-74, -83, -75, -79, -76, -78, -74, -72, -79]), ('b8:27:eb:d3:4c:7f', [-67, -48, -58, -72, -63, -61, -63, -68, -82]), ('b8:27:eb:cd:4b:81', [-59, -66, -70, -75, -66, -71, -91, -70]), ('b8:27:eb:ee:32:b8', [-83, -88, -85, -75, -90, -87, -88]), ('b8:27:eb:e7:50:37', [-81, -83, -79, -86, -82, -78, -79]), ('b8:27:eb:63:a1:e3', [-70, -62, -73, -74, -58, -71, -69])]
08:48:00.698831,(-76,-61,-87),(-66,-60,-72),(-64,-51,-68),(-86,-72,-92),(-77,-62,-84),(-67,-57,-78)
[('b8:27:eb:b6:43:f8', [-80, -83, -87, -61, -70, -78, -82, -71, -72]), ('b8:27:eb:d3:4c:7f', [-62, -64, -72, -68, -68, -66, -66, -66, -60]), ('b8:27:eb:cd:4b:81', [-66, -60, -61, -68, -68, -66, -51, -67]), ('b8:27:eb:ee:32:b8', [-85, -88, -85, -82, -91, -92, -87, -85, -72]), ('b8:27:eb:e7:50:37', [-84, -62, -71, -79, -83, -78, -73, -81]), ('b8:27:eb:63:a1:e3', [-73, -57, -70, -57, -61, -61, -72, -74, -78])]
08:48:02.664120,(-75,-61,-88),(-61,-45,-74),(-70,-66,-73),(-85,-76,-98),(-76,-60,-94),(-69,-58,-76)
[('b8:27:eb:b6:43:f8', [-77, -86, -68, -88, -77, -73, -69, -61, -71]), ('b8:27:eb:d3:4c:7f', [-63, -72, -74, -67, -48, -50, -68, -49, -45, -72]), ('b8:27:eb:cd:4b:81', [-72, -67, -66, -72, -73, -69, -70]), ('b8:27:eb:ee:32:b8', [-98, -78, -84, -82, -93, -85, -80, -76]), ('b8:27:eb:e7:50:37', [-70, -60, -82, -75, -77, -94, -93, -61, -71]), ('b8:27:eb:63:a1:e3', [-72, -68, -58, -76, -70, -74, -66, -66])]
08:48:04.592696,(-72,-62,-84),(-64,-51,-79),(-73,-58,-85),(-87,-74,-96),(-80,-74,-94),(-63,-56,-74)
[('b8:27:eb:b6:43:f8', [-73, -84, -74, -62, -62, -77, -68, -69]), ('b8:27:eb:d3:4c:7f', [-51, -60, -66, -66, -61, -79, -59]), ('b8:27:eb:cd:4b:81', [-75, -84, -68, -58, -59, -85, -68, -74, -82]), ('b8:27:eb:ee:32:b8', [-89, -81, -88, -89, -84, -96, -74, -88]), ('b8:27:eb:e7:50:37', [-83, -75, -75, -79, -74, -78, -94]), ('b8:27:eb:63:a1:e3', [-74, -63, -56, -61, -66, -59, -57, -68])]
08:48:06.518555,(-73,-61,-90),(-64,-54,-72),(-71,-62,-78),(-81,-71,-87),(-75,-62,-82),(-56,-44,-70)
[('b8:27:eb:b6:43:f8', [-68, -61, -75, -73, -66, -77, -90, -73]), ('b8:27:eb:d3:4c:7f', [-54, -72, -72, -56, -66, -55, -67]), ('b8:27:eb:cd:4b:81', [-67, -69, -62, -76, -71, -70, -74, -78]), ('b8:27:eb:ee:32:b8', [-71, -83, -83, -77, -80, -87]), ('b8:27:eb:e7:50:37', [-82, -73, -72, -62, -77, -77, -80]), ('b8:27:eb:63:a1:e3', [-70, -63, -67, -50, -51, -53, -44, -47])]
08:48:08.446475,(-74,-67,-89),(-67,-47,-81),(-74,-61,-83),(-89,-83,-96),(-77,-70,-86),(-61,-43,-71)
[('b8:27:eb:b6:43:f8', [-72, -67, -76, -70, -89, -71, -72, -74, -68]), ('b8:27:eb:d3:4c:7f', [-68, -47, -72, -70, -55, -79, -52, -74, -81]), ('b8:27:eb:cd:4b:81', [-71, -75, -83, -83, -72, -61, -70, -71, -72]), ('b8:27:eb:ee:32:b8', [-87, -96, -88, -88, -95, -83, -85, -90, -85]), ('b8:27:eb:e7:50:37', [-74, -86, -81, -70, -73, -80, -73, -78, -75, -74]), ('b8:27:eb:63:a1:e3', [-61, -61, -43, -64, -71, -62, -62, -59, -63])]
08:48:10.360873,(-74,-56,-81),(-62,-50,-68),(-76,-60,-84),(-83,-73,-89),(-75,-69,-78),(-60,-48,-83)
[('b8:27:eb:b6:43:f8', [-81, -56, -77, -80, -78, -77, -72, -66, -72]), ('b8:27:eb:d3:4c:7f', [-50, -60, -65, -59, -60, -58, -68, -67, -68]), ('b8:27:eb:cd:4b:81', [-79, -79, -71, -84, -73, -60, -78, -72, -81]), ('b8:27:eb:ee:32:b8', [-77, -89, -73, -89, -84]), ('b8:27:eb:e7:50:37', [-73, -74, -78, -76, -75, -77, -69, -78]), ('b8:27:eb:63:a1:e3', [-52, -65, -51, -61, -63, -48, -56, -83])]
08:48:12.274872,(-67,-57,-76),(-60,-46,-70),(-69,-59,-77),(-87,-79,-91),(-77,-62,-92),(-69,-61,-92)
[('b8:27:eb:b6:43:f8', [-72, -57, -71, -70, -73, -76, -62, -58, -57]), ('b8:27:eb:d3:4c:7f', [-67, -61, -66, -57, -46, -53, -70]), ('b8:27:eb:cd:4b:81', [-59, -59, -70, -77, -61, -75, -70, -75]), ('b8:27:eb:ee:32:b8', [-88, -79, -85, -91, -87, -85, -89]), ('b8:27:eb:e7:50:37', [-71, -62, -73, -83, -80, -76, -69, -92, -80, -80]), ('b8:27:eb:63:a1:e3', [-63, -63, -70, -67, -61, -64, -66, -92])]
08:48:14.228870,(-72,-58,-83),(-66,-58,-73),(-69,-59,-72),(-89,-84,-99),(-77,-63,-90),(-65,-52,-91)
[('b8:27:eb:b6:43:f8', [-76, -58, -83, -75, -58, -73, -74, -73, -64, -79]), ('b8:27:eb:d3:4c:7f', [-69, -73, -65, -63, -58, -64, -68]), ('b8:27:eb:cd:4b:81', [-72, -72, -59, -71, -67]), ('b8:27:eb:ee:32:b8', [-99, -87, -89, -87, -87, -85, -84]), ('b8:27:eb:e7:50:37', [-79, -63, -80, -74, -69, -76, -82, -90, -79]), ('b8:27:eb:63:a1:e3', [-52, -57, -72, -67, -72, -91, -59, -67, -55, -53])]
08:48:16.194074,(-70,-60,-76),(-60,-47,-74),(-65,-51,-81),(-89,-82,-97),(-84,-75,-95),(-68,-57,-84)
[('b8:27:eb:b6:43:f8', [-60, -76, -74, -74, -68, -67]), ('b8:27:eb:d3:4c:7f', [-74, -72, -58, -67, -55, -51, -47, -50]), ('b8:27:eb:cd:4b:81', [-54, -73, -51, -63, -59, -55, -71, -67, -81, -68]), ('b8:27:eb:ee:32:b8', [-87, -82, -83, -95, -85, -89, -86, -90, -97]), ('b8:27:eb:e7:50:37', [-87, -95, -80, -85, -81, -81, -91, -75, -75]), ('b8:27:eb:63:a1:e3', [-71, -59, -61, -72, -70, -69, -57, -84])]
08:48:18.153572,(-77,-72,-84),(-66,-47,-72),(-72,-55,-80),(-87,-78,-92),(-74,-66,-81),(-61,-50,-73)
[('b8:27:eb:b6:43:f8', [-77, -74, -84, -72, -74]), ('b8:27:eb:d3:4c:7f', [-47, -63, -62, -64, -72, -69, -69, -71, -70]), ('b8:27:eb:cd:4b:81', [-71, -55, -72, -80, -79, -67, -72, -70, -72, -74]), ('b8:27:eb:ee:32:b8', [-89, -79, -88, -88, -84, -92, -92, -78]), ('b8:27:eb:e7:50:37', [-70, -81, -74, -75, -81, -66, -68, -75]), ('b8:27:eb:63:a1:e3', [-68, -59, -53, -57, -73, -65, -59, -50])]
08:48:20.061382,(-75,-60,-86),(-69,-51,-79),(-73,-65,-88),(-84,-71,-99),(-73,-59,-84),(-69,-51,-78)
[('b8:27:eb:b6:43:f8', [-69, -78, -74, -82, -62, -86, -60, -82, -74]), ('b8:27:eb:d3:4c:7f', [-62, -69, -70, -77, -77, -77, -57, -70, -51, -79]), ('b8:27:eb:cd:4b:81', [-65, -73, -70, -72, -88, -70]), ('b8:27:eb:ee:32:b8', [-84, -71, -89, -91, -78, -81, -76, -99]), ('b8:27:eb:e7:50:37', [-80, -73, -59, -76, -61, -75, -69, -76, -84]), ('b8:27:eb:63:a1:e3', [-72, -51, -78, -71, -74, -67])]
08:48:21.996030,(-74,-55,-81),(-64,-54,-77),(-58,-46,-68),(-88,-74,-100),(-78,-69,-83),(-68,-58,-72)
[('b8:27:eb:b6:43:f8', [-69, -76, -55, -78, -81, -76, -77, -75]), ('b8:27:eb:d3:4c:7f', [-67, -60, -61, -54, -71, -77, -55, -63, -68]), ('b8:27:eb:cd:4b:81', [-67, -67, -68, -51, -52, -46, -54]), ('b8:27:eb:ee:32:b8', [-87, -87, -92, -100, -74]), ('b8:27:eb:e7:50:37', [-80, -79, -80, -69, -77, -83]), ('b8:27:eb:63:a1:e3', [-58, -69, -70, -69, -70, -72])]
08:48:23.883485,(-82,-56,-90),(-65,-53,-71),(-69,-57,-80),(-87,-74,-99),(-83,-77,-89),(-69,-53,-79)
[('b8:27:eb:b6:43:f8', [-86, -80, -90, -89, -78, -89, -56]), ('b8:27:eb:d3:4c:7f', [-53, -70, -62, -61, -70, -71, -62, -67]), ('b8:27:eb:cd:4b:81', [-57, -62, -67, -68, -67, -80, -72, -74]), ('b8:27:eb:ee:32:b8', [-99, -93, -82, -76, -74, -92, -87, -89]), ('b8:27:eb:e7:50:37', [-77, -89, -77, -84, -87, -84]), ('b8:27:eb:63:a1:e3', [-67, -79, -76, -66, -67, -72, -53])]
08:48:25.783567,(-75,-71,-82),(-67,-54,-76),(-71,-62,-75),(-82,-77,-86),(-82,-73,-98),(-71,-56,-80)
[('b8:27:eb:b6:43:f8', [-73, -74, -75, -82, -71, -72]), ('b8:27:eb:d3:4c:7f', [-76, -69, -69, -64, -70, -58, -71, -54]), ('b8:27:eb:cd:4b:81', [-75, -62, -70, -70, -72, -69, -73]), ('b8:27:eb:ee:32:b8', [-77, -86, -86, -81, -78, -79, -84]), ('b8:27:eb:e7:50:37', [-73, -98, -78, -85, -89, -73, -80, -74, -80]), ('b8:27:eb:63:a1:e3', [-56, -77, -69, -77, -65, -80])]
08:48:27.680364,(-73,-61,-94),(-70,-58,-76),(-74,-58,-88),(-84,-70,-95),(-76,-61,-89),(-65,-46,-75)
[('b8:27:eb:b6:43:f8', [-70, -74, -61, -94, -66, -70, -76]), ('b8:27:eb:d3:4c:7f', [-67, -70, -65, -58, -73, -70, -76, -71, -76]), ('b8:27:eb:cd:4b:81', [-69, -73, -58, -72, -88, -71, -80, -76, -73]), ('b8:27:eb:ee:32:b8', [-89, -70, -95, -82, -80, -87]), ('b8:27:eb:e7:50:37', [-89, -80, -78, -71, -67, -61, -77, -80]), ('b8:27:eb:63:a1:e3', [-74, -67, -75, -65, -61, -46, -64])]
08:48:29.565710,(-83,-74,-94),(-61,-54,-83),(-66,-54,-82),(-85,-76,-99),(-73,-55,-79),(-68,-59,-79)
[('b8:27:eb:b6:43:f8', [-74, -94, -89, -82, -76]), ('b8:27:eb:d3:4c:7f', [-83, -58, -55, -54, -59, -60, -57, -61]), ('b8:27:eb:cd:4b:81', [-59, -82, -55, -64, -71, -73, -67, -67, -54]), ('b8:27:eb:ee:32:b8', [-76, -85, -80, -84, -82, -99]), ('b8:27:eb:e7:50:37', [-79, -73, -75, -78, -55, -77, -74]), ('b8:27:eb:63:a1:e3', [-59, -62, -62, -67, -79, -71, -75, -64])]
08:48:31.450374,(-79,-66,-88),(-65,-53,-81),(-69,-61,-73),(-78,-71,-87),(-75,-63,-85),(-70,-58,-73)
[('b8:27:eb:b6:43:f8', [-81, -78, -81, -66, -81, -88, -75, -78]), ('b8:27:eb:d3:4c:7f', [-63, -62, -81, -53, -66, -59, -65, -68]), ('b8:27:eb:cd:4b:81', [-73, -67, -73, -61, -71, -72, -66]), ('b8:27:eb:ee:32:b8', [-73, -71, -80, -87]), ('b8:27:eb:e7:50:37', [-85, -78, -74, -63, -72]), ('b8:27:eb:63:a1:e3', [-73, -58, -73, -71, -73, -70, -69])]
08:48:33.347141,(-81,-74,-87),(-69,-60,-72),(-72,-57,-85),(-80,-69,-95),(-78,-71,-88),(-74,-63,-83)
[('b8:27:eb:b6:43:f8', [-78, -76, -83, -78, -74, -87, -87, -82]), ('b8:27:eb:d3:4c:7f', [-66, -70, -71, -68, -60, -70, -72]), ('b8:27:eb:cd:4b:81', [-75, -65, -71, -73, -71, -75, -57, -72, -85]), ('b8:27:eb:ee:32:b8', [-72, -83, -95, -83, -80, -75, -69]), ('b8:27:eb:e7:50:37', [-80, -71, -73, -88, -77, -75]), ('b8:27:eb:63:a1:e3', [-72, -76, -76, -83, -72, -63, -77, -69])]
08:48:35.264100,(-70,-58,-80),(-65,-49,-73),(-67,-52,-74),(-84,-78,-88),(-78,-69,-83),(-71,-67,-77)
[('b8:27:eb:b6:43:f8', [-74, -61, -58, -62, -74, -77, -68, -80, -67, -74]), ('b8:27:eb:d3:4c:7f', [-61, -58, -73, -66, -71, -69, -49, -68, -70, -60]), ('b8:27:eb:cd:4b:81', [-68, -74, -72, -60, -71, -69, -52]), ('b8:27:eb:ee:32:b8', [-80, -86, -78, -88, -86, -86]), ('b8:27:eb:e7:50:37', [-75, -74, -82, -78, -79, -80, -69, -83]), ('b8:27:eb:63:a1:e3', [-72, -71, -67, -68, -77, -67, -71])]
08:48:37.194469,(-71,-58,-84),(-64,-50,-73),(-73,-58,-80),(-88,-81,-95),(-71,-59,-80),(-71,-54,-80)
[('b8:27:eb:b6:43:f8', [-71, -58, -64, -74, -84, -71, -73, -72]), ('b8:27:eb:d3:4c:7f', [-66, -67, -73, -61, -70, -64, -50, -61]), ('b8:27:eb:cd:4b:81', [-75, -79, -67, -77, -80, -75, -72, -58]), ('b8:27:eb:ee:32:b8', [-89, -83, -81, -88, -87, -95, -87, -85, -91]), ('b8:27:eb:e7:50:37', [-80, -59, -72, -72, -60, -72, -77, -73]), ('b8:27:eb:63:a1:e3', [-54, -72, -74, -76, -71, -70, -70, -67, -72, -80])]
08:48:39.146140,(-72,-61,-83),(-64,-47,-77),(-68,-59,-81),(-87,-76,-92),(-75,-69,-86),(-65,-51,-71)
[('b8:27:eb:b6:43:f8', [-72, -75, -74, -77, -61, -63, -68, -83]), ('b8:27:eb:d3:4c:7f', [-77, -62, -59, -58, -72, -47, -63, -66, -72]), ('b8:27:eb:cd:4b:81', [-69, -64, -67, -81, -59, -68, -71, -67, -65, -60]), ('b8:27:eb:ee:32:b8', [-87, -87, -76, -91, -92, -87]), ('b8:27:eb:e7:50:37', [-86, -69, -72, -79, -76, -70, -74, -74]), ('b8:27:eb:63:a1:e3', [-68, -69, -67, -69, -71, -69, -59, -55, -51])]
08:48:41.041693,(-67,-57,-73),(-61,-51,-70),(-61,-52,-72),(-88,-82,-92),(-81,-74,-90),(-68,-54,-82)
[('b8:27:eb:b6:43:f8', [-70, -57, -73, -61, -72]), ('b8:27:eb:d3:4c:7f', [-55, -70, -51, -56, -67, -64, -56, -62]), ('b8:27:eb:cd:4b:81', [-65, -57, -54, -59, -69, -72, -54, -52]), ('b8:27:eb:ee:32:b8', [-88, -89, -88, -85, -87, -82, -91, -92]), ('b8:27:eb:e7:50:37', [-90, -80, -78, -80, -80, -74, -79]), ('b8:27:eb:63:a1:e3', [-68, -82, -60, -58, -69, -68, -73, -78, -54])]
08:48:42.942637,(-68,-56,-78),(-60,-50,-70),(-58,-46,-73),(-87,-79,-91),(-76,-68,-83),(-66,-58,-72)
[('b8:27:eb:b6:43:f8', [-75, -77, -56, -69, -70, -78, -67, -58, -66, -58]), ('b8:27:eb:d3:4c:7f', [-50, -63, -53, -61, -70, -60, -59, -59, -63]), ('b8:27:eb:cd:4b:81', [-57, -59, -46, -55, -73, -57]), ('b8:27:eb:ee:32:b8', [-90, -79, -87, -87, -88, -91, -86]), ('b8:27:eb:e7:50:37', [-78, -75, -75, -76, -75, -68, -83]), ('b8:27:eb:63:a1:e3', [-66, -61, -66, -58, -72, -70, -65])]
08:48:44.871664,(-71,-58,-91),(-70,-61,-78),(-70,-59,-82),(-80,-72,-88),(-81,-71,-94),(-66,-51,-85)
[('b8:27:eb:b6:43:f8', [-72, -77, -72, -62, -58, -67, -61, -91, -76]), ('b8:27:eb:d3:4c:7f', [-62, -61, -78, -72, -72, -69, -69, -70]), ('b8:27:eb:cd:4b:81', [-62, -59, -70, -74, -70, -82]), ('b8:27:eb:ee:32:b8', [-78, -88, -79, -81, -72, -87, -79, -76]), ('b8:27:eb:e7:50:37', [-82, -79, -71, -72, -88, -77, -94]), ('b8:27:eb:63:a1:e3', [-69, -80, -85, -72, -59, -64, -51, -64, -51, -65])]
08:48:46.806363,(-76,-69,-80),(-63,-51,-71),(-68,-57,-72),(-86,-79,-90),(-81,-74,-88),(-72,-68,-78)
[('b8:27:eb:b6:43:f8', [-78, -79, -70, -80, -76, -80, -69]), ('b8:27:eb:d3:4c:7f', [-52, -70, -51, -61, -60, -67, -67, -62, -71]), ('b8:27:eb:cd:4b:81', [-72, -70, -68, -71, -57]), ('b8:27:eb:ee:32:b8', [-90, -79, -87, -86, -86]), ('b8:27:eb:e7:50:37', [-74, -77, -87, -83, -75, -88]), ('b8:27:eb:63:a1:e3', [-76, -71, -68, -74, -68, -69, -78])]
08:48:48.709802,(-71,-57,-83),(-62,-49,-69),(-66,-57,-75),(-89,-76,-98),(-75,-62,-87),(-65,-52,-75)
[('b8:27:eb:b6:43:f8', [-68, -66, -83, -66, -57, -58, -79, -75, -80]), ('b8:27:eb:d3:4c:7f', [-62, -49, -63, -54, -63, -64, -68, -69]), ('b8:27:eb:cd:4b:81', [-75, -60, -60, -57, -72, -71, -70, -57]), ('b8:27:eb:ee:32:b8', [-98, -76, -96, -86, -86]), ('b8:27:eb:e7:50:37', [-87, -79, -78, -76, -63, -62, -76]), ('b8:27:eb:63:a1:e3', [-69, -75, -52, -68, -55, -55, -69, -70, -70])]
08:48:50.597534,(-71,-58,-75),(-63,-50,-69),(-70,-59,-72),(-82,-77,-99),(-76,-67,-78),(-63,-55,-70)
[('b8:27:eb:b6:43:f8', [-75, -74, -72, -67, -73, -72, -58]), ('b8:27:eb:d3:4c:7f', [-64, -67, -50, -68, -69, -55, -67, -55, -65]), ('b8:27:eb:cd:4b:81', [-59, -72, -72, -72, -72]), ('b8:27:eb:ee:32:b8', [-78, -77, -84, -80, -79, -79, -99, -80, -79]), ('b8:27:eb:e7:50:37', [-78, -67, -75, -77, -75, -76, -77, -75, -76]), ('b8:27:eb:63:a1:e3', [-55, -69, -55, -55, -56, -68, -68, -70, -69])]
