08:42:19.215618,(-60,-46,-75),(-65,-55,-74),(-74,-62,-75),(-94,-87,-97),(-83,-76,-94),(-66,-59,-76)
[('b8:27:eb:b6:43:f8', [-62, -61, -75, -47, -46, -62, -61]), ('b8:27:eb:d3:4c:7f', [-69, -59, -55, -74, -72, -72, -73, -55, -58, -59]), ('b8:27:eb:cd:4b:81', [-75, -75, -75, -74, -74, -74, -62, -75, -74]), ('b8:27:eb:ee:32:b8', [-94, -95, -97, -97, -87]), ('b8:27:eb:e7:50:37', [-86, -77, -77, -76, -94, -85, -84]), ('b8:27:eb:63:a1:e3', [-61, -66, -76, -67, -59, -60, -65, -76, -64])]
08:42:21.139612,(-58,-46,-61),(-70,-59,-73),(-71,-61,-75),(-94,-85,-105),(-79,-63,-95),(-72,-60,-76)
[('b8:27:eb:b6:43:f8', [-59, -58, -60, -61, -60, -46]), ('b8:27:eb:d3:4c:7f', [-59, -72, -73, -71, -69, -72, -71]), ('b8:27:eb:cd:4b:81', [-75, -75, -61, -75, -74, -75, -63, -63, -75]), ('b8:27:eb:ee:32:b8', [-96, -85, -95, -86, -95, -105]), ('b8:27:eb:e7:50:37', [-77, -76, -95, -63, -76, -84]), ('b8:27:eb:63:a1:e3', [-72, -60, -76, -72, -76, -76])]
08:42:23.058071,(-64,-47,-71),(-70,-53,-90),(-68,-55,-76),(-93,-91,-97),(-77,-63,-96),(-69,-53,-80)
[('b8:27:eb:b6:43:f8', [-47, -63, -62, -67, -66, -71, -65, -68, -59, -70]), ('b8:27:eb:d3:4c:7f', [-72, -72, -71, -54, -67, -53, -61, -81, -74, -90]), ('b8:27:eb:cd:4b:81', [-75, -76, -74, -73, -55, -61, -66, -55, -68, -73]), ('b8:27:eb:ee:32:b8', [-97, -92, -91, -92]), ('b8:27:eb:e7:50:37', [-96, -67, -77, -80, -77, -63]), ('b8:27:eb:63:a1:e3', [-67, -65, -75, -80, -74, -53, -67, -69])]
08:42:24.943133,(-67,-43,-76),(-73,-61,-86),(-65,-53,-72),(-95,-86,-100),(-79,-62,-98),(-71,-55,-77)
[('b8:27:eb:b6:43:f8', [-72, -73, -76, -67, -68, -66, -64, -43, -67]), ('b8:27:eb:d3:4c:7f', [-86, -71, -71, -70, -68, -61, -69, -81]), ('b8:27:eb:cd:4b:81', [-55, -53, -58, -72, -69, -72, -70]), ('b8:27:eb:ee:32:b8', [-95, -86, -100, -93, -100]), ('b8:27:eb:e7:50:37', [-62, -70, -85, -98, -77, -82]), ('b8:27:eb:63:a1:e3', [-55, -71, -67, -72, -74, -75, -74, -77])]
08:42:26.888313,(-69,-53,-75),(-81,-70,-91),(-84,-73,-93),(-97,-93,-99),(-87,-75,-95),(-78,-64,-94)
[('b8:27:eb:b6:43:f8', [-53, -72, -71, -73, -69, -74, -75, -58, -72]), ('b8:27:eb:d3:4c:7f', [-91, -80, -83, -70, -77, -75, -78, -89]), ('b8:27:eb:cd:4b:81', [-91, -83, -85, -77, -73, -93]), ('b8:27:eb:ee:32:b8', [-93, -99, -98, -97, -98]), ('b8:27:eb:e7:50:37', [-94, -75, -83, -95, -86]), ('b8:27:eb:63:a1:e3', [-70, -83, -76, -80, -94, -71, -82, -64])]
08:42:28.827143,(-73,-66,-80),(-71,-57,-80),(-68,-52,-86),(-88,-79,-95),(-80,-71,-97),(-77,-68,-84)
[('b8:27:eb:b6:43:f8', [-75, -66, -69, -68, -80, -74, -76, -70]), ('b8:27:eb:d3:4c:7f', [-73, -80, -74, -76, -78, -65, -57, -60, -74]), ('b8:27:eb:cd:4b:81', [-86, -69, -52, -65, -66, -66, -72, -73, -55, -72]), ('b8:27:eb:ee:32:b8', [-79, -95, -88]), ('b8:27:eb:e7:50:37', [-97, -77, -77, -77, -71, -80]), ('b8:27:eb:63:a1:e3', [-68, -84, -79, -75, -79, -73])]
08:42:30.756761,(-65,-47,-82),(-76,-66,-85),(-73,-63,-87),(-99,-93,-101),(-82,-68,-92),(-74,-54,-87)
[('b8:27:eb:b6:43:f8', [-61, -82, -72, -72, -68, -56, -65, -47, -61]), ('b8:27:eb:d3:4c:7f', [-85, -77, -76, -72, -80, -75, -78, -69, -66, -76]), ('b8:27:eb:cd:4b:81', [-67, -81, -78, -63, -87, -66, -74, -67]), ('b8:27:eb:ee:32:b8', [-101, -100, -100, -93]), ('b8:27:eb:e7:50:37', [-82, -81, -88, -92, -85, -87, -80, -71, -68]), ('b8:27:eb:63:a1:e3', [-84, -77, -79, -87, -70, -79, -54, -68, -61])]
08:42:32.655564,(-65,-61,-71),(-68,-55,-78),(-70,-57,-80),(-93,-81,-101),(-73,-59,-83),(-74,-69,-81)
[('b8:27:eb:b6:43:f8', [-61, -63, -67, -67, -71, -65, -62, -64]), ('b8:27:eb:d3:4c:7f', [-64, -72, -55, -71, -61, -78, -75, -61]), ('b8:27:eb:cd:4b:81', [-57, -72, -80, -68, -59, -69, -77, -76]), ('b8:27:eb:ee:32:b8', [-94, -101, -96, -100, -91, -82, -81]), ('b8:27:eb:e7:50:37', [-83, -76, -71, -73, -62, -78, -79, -59]), ('b8:27:eb:63:a1:e3', [-72, -73, -69, -70, -76, -76, -73, -76, -71, -81])]
08:42:34.541089,(-62,-47,-68),(-69,-51,-87),(-68,-55,-74),(-90,-82,-98),(-77,-68,-84),(-71,-56,-90)
[('b8:27:eb:b6:43:f8', [-67, -47, -54, -63, -66, -65, -59, -65, -68, -62]), ('b8:27:eb:d3:4c:7f', [-73, -61, -74, -67, -69, -66, -51, -80, -87, -60]), ('b8:27:eb:cd:4b:81', [-71, -73, -68, -65, -62, -70, -55, -74]), ('b8:27:eb:ee:32:b8', [-86, -96, -91, -98, -84, -82]), ('b8:27:eb:e7:50:37', [-75, -81, -68, -74, -84, -78, -74, -81]), ('b8:27:eb:63:a1:e3', [-74, -73, -65, -77, -72, -56, -61, -90])]
08:42:36.476320,(-55,-46,-64),(-68,-54,-85),(-70,-51,-77),(-93,-87,-98),(-78,-63,-91),(-79,-62,-99)
[('b8:27:eb:b6:43:f8', [-63, -64, -49, -53, -62, -56, -46, -46]), ('b8:27:eb:d3:4c:7f', [-81, -56, -73, -57, -85, -58, -76, -54, -69]), ('b8:27:eb:cd:4b:81', [-72, -77, -70, -72, -71, -51, -76, -69, -72]), ('b8:27:eb:ee:32:b8', [-89, -97, -98, -92, -87, -94]), ('b8:27:eb:e7:50:37', [-63, -88, -76, -86, -73, -85, -75, -91, -72, -68]), ('b8:27:eb:63:a1:e3', [-82, -84, -99, -93, -74, -71, -72, -73, -62, -71])]
08:42:38.398614,(-64,-56,-72),(-82,-65,-93),(-71,-52,-83),(-95,-93,-96),(-82,-73,-94),(-72,-59,-79)
[('b8:27:eb:b6:43:f8', [-58, -56, -56, -64, -70, -72, -69]), ('b8:27:eb:d3:4c:7f', [-91, -81, -73, -93, -88, -65]), ('b8:27:eb:cd:4b:81', [-76, -66, -69, -52, -83, -62, -76, -75, -76]), ('b8:27:eb:ee:32:b8', [-95, -95, -93, -96]), ('b8:27:eb:e7:50:37', [-83, -84, -85, -79, -94, -84, -73, -73]), ('b8:27:eb:63:a1:e3', [-79, -73, -71, -71, -73, -73, -72, -59])]
08:42:40.298161,(-68,-48,-84),(-74,-61,-83),(-68,-58,-76),(-92,-88,-97),(-82,-67,-90),(-71,-55,-84)
[('b8:27:eb:b6:43:f8', [-63, -84, -48, -61, -78, -64, -68, -74, -69]), ('b8:27:eb:d3:4c:7f', [-83, -72, -61, -72, -73, -76, -76]), ('b8:27:eb:cd:4b:81', [-62, -73, -70, -76, -58, -69, -70, -60, -72]), ('b8:27:eb:ee:32:b8', [-91, -97, -92, -88, -89]), ('b8:27:eb:e7:50:37', [-82, -67, -85, -88, -80, -89, -69, -90]), ('b8:27:eb:63:a1:e3', [-55, -72, -84, -70, -72, -77, -64, -74, -71, -66])]
08:42:42.236963,(-62,-48,-78),(-70,-56,-79),(-70,-66,-73),(-90,-86,-96),(-81,-68,-88),(-71,-53,-89)
[('b8:27:eb:b6:43:f8', [-56, -57, -78, -69, -48, -61, -71, -62, -52, -61]), ('b8:27:eb:d3:4c:7f', [-75, -61, -56, -79, -75]), ('b8:27:eb:cd:4b:81', [-71, -71, -73, -66, -67, -72, -72, -68, -67]), ('b8:27:eb:ee:32:b8', [-96, -92, -89, -86, -87, -91, -89]), ('b8:27:eb:e7:50:37', [-82, -88, -68, -78, -83, -80, -84]), ('b8:27:eb:63:a1:e3', [-74, -75, -57, -74, -53, -89])]
08:42:44.130657,(-59,-46,-69),(-63,-47,-74),(-68,-55,-83),(-82,-76,-88),(-80,-71,-85),(-76,-72,-79)
[('b8:27:eb:b6:43:f8', [-68, -48, -69, -63, -64, -66, -46, -47]), ('b8:27:eb:d3:4c:7f', [-65, -60, -50, -74, -47, -72, -65, -70, -59]), ('b8:27:eb:cd:4b:81', [-66, -66, -56, -63, -82, -83, -55]), ('b8:27:eb:ee:32:b8', [-88, -76]), ('b8:27:eb:e7:50:37', [-77, -71, -82, -77, -85, -82, -85]), ('b8:27:eb:63:a1:e3', [-74, -77, -77, -78, -72, -75, -79])]
08:42:46.055720,(-73,-56,-89),(-67,-55,-88),(-67,-52,-77),(-88,-80,-93),(-83,-76,-89),(-74,-59,-83)
[('b8:27:eb:b6:43:f8', [-73, -70, -56, -69, -75, -89, -72, -79]), ('b8:27:eb:d3:4c:7f', [-55, -59, -68, -57, -59, -76, -88, -71]), ('b8:27:eb:cd:4b:81', [-77, -75, -62, -69, -52, -64]), ('b8:27:eb:ee:32:b8', [-80, -85, -90, -85, -90, -93]), ('b8:27:eb:e7:50:37', [-76, -78, -87, -89, -81, -86, -80]), ('b8:27:eb:63:a1:e3', [-59, -80, -71, -75, -75, -83, -76, -72, -70, -72])]
08:42:47.938746,(-68,-57,-73),(-72,-56,-84),(-64,-52,-72),(-93,-83,-104),(-75,-63,-83),(-72,-61,-76)
[('b8:27:eb:b6:43:f8', [-57, -71, -73, -71, -65, -70]), ('b8:27:eb:d3:4c:7f', [-67, -82, -68, -68, -56, -72, -73, -84]), ('b8:27:eb:cd:4b:81', [-52, -58, -72, -63, -68, -71, -70, -70, -54, -61]), ('b8:27:eb:ee:32:b8', [-83, -90, -104, -94]), ('b8:27:eb:e7:50:37', [-83, -80, -70, -63, -72, -83, -70]), ('b8:27:eb:63:a1:e3', [-75, -72, -70, -74, -74, -73, -61, -69, -76])]
08:42:49.857650,(-65,-53,-76),(-72,-63,-80),(-68,-58,-77),(-93,-88,-97),(-84,-70,-92),(-75,-64,-82)
[('b8:27:eb:b6:43:f8', [-68, -65, -76, -76, -61, -61, -53, -53]), ('b8:27:eb:d3:4c:7f', [-77, -72, -69, -69, -69, -63, -80]), ('b8:27:eb:cd:4b:81', [-70, -58, -65, -70, -61, -72, -72, -67, -77]), ('b8:27:eb:ee:32:b8', [-88, -94, -91, -95, -97]), ('b8:27:eb:e7:50:37', [-70, -83, -80, -92, -86, -92, -83]), ('b8:27:eb:63:a1:e3', [-78, -81, -81, -82, -74, -64, -70, -69, -76])]
08:42:51.800493,(-68,-46,-82),(-73,-61,-93),(-68,-50,-79),(-93,-82,-99),(-83,-72,-92),(-66,-52,-77)
[('b8:27:eb:b6:43:f8', [-46, -70, -66, -67, -64, -69, -66, -76, -82]), ('b8:27:eb:d3:4c:7f', [-61, -93, -64, -71, -71, -70, -68, -81, -70]), ('b8:27:eb:cd:4b:81', [-70, -50, -69, -66, -71, -79, -68]), ('b8:27:eb:ee:32:b8', [-94, -97, -82, -94, -96, -87, -99, -91, -92]), ('b8:27:eb:e7:50:37', [-82, -72, -92, -92, -85, -82, -79, -81, -76]), ('b8:27:eb:63:a1:e3', [-77, -60, -75, -68, -62, -52, -72, -57])]
08:42:53.734440,(-68,-60,-75),(-67,-55,-78),(-61,-48,-71),(-92,-86,-99),(-80,-62,-91),(-70,-55,-89)
[('b8:27:eb:b6:43:f8', [-69, -75, -70, -75, -63, -61, -68, -69, -60]), ('b8:27:eb:d3:4c:7f', [-78, -72, -63, -57, -55, -70, -63, -65, -77]), ('b8:27:eb:cd:4b:81', [-71, -69, -66, -52, -65, -50, -48, -63]), ('b8:27:eb:ee:32:b8', [-99, -86, -87, -90, -95, -95]), ('b8:27:eb:e7:50:37', [-81, -83, -91, -83, -78, -62]), ('b8:27:eb:63:a1:e3', [-71, -75, -62, -58, -89, -72, -78, -68, -63, -55])]
08:42:55.639862,(-69,-58,-88),(-72,-66,-81),(-67,-48,-83),(-95,-84,-100),(-81,-77,-88),(-71,-61,-74)
[('b8:27:eb:b6:43:f8', [-62, -88, -63, -65, -58, -76, -64, -70, -68]), ('b8:27:eb:d3:4c:7f', [-66, -81, -74, -73, -68, -71, -67, -74]), ('b8:27:eb:cd:4b:81', [-68, -57, -70, -83, -73, -48]), ('b8:27:eb:ee:32:b8', [-99, -84, -97, -100]), ('b8:27:eb:e7:50:37', [-78, -88, -77, -79]), ('b8:27:eb:63:a1:e3', [-71, -61, -72, -74, -74])]
08:42:57.571197,(-60,-50,-70),(-71,-59,-87),(-76,-70,-87),(-91,-86,-95),(-76,-55,-89),(-69,-58,-74)
[('b8:27:eb:b6:43:f8', [-67, -50, -63, -57, -70, -56, -59, -54]), ('b8:27:eb:d3:4c:7f', [-87, -71, -71, -59, -69, -66, -72]), ('b8:27:eb:cd:4b:81', [-71, -87, -70]), ('b8:27:eb:ee:32:b8', [-91, -95, -86, -91]), ('b8:27:eb:e7:50:37', [-78, -82, -89, -73, -75, -79, -55, -70, -77]), ('b8:27:eb:63:a1:e3', [-66, -72, -74, -73, -67, -58, -72])]
08:42:59.502172,(-63,-49,-70),(-71,-58,-85),(-76,-68,-84),(-97,-93,-103),(-79,-68,-85),(-73,-67,-86)
[('b8:27:eb:b6:43:f8', [-70, -68, -68, -63, -63, -49, -68, -53]), ('b8:27:eb:d3:4c:7f', [-66, -58, -85, -70, -72, -71, -73]), ('b8:27:eb:cd:4b:81', [-68, -76, -84]), ('b8:27:eb:ee:32:b8', [-103, -93, -93, -97]), ('b8:27:eb:e7:50:37', [-77, -85, -78, -77, -82, -68, -85, -77]), ('b8:27:eb:63:a1:e3', [-69, -67, -72, -71, -70, -74, -86, -70, -73])]
08:43:01.428756,(-63,-49,-71),(-65,-50,-75),(-71,-56,-84),(-96,-91,-100),(-80,-75,-88),(-73,-66,-79)
[('b8:27:eb:b6:43:f8', [-71, -67, -71, -49, -65, -50, -68]), ('b8:27:eb:d3:4c:7f', [-67, -75, -62, -60, -67, -50, -68, -71, -58]), ('b8:27:eb:cd:4b:81', [-84, -66, -73, -74, -76, -68, -56]), ('b8:27:eb:ee:32:b8', [-91, -100, -95, -97, -97]), ('b8:27:eb:e7:50:37', [-88, -85, -79, -75, -77, -78, -76]), ('b8:27:eb:63:a1:e3', [-79, -75, -66, -71, -72, -71])]
08:43:03.359856,(-73,-54,-82),(-73,-59,-81),(-64,-61,-68),(-95,-89,-99),(-85,-74,-92),(-70,-56,-76)
[('b8:27:eb:b6:43:f8', [-73, -66, -81, -82, -54, -79, -66, -77]), ('b8:27:eb:d3:4c:7f', [-71, -66, -73, -78, -72, -59, -73, -81, -71, -81]), ('b8:27:eb:cd:4b:81', [-63, -62, -67, -61, -67, -64, -61, -62, -68]), ('b8:27:eb:ee:32:b8', [-94, -99, -97, -89, -95, -91]), ('b8:27:eb:e7:50:37', [-84, -92, -91, -92, -81, -80, -74]), ('b8:27:eb:63:a1:e3', [-56, -74, -76, -61, -75, -73])]
08:43:05.254369,(-67,-51,-78),(-77,-69,-91),(-69,-56,-78),(-95,-91,-97),(-84,-82,-85),(-71,-60,-83)
[('b8:27:eb:b6:43:f8', [-75, -73, -73, -69, -78, -63, -51, -51]), ('b8:27:eb:d3:4c:7f', [-74, -84, -75, -78, -73, -91, -70, -71, -76, -69]), ('b8:27:eb:cd:4b:81', [-64, -58, -71, -64, -78, -56, -75, -75, -72]), ('b8:27:eb:ee:32:b8', [-91, -97, -97, -95]), ('b8:27:eb:e7:50:37', [-82, -85, -85]), ('b8:27:eb:63:a1:e3', [-79, -60, -83, -65, -68, -73, -67])]
08:43:07.185000,(-66,-55,-76),(-68,-52,-79),(-65,-56,-73),(-93,-87,-98),(-79,-71,-86),(-67,-54,-72)
[('b8:27:eb:b6:43:f8', [-68, -71, -76, -64, -65, -55, -62, -71, -62]), ('b8:27:eb:d3:4c:7f', [-60, -79, -78, -62, -72, -66, -52, -71]), ('b8:27:eb:cd:4b:81', [-57, -57, -63, -67, -56, -70, -70, -73, -70]), ('b8:27:eb:ee:32:b8', [-87, -94, -90, -94, -98, -95]), ('b8:27:eb:e7:50:37', [-86, -71, -84, -77, -75]), ('b8:27:eb:63:a1:e3', [-67, -54, -72, -71, -72, -60, -69])]
08:43:09.143305,(-65,-47,-74),(-67,-47,-79),(-69,-51,-73),(-93,-84,-96),(-80,-74,-85),(-75,-60,-87)
[('b8:27:eb:b6:43:f8', [-67, -47, -48, -72, -68, -71, -74, -68]), ('b8:27:eb:d3:4c:7f', [-47, -76, -69, -67, -69, -55, -72, -79]), ('b8:27:eb:cd:4b:81', [-72, -71, -71, -71, -66, -67, -51, -71, -73]), ('b8:27:eb:ee:32:b8', [-96, -84, -94, -96]), ('b8:27:eb:e7:50:37', [-80, -85, -74, -81]), ('b8:27:eb:63:a1:e3', [-77, -78, -60, -87, -70, -67, -69, -87])]
08:43:11.068126,(-65,-57,-75),(-65,-53,-78),(-67,-55,-74),(-89,-81,-93),(-84,-75,-89),(-72,-53,-88)
[('b8:27:eb:b6:43:f8', [-63, -75, -68, -60, -57, -64, -63]), ('b8:27:eb:d3:4c:7f', [-78, -59, -69, -62, -64, -53, -64, -71, -65]), ('b8:27:eb:cd:4b:81', [-67, -68, -55, -71, -62, -65, -71, -74]), ('b8:27:eb:ee:32:b8', [-90, -87, -89, -93, -90, -81]), ('b8:27:eb:e7:50:37', [-79, -84, -75, -85, -89, -89]), ('b8:27:eb:63:a1:e3', [-74, -75, -88, -53, -58, -72, -72, -72, -73, -74])]
08:43:12.993158,(-66,-44,-76),(-72,-62,-81),(-66,-53,-75),(-94,-82,-97),(-82,-68,-98),(-76,-61,-89)
[('b8:27:eb:b6:43:f8', [-62, -60, -74, -44, -76, -68, -75]), ('b8:27:eb:d3:4c:7f', [-71, -81, -76, -62, -72, -69, -72]), ('b8:27:eb:cd:4b:81', [-53, -61, -73, -67, -65, -75]), ('b8:27:eb:ee:32:b8', [-97, -97, -82, -95, -96, -96, -95]), ('b8:27:eb:e7:50:37', [-91, -68, -98, -85, -74, -82, -75]), ('b8:27:eb:63:a1:e3', [-72, -78, -81, -71, -89, -61])]
08:43:14.902754,(-63,-49,-78),(-71,-57,-83),(-61,-51,-69),(-93,-88,-95),(-81,-71,-87),(-71,-57,-80)
[('b8:27:eb:b6:43:f8', [-49, -62, -65, -62, -78, -67, -66, -53]), ('b8:27:eb:d3:4c:7f', [-76, -57, -83, -62, -68, -71, -80, -72, -71, -67]), ('b8:27:eb:cd:4b:81', [-63, -60, -64, -69, -62, -53, -51]), ('b8:27:eb:ee:32:b8', [-93, -95, -88, -95, -93, -91]), ('b8:27:eb:e7:50:37', [-84, -87, -83, -71, -80]), ('b8:27:eb:63:a1:e3', [-57, -64, -74, -69, -75, -79, -60, -80, -75, -71])]
08:43:16.830502,(-66,-45,-81),(-66,-51,-73),(-58,-49,-73),(-96,-89,-101),(-79,-67,-89),(-68,-58,-78)
[('b8:27:eb:b6:43:f8', [-71, -81, -69, -45, -67, -58, -70]), ('b8:27:eb:d3:4c:7f', [-59, -68, -51, -68, -66, -73, -72, -67]), ('b8:27:eb:cd:4b:81', [-63, -58, -52, -55, -49, -73, -52, -62]), ('b8:27:eb:ee:32:b8', [-89, -96, -101]), ('b8:27:eb:e7:50:37', [-67, -80, -76, -89, -74, -84]), ('b8:27:eb:63:a1:e3', [-67, -78, -67, -63, -74, -60, -73, -58, -73, -62])]
08:43:18.765073,(-66,-55,-82),(-69,-54,-77),(-64,-49,-73),(-91,-90,-92),(-81,-73,-88),(-65,-49,-78)
[('b8:27:eb:b6:43:f8', [-68, -69, -73, -60, -56, -67, -70, -57, -55, -82]), ('b8:27:eb:d3:4c:7f', [-68, -65, -66, -77, -72, -64, -77, -65, -54, -73]), ('b8:27:eb:cd:4b:81', [-68, -71, -73, -73, -50, -49]), ('b8:27:eb:ee:32:b8', [-90, -92]), ('b8:27:eb:e7:50:37', [-78, -81, -88, -73, -85]), ('b8:27:eb:63:a1:e3', [-56, -71, -66, -49, -74, -57, -68, -78])]
08:43:20.700078,(-66,-51,-78),(-70,-58,-77),(-61,-49,-67),(-91,-83,-94),(-87,-81,-94),(-75,-68,-84)
[('b8:27:eb:b6:43:f8', [-68, -68, -65, -78, -76, -51, -66, -58, -62]), ('b8:27:eb:d3:4c:7f', [-58, -77, -71, -73, -73, -69, -65, -66, -75, -68]), ('b8:27:eb:cd:4b:81', [-49, -51, -61, -64, -67, -64, -66, -65, -59]), ('b8:27:eb:ee:32:b8', [-93, -89, -93, -83, -94]), ('b8:27:eb:e7:50:37', [-92, -84, -83, -81, -84, -94]), ('b8:27:eb:63:a1:e3', [-73, -73, -75, -73, -84, -75, -68])]
08:43:22.628732,(-69,-54,-75),(-70,-59,-77),(-58,-46,-76),(-91,-79,-97),(-85,-73,-95),(-71,-54,-77)
[('b8:27:eb:b6:43:f8', [-70, -75, -73, -69, -72, -69, -54, -63]), ('b8:27:eb:d3:4c:7f', [-77, -61, -73, -73, -75, -59]), ('b8:27:eb:cd:4b:81', [-59, -50, -46, -64, -50, -76]), ('b8:27:eb:ee:32:b8', [-79, -97, -97, -88, -95, -87]), ('b8:27:eb:e7:50:37', [-87, -73, -95, -85, -86, -79]), ('b8:27:eb:63:a1:e3', [-71, -54, -77, -72, -77, -71, -71])]
08:43:24.595246,(-69,-57,-78),(-70,-58,-78),(-69,-51,-74),(-88,-75,-98),(-78,-70,-83),(-63,-50,-77)
[('b8:27:eb:b6:43:f8', [-68, -67, -65, -69, -70, -78, -68, -71, -68, -57]), ('b8:27:eb:d3:4c:7f', [-72, -73, -67, -65, -72, -72, -78, -58, -73]), ('b8:27:eb:cd:4b:81', [-73, -51, -66, -69, -71, -71, -74, -68, -71, -73]), ('b8:27:eb:ee:32:b8', [-96, -75, -88, -79, -91, -93, -82, -98]), ('b8:27:eb:e7:50:37', [-70, -83, -80, -80, -77, -73, -78]), ('b8:27:eb:63:a1:e3', [-59, -58, -71, -52, -77, -62, -66, -50, -67, -65])]
08:43:26.488821,(-67,-49,-79),(-70,-58,-76),(-66,-52,-76),(-88,-83,-96),(-79,-66,-85),(-71,-59,-76)
[('b8:27:eb:b6:43:f8', [-74, -67, -67, -69, -66, -72, -49, -72, -51, -79]), ('b8:27:eb:d3:4c:7f', [-76, -66, -58, -72, -71, -71, -66, -75, -70, -69]), ('b8:27:eb:cd:4b:81', [-67, -65, -71, -76, -52, -64, -65, -64]), ('b8:27:eb:ee:32:b8', [-96, -87, -83, -86]), ('b8:27:eb:e7:50:37', [-85, -75, -66, -77, -82, -85, -78]), ('b8:27:eb:63:a1:e3', [-71, -71, -76, -75, -59, -69, -75])]
08:43:28.422345,(-69,-51,-79),(-65,-53,-76),(-68,-53,-78),(-91,-78,-98),(-81,-73,-93),(-64,-49,-79)
[('b8:27:eb:b6:43:f8', [-79, -57, -70, -77, -73, -69, -73, -51]), ('b8:27:eb:d3:4c:7f', [-74, -73, -76, -55, -53, -54, -71, -59]), ('b8:27:eb:cd:4b:81', [-60, -61, -72, -75, -78, -68, -53, -69, -68]), ('b8:27:eb:ee:32:b8', [-94, -93, -94, -94, -98, -83, -78]), ('b8:27:eb:e7:50:37', [-78, -76, -74, -85, -73, -83, -93]), ('b8:27:eb:63:a1:e3', [-68, -66, -79, -70, -66, -52, -49, -56, -62, -71])]
08:43:30.326594,(-74,-65,-85),(-69,-59,-73),(-64,-51,-78),(-96,-94,-97),(-87,-80,-93),(-73,-51,-85)
[('b8:27:eb:b6:43:f8', [-71, -75, -72, -69, -85, -73, -65, -81]), ('b8:27:eb:d3:4c:7f', [-72, -65, -59, -66, -64, -71, -69, -71, -73, -73]), ('b8:27:eb:cd:4b:81', [-74, -57, -68, -78, -57, -62, -51, -62]), ('b8:27:eb:ee:32:b8', [-95, -94, -95, -97]), ('b8:27:eb:e7:50:37', [-93, -80, -85, -90, -91, -83, -83]), ('b8:27:eb:63:a1:e3', [-70, -73, -51, -67, -85, -77, -76, -75, -75, -72])]
08:43:32.232284,(-70,-55,-89),(-67,-55,-73),(-66,-55,-72),(-90,-86,-91),(-78,-67,-92),(-71,-50,-83)
[('b8:27:eb:b6:43:f8', [-61, -89, -58, -55, -73, -72, -82, -70, -65]), ('b8:27:eb:d3:4c:7f', [-61, -67, -73, -72, -55, -70, -71]), ('b8:27:eb:cd:4b:81', [-55, -72, -59, -67, -72, -63, -67, -72, -66]), ('b8:27:eb:ee:32:b8', [-91, -91, -86]), ('b8:27:eb:e7:50:37', [-86, -92, -76, -73, -77, -67, -79, -69, -83]), ('b8:27:eb:63:a1:e3', [-75, -83, -76, -73, -72, -72, -50, -65, -68, -76])]
08:43:34.137143,(-63,-46,-71),(-67,-55,-77),(-61,-45,-71),(-88,-79,-92),(-75,-59,-85),(-70,-57,-80)
[('b8:27:eb:b6:43:f8', [-70, -46, -62, -62, -63, -67, -71]), ('b8:27:eb:d3:4c:7f', [-66, -68, -77, -62, -60, -76, -55]), ('b8:27:eb:cd:4b:81', [-45, -53, -65, -68, -62, -62, -71, -58]), ('b8:27:eb:ee:32:b8', [-89, -91, -92, -79]), ('b8:27:eb:e7:50:37', [-67, -62, -80, -85, -59, -74, -76, -80, -82, -77]), ('b8:27:eb:63:a1:e3', [-57, -62, -76, -71, -79, -64, -64, -80, -70])]
08:43:36.065849,(-68,-60,-76),(-63,-49,-71),(-62,-58,-73),(-88,-78,-94),(-79,-68,-87),(-65,-55,-75)
[('b8:27:eb:b6:43:f8', [-69, -69, -61, -60, -76, -70]), ('b8:27:eb:d3:4c:7f', [-49, -61, -65, -61, -66, -71]), ('b8:27:eb:cd:4b:81', [-59, -58, -65, -60, -58, -58, -73, -63, -61]), ('b8:27:eb:ee:32:b8', [-94, -94, -80, -78, -83, -94]), ('b8:27:eb:e7:50:37', [-83, -87, -72, -68, -83, -81, -77]), ('b8:27:eb:63:a1:e3', [-72, -69, -75, -62, -65, -60, -66, -57, -55])]
08:43:37.995580,(-69,-58,-76),(-59,-48,-66),(-64,-50,-69),(-89,-82,-94),(-76,-67,-82),(-69,-55,-80)
[('b8:27:eb:b6:43:f8', [-67, -58, -72, -73, -63, -76, -69, -65, -73]), ('b8:27:eb:d3:4c:7f', [-54, -62, -63, -59, -62, -51, -48, -65, -66, -60]), ('b8:27:eb:cd:4b:81', [-66, -67, -65, -69, -62, -68, -50]), ('b8:27:eb:ee:32:b8', [-82, -92, -90, -94, -86, -86, -87]), ('b8:27:eb:e7:50:37', [-82, -82, -82, -67, -73, -73, -78, -67]), ('b8:27:eb:63:a1:e3', [-65, -80, -71, -55, -76, -74, -61])]
08:43:39.918331,(-73,-56,-90),(-62,-51,-70),(-67,-61,-72),(-91,-78,-97),(-77,-62,-86),(-68,-57,-75)
[('b8:27:eb:b6:43:f8', [-74, -56, -75, -75, -76, -90, -61, -76, -72]), ('b8:27:eb:d3:4c:7f', [-63, -53, -67, -68, -61, -70, -59, -51]), ('b8:27:eb:cd:4b:81', [-66, -61, -63, -66, -64, -65, -70, -72, -68]), ('b8:27:eb:ee:32:b8', [-78, -93, -97, -90, -97, -97, -82]), ('b8:27:eb:e7:50:37', [-76, -77, -62, -83, -79, -75, -86, -77]), ('b8:27:eb:63:a1:e3', [-57, -71, -57, -72, -66, -71, -71, -75])]
08:43:41.833395,(-67,-50,-71),(-67,-59,-72),(-65,-54,-72),(-89,-88,-90),(-71,-61,-81),(-69,-56,-77)
[('b8:27:eb:b6:43:f8', [-71, -68, -68, -71, -70, -50, -71]), ('b8:27:eb:d3:4c:7f', [-70, -68, -59, -72, -61, -64, -62, -72, -64, -71]), ('b8:27:eb:cd:4b:81', [-72, -66, -54, -72, -69, -63, -54, -67, -63]), ('b8:27:eb:ee:32:b8', [-89, -90, -89, -88, -89]), ('b8:27:eb:e7:50:37', [-81, -75, -69, -65, -70, -80, -64, -61]), ('b8:27:eb:63:a1:e3', [-63, -77, -74, -56, -68, -69, -72])]
08:43:43.789301,(-70,-58,-79),(-62,-46,-71),(-72,-67,-81),(-90,-77,-98),(-78,-76,-80),(-70,-58,-86)
[('b8:27:eb:b6:43:f8', [-71, -69, -72, -73, -58, -70, -76, -64, -67, -79]), ('b8:27:eb:d3:4c:7f', [-46, -58, -64, -52, -69, -71, -53, -70, -70, -60]), ('b8:27:eb:cd:4b:81', [-81, -69, -67, -73, -72, -71, -67]), ('b8:27:eb:ee:32:b8', [-90, -93, -77, -94, -98, -92, -80]), ('b8:27:eb:e7:50:37', [-78, -76, -78, -77, -79, -78, -80]), ('b8:27:eb:63:a1:e3', [-64, -75, -58, -72, -62, -86, -67, -70])]
08:43:45.714150,(-73,-68,-80),(-68,-48,-86),(-68,-57,-82),(-95,-93,-96),(-84,-77,-90),(-74,-68,-80)
[('b8:27:eb:b6:43:f8', [-72, -73, -68, -70, -77, -80, -70]), ('b8:27:eb:d3:4c:7f', [-69, -69, -56, -65, -74, -48, -86, -71]), ('b8:27:eb:cd:4b:81', [-71, -62, -71, -62, -82, -68, -64, -57, -75]), ('b8:27:eb:ee:32:b8', [-93, -96, -95, -95]), ('b8:27:eb:e7:50:37', [-77, -82, -85, -90, -77, -86, -89]), ('b8:27:eb:63:a1:e3', [-80, -75, -69, -71, -80, -68, -70, -79, -73, -72])]
08:43:47.610272,(-64,-58,-76),(-67,-55,-77),(-66,-51,-74),(-91,-86,-98),(-77,-67,-84),(-73,-65,-84)
[('b8:27:eb:b6:43:f8', [-76, -65, -63, -62, -58, -65, -58]), ('b8:27:eb:d3:4c:7f', [-74, -55, -60, -70, -63, -67, -77, -67]), ('b8:27:eb:cd:4b:81', [-68, -66, -70, -51, -74, -62, -65, -72, -66]), ('b8:27:eb:ee:32:b8', [-87, -93, -86, -98]), ('b8:27:eb:e7:50:37', [-67, -74, -84, -77, -82]), ('b8:27:eb:63:a1:e3', [-76, -65, -84, -71, -65])]
08:43:49.537906,(-69,-56,-76),(-66,-54,-73),(-68,-48,-78),(-95,-87,-97),(-85,-79,-89),(-70,-51,-87)
[('b8:27:eb:b6:43:f8', [-69, -69, -71, -64, -72, -76, -56]), ('b8:27:eb:d3:4c:7f', [-73, -54, -72, -72, -62, -56, -73]), ('b8:27:eb:cd:4b:81', [-76, -72, -69, -52, -69, -78, -48, -72, -72]), ('b8:27:eb:ee:32:b8', [-97, -95, -97, -96, -95, -94, -87]), ('b8:27:eb:e7:50:37', [-85, -89, -88, -79, -82]), ('b8:27:eb:63:a1:e3', [-73, -63, -73, -69, -76, -69, -77, -61, -87, -51])]
08:43:51.498386,(-69,-53,-76),(-73,-62,-84),(-68,-50,-77),(-90,-81,-96),(-79,-60,-92),(-64,-45,-74)
[('b8:27:eb:b6:43:f8', [-70, -70, -68, -53, -58, -74, -73, -76, -75]), ('b8:27:eb:d3:4c:7f', [-66, -74, -62, -84, -63, -80, -78]), ('b8:27:eb:cd:4b:81', [-70, -50, -77, -70, -54, -70, -75, -71, -73]), ('b8:27:eb:ee:32:b8', [-92, -93, -81, -87, -93, -96, -88]), ('b8:27:eb:e7:50:37', [-77, -83, -78, -76, -75, -71, -60, -85, -91, -92]), ('b8:27:eb:63:a1:e3', [-74, -73, -71, -71, -61, -45, -65, -49])]
08:43:53.410872,(-64,-50,-78),(-70,-53,-81),(-74,-61,-85),(-92,-87,-99),(-77,-62,-86),(-71,-64,-79)
[('b8:27:eb:b6:43:f8', [-65, -54, -50, -56, -72, -75, -69, -57, -78]), ('b8:27:eb:d3:4c:7f', [-77, -76, -75, -81, -53, -70, -67, -60, -69]), ('b8:27:eb:cd:4b:81', [-70, -68, -61, -85, -79, -72, -78, -77]), ('b8:27:eb:ee:32:b8', [-89, -87, -88, -99, -91, -96]), ('b8:27:eb:e7:50:37', [-80, -80, -79, -73, -73, -79, -62, -86, -75]), ('b8:27:eb:63:a1:e3', [-64, -67, -70, -69, -67, -70, -71, -79, -78])]
08:43:55.322902,(-68,-58,-76),(-72,-60,-80),(-66,-54,-72),(-90,-90,-90),(-78,-61,-85),(-72,-57,-82)
[('b8:27:eb:b6:43:f8', [-76, -74, -76, -63, -63, -58, -59, -70, -71]), ('b8:27:eb:d3:4c:7f', [-71, -80, -73, -63, -60, -79, -72, -76]), ('b8:27:eb:cd:4b:81', [-67, -68, -71, -72, -61, -54, -68]), ('b8:27:eb:ee:32:b8', [-90]), ('b8:27:eb:e7:50:37', [-82, -81, -77, -82, -76, -61, -85, -76]), ('b8:27:eb:63:a1:e3', [-75, -72, -73, -68, -82, -75, -57, -72])]
08:43:57.214588,(-67,-51,-75),(-75,-67,-81),(-71,-60,-77),(-94,-89,-97),(-87,-71,-93),(-79,-68,-103)
[('b8:27:eb:b6:43:f8', [-51, -72, -67, -73, -75, -70, -67, -64, -64]), ('b8:27:eb:d3:4c:7f', [-70, -76, -81, -67, -73, -80]), ('b8:27:eb:cd:4b:81', [-73, -60, -72, -73, -69, -77]), ('b8:27:eb:ee:32:b8', [-89, -96, -97]), ('b8:27:eb:e7:50:37', [-71, -90, -86, -93, -92, -90, -82]), ('b8:27:eb:63:a1:e3', [-76, -83, -72, -71, -80, -68, -76, -103])]
08:43:59.133424,(-66,-45,-81),(-71,-59,-83),(-72,-65,-78),(-94,-88,-103),(-80,-62,-84),(-76,-60,-98)
[('b8:27:eb:b6:43:f8', [-63, -62, -68, -73, -66, -81, -71, -45, -64]), ('b8:27:eb:d3:4c:7f', [-77, -75, -74, -68, -59, -72, -63, -83, -65]), ('b8:27:eb:cd:4b:81', [-70, -78, -72, -75, -72, -72, -69, -65, -72, -66]), ('b8:27:eb:ee:32:b8', [-103, -90, -94, -101, -88, -88]), ('b8:27:eb:e7:50:37', [-83, -81, -84, -84, -76, -84, -78, -62, -83]), ('b8:27:eb:63:a1:e3', [-98, -82, -74, -60, -73, -75, -76, -83, -63])]
08:44:01.030112,(-54,-44,-62),(-67,-54,-78),(-74,-48,-87),(-93,-86,-98),(-86,-76,-93),(-71,-56,-89)
[('b8:27:eb:b6:43:f8', [-57, -44, -60, -62, -44, -48, -58]), ('b8:27:eb:d3:4c:7f', [-67, -69, -76, -63, -78, -63, -54, -62]), ('b8:27:eb:cd:4b:81', [-48, -82, -72, -78, -72, -87]), ('b8:27:eb:ee:32:b8', [-92, -91, -98, -86, -95]), ('b8:27:eb:e7:50:37', [-85, -79, -90, -76, -87, -93, -81, -92, -83]), ('b8:27:eb:63:a1:e3', [-74, -76, -89, -56, -76, -59, -61, -77])]
08:44:02.923121,(-64,-48,-90),(-65,-49,-70),(-71,-54,-83),(-94,-87,-97),(-80,-66,-86),(-72,-57,-82)
[('b8:27:eb:b6:43:f8', [-59, -62, -48, -64, -53, -78, -90, -53]), ('b8:27:eb:d3:4c:7f', [-68, -70, -66, -66, -69, -49, -61]), ('b8:27:eb:cd:4b:81', [-68, -78, -66, -83, -77, -66, -74, -54, -76, -65]), ('b8:27:eb:ee:32:b8', [-92, -93, -95, -94, -97, -95, -87]), ('b8:27:eb:e7:50:37', [-82, -84, -81, -66, -73, -82, -86]), ('b8:27:eb:63:a1:e3', [-57, -82, -70, -69, -78, -75, -69])]
08:44:04.864501,(-73,-66,-84),(-63,-58,-69),(-68,-58,-73),(-86,-80,-91),(-73,-61,-83),(-69,-56,-80)
[('b8:27:eb:b6:43:f8', [-69, -70, -72, -84, -73, -66, -75]), ('b8:27:eb:d3:4c:7f', [-58, -69, -61, -61]), ('b8:27:eb:cd:4b:81', [-60, -70, -58, -73, -65, -67, -72, -73]), ('b8:27:eb:ee:32:b8', [-91, -88, -80, -85]), ('b8:27:eb:e7:50:37', [-61, -70, -72, -75, -76, -63, -73, -79, -83]), ('b8:27:eb:63:a1:e3', [-80, -67, -56, -70, -72, -68, -67, -64, -72, -67])]
08:44:06.799712,(-69,-58,-78),(-67,-53,-77),(-73,-67,-80),(-93,-91,-95),(-84,-70,-90),(-70,-57,-76)
[('b8:27:eb:b6:43:f8', [-78, -67, -76, -60, -68, -72, -72, -66, -58]), ('b8:27:eb:d3:4c:7f', [-68, -55, -72, -72, -53, -77, -72, -59, -68]), ('b8:27:eb:cd:4b:81', [-69, -67, -70, -75, -72, -80, -72]), ('b8:27:eb:ee:32:b8', [-91, -95]), ('b8:27:eb:e7:50:37', [-89, -90, -89, -89, -70, -87, -83, -71]), ('b8:27:eb:63:a1:e3', [-57, -73, -73, -73, -76, -67, -67])]
08:44:08.735796,(-70,-57,-94),(-74,-65,-80),(-71,-58,-81),(-94,-80,-99),(-82,-75,-88),(-72,-66,-79)
[('b8:27:eb:b6:43:f8', [-57, -70, -65, -94, -66, -72, -74, -62, -68]), ('b8:27:eb:d3:4c:7f', [-73, -80, -76, -70, -79, -65, -73, -72, -71, -75]), ('b8:27:eb:cd:4b:81', [-73, -77, -58, -72, -73, -73, -81, -65, -60]), ('b8:27:eb:ee:32:b8', [-95, -95, -99, -99, -80, -92]), ('b8:27:eb:e7:50:37', [-80, -88, -75, -78, -85, -83, -87, -84, -77]), ('b8:27:eb:63:a1:e3', [-72, -73, -66, -79, -67, -67, -78])]
08:44:10.634332,(-75,-62,-90),(-68,-59,-75),(-64,-44,-75),(-88,-82,-95),(-82,-68,-92),(-71,-62,-78)
[('b8:27:eb:b6:43:f8', [-85, -90, -68, -65, -68, -82, -62]), ('b8:27:eb:d3:4c:7f', [-66, -65, -59, -73, -72, -69, -75, -65, -62, -66]), ('b8:27:eb:cd:4b:81', [-68, -67, -68, -69, -72, -75, -53, -44, -54]), ('b8:27:eb:ee:32:b8', [-84, -82, -95, -94, -82]), ('b8:27:eb:e7:50:37', [-83, -92, -77, -68, -72, -79, -90, -83, -91, -81]), ('b8:27:eb:63:a1:e3', [-72, -69, -73, -67, -70, -78, -73, -62])]
08:44:12.532268,(-70,-53,-82),(-67,-60,-74),(-68,-53,-77),(-91,-85,-95),(-74,-61,-81),(-68,-56,-75)
[('b8:27:eb:b6:43:f8', [-53, -65, -76, -68, -69, -82, -76, -71]), ('b8:27:eb:d3:4c:7f', [-72, -69, -68, -67, -74, -67, -62, -64, -60]), ('b8:27:eb:cd:4b:81', [-77, -70, -69, -61, -68, -69, -53, -76]), ('b8:27:eb:ee:32:b8', [-95, -85, -91]), ('b8:27:eb:e7:50:37', [-67, -74, -66, -61, -81, -79, -79, -81, -69, -78]), ('b8:27:eb:63:a1:e3', [-63, -64, -68, -56, -71, -71, -72, -75, -67])]
08:44:14.423115,(-64,-50,-71),(-60,-47,-69),(-67,-61,-74),(-86,-73,-104),(-78,-63,-86),(-73,-51,-83)
[('b8:27:eb:b6:43:f8', [-71, -71, -67, -50, -58, -67, -54, -67]), ('b8:27:eb:d3:4c:7f', [-67, -47, -69, -48, -69, -55]), ('b8:27:eb:cd:4b:81', [-66, -61, -74, -62, -72, -72, -61]), ('b8:27:eb:ee:32:b8', [-84, -73, -81, -79, -104, -90, -87]), ('b8:27:eb:e7:50:37', [-66, -86, -79, -81, -80, -63, -82, -82, -75]), ('b8:27:eb:63:a1:e3', [-68, -51, -72, -80, -83, -75, -75, -73])]
08:44:16.330375,(-71,-58,-83),(-68,-54,-79),(-62,-48,-73),(-89,-80,-93),(-71,-59,-80),(-70,-58,-77)
[('b8:27:eb:b6:43:f8', [-79, -72, -58, -67, -83, -60, -69, -68, -78]), ('b8:27:eb:d3:4c:7f', [-54, -68, -70, -63, -68, -61, -79, -72, -76]), ('b8:27:eb:cd:4b:81', [-48, -58, -64, -58, -73, -64, -72, -50, -70]), ('b8:27:eb:ee:32:b8', [-93, -80, -92, -90, -88]), ('b8:27:eb:e7:50:37', [-59, -69, -80, -75]), ('b8:27:eb:63:a1:e3', [-77, -70, -67, -58, -70, -68, -77])]
08:44:18.260615,(-65,-55,-76),(-65,-51,-74),(-68,-57,-78),(-88,-81,-94),(-80,-74,-85),(-67,-52,-77)
[('b8:27:eb:b6:43:f8', [-73, -73, -69, -76, -67, -55, -55, -55, -58]), ('b8:27:eb:d3:4c:7f', [-58, -51, -63, -65, -63, -72, -74, -69]), ('b8:27:eb:cd:4b:81', [-66, -58, -62, -62, -76, -78, -71, -71, -57, -72]), ('b8:27:eb:ee:32:b8', [-94, -84, -92, -81, -85]), ('b8:27:eb:e7:50:37', [-85, -80, -77, -84, -80, -79, -74]), ('b8:27:eb:63:a1:e3', [-52, -66, -64, -77, -72])]
08:44:20.189259,(-64,-56,-72),(-65,-54,-77),(-69,-59,-73),(-89,-77,-97),(-78,-69,-85),(-71,-66,-75)
[('b8:27:eb:b6:43:f8', [-56, -66, -69, -72, -57, -71, -57]), ('b8:27:eb:d3:4c:7f', [-54, -55, -73, -71, -77, -68, -54]), ('b8:27:eb:cd:4b:81', [-71, -59, -72, -73, -73, -61, -71, -67]), ('b8:27:eb:ee:32:b8', [-86, -97, -77, -90, -94]), ('b8:27:eb:e7:50:37', [-85, -80, -70, -82, -69]), ('b8:27:eb:63:a1:e3', [-66, -73, -72, -75, -72, -72, -66])]
08:44:22.115784,(-65,-48,-74),(-65,-55,-72),(-62,-44,-72),(-94,-90,-97),(-78,-66,-91),(-66,-53,-71)
[('b8:27:eb:b6:43:f8', [-69, -55, -68, -74, -74, -71, -64, -48, -59]), ('b8:27:eb:d3:4c:7f', [-55, -60, -71, -64, -66, -59, -72, -70]), ('b8:27:eb:cd:4b:81', [-66, -72, -44, -58, -50, -64, -69, -62, -66]), ('b8:27:eb:ee:32:b8', [-97, -93, -90]), ('b8:27:eb:e7:50:37', [-66, -75, -73, -72, -82, -83, -91, -79]), ('b8:27:eb:63:a1:e3', [-70, -69, -53, -62, -66, -71])]
08:44:24.001819,(-64,-54,-69),(-65,-47,-72),(-64,-55,-73),(-89,-73,-94),(-78,-67,-82),(-61,-52,-65)
[('b8:27:eb:b6:43:f8', [-61, -63, -64, -69, -64, -67, -63, -54, -62, -65]), ('b8:27:eb:d3:4c:7f', [-47, -69, -59, -72, -67, -64, -67, -70]), ('b8:27:eb:cd:4b:81', [-59, -62, -61, -73, -62, -71, -63, -55]), ('b8:27:eb:ee:32:b8', [-73, -94, -93, -91, -92]), ('b8:27:eb:e7:50:37', [-78, -82, -78, -67, -80, -81, -79, -78]), ('b8:27:eb:63:a1:e3', [-64, -63, -52, -65, -60])]
08:44:25.924785,(-69,-52,-80),(-70,-46,-85),(-66,-56,-77),(-90,-85,-96),(-78,-67,-98),(-74,-61,-87)
[('b8:27:eb:b6:43:f8', [-52, -70, -80, -66, -67, -77]), ('b8:27:eb:d3:4c:7f', [-68, -63, -46, -72, -78, -79, -70, -62, -85]), ('b8:27:eb:cd:4b:81', [-56, -69, -74, -61, -69, -77, -58, -63]), ('b8:27:eb:ee:32:b8', [-96, -93, -85, -93, -86, -85, -92]), ('b8:27:eb:e7:50:37', [-98, -67, -79, -80, -67, -74]), ('b8:27:eb:63:a1:e3', [-75, -75, -72, -61, -87, -72, -77, -69])]
08:44:27.847413,(-67,-52,-77),(-68,-56,-78),(-65,-59,-72),(-89,-79,-96),(-81,-73,-91),(-67,-58,-77)
[('b8:27:eb:b6:43:f8', [-52, -73, -73, -70, -57, -77, -73, -61]), ('b8:27:eb:d3:4c:7f', [-56, -72, -65, -74, -78, -67, -60]), ('b8:27:eb:cd:4b:81', [-69, -59, -60, -59, -72, -63, -68]), ('b8:27:eb:ee:32:b8', [-89, -95, -79, -91, -96, -81]), ('b8:27:eb:e7:50:37', [-80, -75, -83, -78, -84, -73, -77, -91]), ('b8:27:eb:63:a1:e3', [-77, -61, -75, -58, -67, -63])]
08:44:29.735481,(-74,-64,-86),(-64,-50,-76),(-70,-52,-77),(-87,-80,-93),(-77,-64,-88),(-66,-52,-75)
[('b8:27:eb:b6:43:f8', [-82, -67, -64, -86, -76, -73, -69]), ('b8:27:eb:d3:4c:7f', [-69, -76, -50, -62, -67, -57, -63]), ('b8:27:eb:cd:4b:81', [-63, -52, -67, -77, -70, -67, -75, -77, -74]), ('b8:27:eb:ee:32:b8', [-81, -93, -80, -89, -91, -91, -84, -85]), ('b8:27:eb:e7:50:37', [-64, -87, -75, -88, -65, -80]), ('b8:27:eb:63:a1:e3', [-64, -69, -66, -75, -73, -57, -72, -59, -52])]
08:44:31.633548,(-73,-52,-82),(-61,-43,-72),(-68,-61,-72),(-87,-71,-98),(-75,-60,-90),(-62,-54,-67)
[('b8:27:eb:b6:43:f8', [-82, -76, -62, -73, -52, -73, -78, -75, -78]), ('b8:27:eb:d3:4c:7f', [-72, -62, -57, -62, -62, -43, -66, -59]), ('b8:27:eb:cd:4b:81', [-69, -71, -61, -68, -69, -65, -67, -72]), ('b8:27:eb:ee:32:b8', [-97, -86, -98, -87, -71, -78, -87]), ('b8:27:eb:e7:50:37', [-74, -70, -60, -76, -73, -90, -75, -80, -75]), ('b8:27:eb:63:a1:e3', [-54, -66, -65, -55, -56, -67, -65, -66])]
08:44:33.555899,(-64,-49,-74),(-62,-50,-73),(-61,-46,-77),(-88,-78,-93),(-78,-75,-85),(-68,-61,-74)
[('b8:27:eb:b6:43:f8', [-69, -65, -74, -72, -55, -49, -55, -66, -63, -67]), ('b8:27:eb:d3:4c:7f', [-72, -53, -50, -69, -73, -52, -61, -67, -61]), ('b8:27:eb:cd:4b:81', [-56, -55, -77, -63, -57, -46, -69]), ('b8:27:eb:ee:32:b8', [-93, -92, -78, -93, -88, -84, -82]), ('b8:27:eb:e7:50:37', [-85, -75, -80, -76, -76, -75, -77]), ('b8:27:eb:63:a1:e3', [-74, -71, -69, -65, -65, -70, -64, -68, -61])]
08:44:35.490126,(-66,-51,-90),(-72,-63,-91),(-65,-49,-71),(-89,-81,-96),(-75,-65,-83),(-63,-49,-81)
[('b8:27:eb:b6:43:f8', [-51, -80, -54, -90, -63, -68, -56]), ('b8:27:eb:d3:4c:7f', [-64, -63, -68, -91, -68, -70, -75]), ('b8:27:eb:cd:4b:81', [-71, -63, -70, -67, -68, -49]), ('b8:27:eb:ee:32:b8', [-88, -88, -88, -93, -81, -96]), ('b8:27:eb:e7:50:37', [-65, -73, -78, -72, -83, -69, -79, -82, -76, -72]), ('b8:27:eb:63:a1:e3', [-58, -63, -60, -49, -81, -56, -70])]
08:44:37.380643,(-57,-45,-79),(-71,-65,-76),(-71,-58,-79),(-90,-85,-100),(-79,-59,-87),(-72,-56,-87)
[('b8:27:eb:b6:43:f8', [-52, -59, -48, -61, -45, -79, -53]), ('b8:27:eb:d3:4c:7f', [-76, -75, -65, -68, -66, -72, -72]), ('b8:27:eb:cd:4b:81', [-69, -71, -65, -70, -73, -58, -76, -79, -77]), ('b8:27:eb:ee:32:b8', [-87, -85, -100, -87, -90]), ('b8:27:eb:e7:50:37', [-87, -84, -59, -85, -85, -84, -74, -74]), ('b8:27:eb:63:a1:e3', [-76, -64, -67, -67, -56, -87, -78, -78, -74])]
08:44:39.291129,(-65,-51,-82),(-62,-47,-73),(-71,-56,-80),(-94,-83,-100),(-80,-64,-91),(-71,-57,-76)
[('b8:27:eb:b6:43:f8', [-57, -66, -70, -62, -82, -60, -51, -66]), ('b8:27:eb:d3:4c:7f', [-65, -73, -51, -67, -71, -47, -62, -47, -71]), ('b8:27:eb:cd:4b:81', [-80, -73, -79, -56, -60, -67, -72, -74, -69, -75]), ('b8:27:eb:ee:32:b8', [-95, -99, -98, -83, -89, -100]), ('b8:27:eb:e7:50:37', [-84, -69, -86, -74, -91, -82, -64, -82, -82]), ('b8:27:eb:63:a1:e3', [-57, -76, -71, -71, -68, -74, -74, -76])]
08:44:41.208541,(-74,-69,-79),(-73,-63,-82),(-61,-49,-71),(-96,-92,-102),(-85,-74,-93),(-72,-53,-79)
[('b8:27:eb:b6:43:f8', [-74, -71, -69, -76, -73, -79]), ('b8:27:eb:d3:4c:7f', [-69, -75, -69, -82, -78, -63, -77, -71]), ('b8:27:eb:cd:4b:81', [-71, -49, -65, -68, -66, -49, -56, -63]), ('b8:27:eb:ee:32:b8', [-92, -93, -96, -97, -102, -93]), ('b8:27:eb:e7:50:37', [-82, -87, -83, -93, -91, -74]), ('b8:27:eb:63:a1:e3', [-73, -58, -74, -53, -79, -77, -79, -71, -76])]
08:44:43.168115,(-61,-44,-69),(-70,-58,-74),(-64,-52,-75),(-80,-80,-80),(-79,-71,-93),(-75,-67,-79)
[('b8:27:eb:b6:43:f8', [-65, -67, -69, -69, -68, -61, -64, -44, -51, -46]), ('b8:27:eb:d3:4c:7f', [-70, -74, -65, -74, -73, -70, -72, -58]), ('b8:27:eb:cd:4b:81', [-69, -70, -56, -75, -60, -60, -52]), ('b8:27:eb:ee:32:b8', [-80, -80]), ('b8:27:eb:e7:50:37', [-93, -75, -87, -85, -71, -73, -71, -76]), ('b8:27:eb:63:a1:e3', [-73, -78, -67, -79, -76])]
08:44:45.133229,(-68,-62,-74),(-68,-56,-73),(-70,-63,-78),(-88,-75,-98),(-77,-61,-85),(-65,-55,-72)
[('b8:27:eb:b6:43:f8', [-63, -66, -73, -70, -65, -62, -74, -71]), ('b8:27:eb:d3:4c:7f', [-69, -63, -71, -73, -71, -66, -70, -56]), ('b8:27:eb:cd:4b:81', [-63, -72, -63, -63, -74, -78, -72, -73]), ('b8:27:eb:ee:32:b8', [-84, -94, -75, -98, -87, -91, -86]), ('b8:27:eb:e7:50:37', [-85, -78, -81, -75, -61, -74, -74, -74, -84]), ('b8:27:eb:63:a1:e3', [-67, -68, -63, -72, -67, -68, -55, -57])]
08:44:47.067117,(-60,-48,-64),(-68,-56,-77),(-66,-51,-72),(-95,-90,-101),(-78,-58,-89),(-74,-57,-89)
[('b8:27:eb:b6:43:f8', [-48, -55, -63, -63, -64, -62]), ('b8:27:eb:d3:4c:7f', [-69, -60, -77, -60, -69, -67, -69, -71, -56, -76]), ('b8:27:eb:cd:4b:81', [-51, -66, -67, -66, -66, -71, -72]), ('b8:27:eb:ee:32:b8', [-94, -90, -101]), ('b8:27:eb:e7:50:37', [-89, -81, -82, -74, -58, -81, -74, -78, -81]), ('b8:27:eb:63:a1:e3', [-79, -64, -75, -76, -89, -57, -76, -72])]
08:44:48.982558,(-58,-42,-68),(-69,-57,-78),(-75,-68,-84),(-92,-85,-100),(-78,-67,-85),(-74,-61,-79)
[('b8:27:eb:b6:43:f8', [-68, -59, -50, -68, -47, -42, -55, -58, -62, -62]), ('b8:27:eb:d3:4c:7f', [-73, -57, -70, -69, -64, -70, -78, -72, -67]), ('b8:27:eb:cd:4b:81', [-75, -68, -68, -77, -70, -78, -84]), ('b8:27:eb:ee:32:b8', [-98, -92, -88, -86, -94, -85, -100, -93, -90]), ('b8:27:eb:e7:50:37', [-77, -67, -85, -73, -84]), ('b8:27:eb:63:a1:e3', [-78, -68, -74, -79, -61, -79])]
08:44:50.867908,(-67,-56,-82),(-76,-66,-91),(-67,-52,-76),(-95,-92,-96),(-80,-70,-85),(-75,-59,-91)
[('b8:27:eb:b6:43:f8', [-75, -62, -66, -82, -60, -68, -56, -66, -66]), ('b8:27:eb:d3:4c:7f', [-84, -66, -91, -73, -75, -72, -69, -75]), ('b8:27:eb:cd:4b:81', [-76, -75, -73, -62, -52, -61, -66]), ('b8:27:eb:ee:32:b8', [-95, -96, -92]), ('b8:27:eb:e7:50:37', [-80, -77, -82, -85, -84, -70]), ('b8:27:eb:63:a1:e3', [-91, -80, -74, -69, -74, -59])]
08:44:52.775309,(-67,-62,-71),(-70,-58,-77),(-63,-47,-77),(-95,-89,-100),(-79,-69,-85),(-71,-55,-88)
[('b8:27:eb:b6:43:f8', [-62, -70, -65, -64, -67, -69, -66, -63, -71]), ('b8:27:eb:d3:4c:7f', [-70, -68, -77, -68, -72, -76, -71, -58, -70, -62]), ('b8:27:eb:cd:4b:81', [-70, -77, -55, -52, -65, -47, -63, -69]), ('b8:27:eb:ee:32:b8', [-92, -100, -93, -96, -89, -96]), ('b8:27:eb:e7:50:37', [-82, -69, -74, -85, -83, -84, -72]), ('b8:27:eb:63:a1:e3', [-55, -66, -80, -57, -75, -88, -75, -71])]
08:44:54.709633,(-67,-58,-72),(-67,-49,-76),(-70,-50,-81),(-93,-86,-97),(-82,-73,-85),(-71,-62,-76)
[('b8:27:eb:b6:43:f8', [-70, -67, -66, -71, -58, -59, -71, -72]), ('b8:27:eb:d3:4c:7f', [-57, -63, -70, -68, -63, -49, -76, -72, -75, -70]), ('b8:27:eb:cd:4b:81', [-50, -66, -68, -69, -73, -71, -70, -81, -77, -68]), ('b8:27:eb:ee:32:b8', [-96, -92, -97, -86]), ('b8:27:eb:e7:50:37', [-85, -73, -85, -79, -83, -85]), ('b8:27:eb:63:a1:e3', [-76, -76, -62, -75, -71, -65, -66, -75])]
08:44:56.599435,(-71,-51,-96),(-64,-58,-73),(-60,-45,-72),(-93,-86,-96),(-81,-69,-94),(-68,-53,-83)
[('b8:27:eb:b6:43:f8', [-96, -71, -71, -51, -69, -62, -72]), ('b8:27:eb:d3:4c:7f', [-65, -58, -62, -58, -64, -73]), ('b8:27:eb:cd:4b:81', [-45, -55, -45, -50, -72, -69, -72, -61, -69]), ('b8:27:eb:ee:32:b8', [-86, -96, -95, -89, -95]), ('b8:27:eb:e7:50:37', [-80, -82, -81, -69, -81, -80, -94]), ('b8:27:eb:63:a1:e3', [-67, -71, -66, -62, -53, -72, -83])]
08:44:58.526823,(-72,-65,-91),(-69,-55,-77),(-69,-56,-86),(-95,-92,-97),(-82,-73,-93),(-66,-56,-74)
[('b8:27:eb:b6:43:f8', [-91, -72, -67, -68, -71, -65, -70, -72]), ('b8:27:eb:d3:4c:7f', [-73, -68, -67, -69, -55, -77, -69, -67]), ('b8:27:eb:cd:4b:81', [-67, -71, -65, -73, -56, -78, -86, -68, -61, -65]), ('b8:27:eb:ee:32:b8', [-92, -95, -97]), ('b8:27:eb:e7:50:37', [-73, -81, -77, -86, -89, -73, -82, -93]), ('b8:27:eb:63:a1:e3', [-73, -74, -59, -71, -57, -56, -70])]
08:45:00.469859,(-67,-56,-77),(-71,-53,-79),(-70,-56,-86),(-97,-96,-97),(-85,-73,-92),(-74,-68,-81)
[('b8:27:eb:b6:43:f8', [-61, -77, -77, -70, -56, -56, -66, -64, -70, -72]), ('b8:27:eb:d3:4c:7f', [-72, -60, -74, -78, -73, -53, -79, -77]), ('b8:27:eb:cd:4b:81', [-68, -72, -56, -68, -56, -77, -69, -86, -74]), ('b8:27:eb:ee:32:b8', [-96, -97]), ('b8:27:eb:e7:50:37', [-89, -91, -85, -80, -86, -73, -92, -87, -78]), ('b8:27:eb:63:a1:e3', [-78, -73, -72, -71, -68, -76, -69, -81])]
08:45:02.375777,(-66,-53,-71),(-71,-57,-74),(-66,-51,-78),-150,-150,-150,(-81,-70,-90),(-70,-58,-76)
[('b8:27:eb:b6:43:f8', [-60, -53, -70, -65, -69, -70, -71]), ('b8:27:eb:d3:4c:7f', [-72, -74, -71, -57, -68, -74, -72, -73]), ('b8:27:eb:cd:4b:81', [-78, -69, -58, -53, -51, -78, -73]), ('b8:27:eb:ee:32:b8', []), ('b8:27:eb:e7:50:37', [-80, -90, -83, -75, -78, -70, -87, -78]), ('b8:27:eb:63:a1:e3', [-73, -58, -73, -69, -76, -63, -69, -69, -72])]
08:45:04.272739,(-62,-50,-70),(-69,-62,-73),(-64,-57,-73),(-93,-82,-100),(-76,-60,-91),(-68,-52,-76)
[('b8:27:eb:b6:43:f8', [-66, -68, -67, -51, -70, -57, -62, -62, -50]), ('b8:27:eb:d3:4c:7f', [-70, -65, -62, -69, -69, -73, -70, -70]), ('b8:27:eb:cd:4b:81', [-66, -59, -62, -62, -73, -57]), ('b8:27:eb:ee:32:b8', [-97, -95, -100, -82, -91]), ('b8:27:eb:e7:50:37', [-72, -71, -74, -71, -60, -83, -91, -83]), ('b8:27:eb:63:a1:e3', [-62, -52, -73, -76, -71, -65, -74, -71])]
08:45:06.167075,(-67,-59,-75),(-67,-60,-77),(-63,-46,-74),(-88,-77,-99),(-71,-58,-81),(-68,-64,-72)
[('b8:27:eb:b6:43:f8', [-69, -66, -61, -66, -75, -59, -70]), ('b8:27:eb:d3:4c:7f', [-77, -73, -60, -60, -63, -66, -69, -64, -65]), ('b8:27:eb:cd:4b:81', [-46, -61, -60, -71, -74]), ('b8:27:eb:ee:32:b8', [-87, -91, -89, -81, -91, -88, -86, -77, -99]), ('b8:27:eb:e7:50:37', [-81, -79, -72, -74, -68, -62, -58, -79, -59, -71]), ('b8:27:eb:63:a1:e3', [-70, -66, -72, -64, -72, -66, -65])]
08:45:08.121259,(-63,-52,-73),(-65,-56,-72),(-71,-69,-75),(-93,-87,-96),(-78,-69,-83),(-72,-51,-80)
[('b8:27:eb:b6:43:f8', [-73, -52, -61, -61, -58, -62, -72, -64]), ('b8:27:eb:d3:4c:7f', [-58, -68, -62, -70, -72, -56]), ('b8:27:eb:cd:4b:81', [-70, -69, -75, -70, -71]), ('b8:27:eb:ee:32:b8', [-91, -87, -96, -92, -96, -96]), ('b8:27:eb:e7:50:37', [-80, -76, -73, -75, -81, -81, -82, -83, -69]), ('b8:27:eb:63:a1:e3', [-51, -76, -75, -79, -73, -72, -80, -77, -57])]
08:45:10.020644,(-62,-50,-71),(-66,-49,-86),(-73,-54,-88),(-91,-83,-96),(-80,-66,-89),(-69,-46,-80)
[('b8:27:eb:b6:43:f8', [-71, -60, -63, -50, -61, -60, -63]), ('b8:27:eb:d3:4c:7f', [-86, -69, -75, -66, -52, -72, -56, -66, -49]), ('b8:27:eb:cd:4b:81', [-73, -79, -73, -74, -88, -71, -69, -70, -54]), ('b8:27:eb:ee:32:b8', [-96, -90, -96, -83, -87]), ('b8:27:eb:e7:50:37', [-89, -78, -87, -78, -83, -66, -78, -82, -75]), ('b8:27:eb:63:a1:e3', [-75, -74, -71, -80, -46, -65, -68])]
08:45:11.938916,(-65,-55,-83),(-67,-56,-78),(-60,-50,-69),(-88,-76,-100),(-79,-74,-85),(-62,-50,-71)
[('b8:27:eb:b6:43:f8', [-62, -55, -59, -83, -65, -61, -64, -71]), ('b8:27:eb:d3:4c:7f', [-78, -65, -69, -66, -76, -57, -69, -67, -56, -66]), ('b8:27:eb:cd:4b:81', [-50, -52, -66, -69]), ('b8:27:eb:ee:32:b8', [-100, -76, -88, -89, -79, -92, -91]), ('b8:27:eb:e7:50:37', [-77, -74, -74, -76, -79, -75, -83, -85, -80]), ('b8:27:eb:63:a1:e3', [-66, -57, -54, -63, -66, -50, -71, -59, -64, -65])]
08:45:13.839680,(-68,-53,-80),(-65,-54,-83),(-65,-51,-82),(-94,-87,-101),(-77,-62,-86),(-68,-57,-74)
[('b8:27:eb:b6:43:f8', [-71, -56, -53, -69, -70, -80, -57, -79, -76]), ('b8:27:eb:d3:4c:7f', [-68, -63, -63, -59, -83, -71, -55, -69, -54]), ('b8:27:eb:cd:4b:81', [-65, -82, -51, -77, -63, -61, -52, -64]), ('b8:27:eb:ee:32:b8', [-101, -87, -90, -96, -94]), ('b8:27:eb:e7:50:37', [-83, -84, -86, -79, -72, -62, -72]), ('b8:27:eb:63:a1:e3', [-74, -65, -73, -57, -71, -64, -67, -71, -66])]
08:45:15.762798,(-62,-52,-77),(-67,-46,-86),(-62,-47,-74),(-90,-88,-92),(-75,-59,-83),(-70,-58,-78)
[('b8:27:eb:b6:43:f8', [-68, -52, -57, -72, -57, -56, -53, -77]), ('b8:27:eb:d3:4c:7f', [-61, -68, -64, -72, -71, -65, -86, -46]), ('b8:27:eb:cd:4b:81', [-65, -68, -62, -67, -47, -58, -59, -74, -58]), ('b8:27:eb:ee:32:b8', [-88, -89, -90, -92, -90]), ('b8:27:eb:e7:50:37', [-73, -82, -59, -78, -76, -79, -61, -83, -77]), ('b8:27:eb:63:a1:e3', [-62, -67, -66, -76, -78, -78, -73, -58])]
08:45:17.660665,(-74,-55,-80),(-69,-61,-75),(-63,-49,-73),(-91,-83,-99),(-79,-65,-97),(-71,-66,-74)
[('b8:27:eb:b6:43:f8', [-71, -55, -69, -77, -80, -79, -79, -78, -72]), ('b8:27:eb:d3:4c:7f', [-70, -66, -71, -73, -71, -75, -67, -65, -61]), ('b8:27:eb:cd:4b:81', [-55, -61, -72, -69, -73, -49, -60]), ('b8:27:eb:ee:32:b8', [-90, -88, -83, -99, -92]), ('b8:27:eb:e7:50:37', [-74, -80, -76, -87, -82, -76, -97, -74, -65]), ('b8:27:eb:63:a1:e3', [-74, -69, -74, -69, -66, -72, -74, -67, -67])]
08:45:19.575206,(-71,-58,-78),(-66,-54,-79),(-66,-47,-75),(-87,-79,-95),(-76,-71,-85),(-66,-55,-73)
[('b8:27:eb:b6:43:f8', [-77, -69, -58, -78, -71, -73, -76, -65, -66]), ('b8:27:eb:d3:4c:7f', [-59, -70, -66, -54, -79]), ('b8:27:eb:cd:4b:81', [-47, -69, -59, -75, -70, -70, -66, -53, -72, -71]), ('b8:27:eb:ee:32:b8', [-86, -93, -95, -79, -79]), ('b8:27:eb:e7:50:37', [-71, -75, -73, -75, -85]), ('b8:27:eb:63:a1:e3', [-57, -68, -72, -73, -55, -73, -68, -69, -67, -57])]
08:45:21.513441,(-67,-47,-78),(-72,-66,-76),(-72,-66,-77),(-96,-92,-98),(-79,-67,-88),(-74,-68,-85)
[('b8:27:eb:b6:43:f8', [-67, -78, -76, -68, -66, -66, -47]), ('b8:27:eb:d3:4c:7f', [-73, -70, -66, -76]), ('b8:27:eb:cd:4b:81', [-74, -73, -68, -68, -72, -66, -75, -76, -71, -77]), ('b8:27:eb:ee:32:b8', [-92, -96, -93, -96, -98, -96]), ('b8:27:eb:e7:50:37', [-74, -79, -67, -82, -78, -88, -82, -86, -73]), ('b8:27:eb:63:a1:e3', [-72, -71, -70, -85, -77, -76, -68, -71, -71])]
08:45:23.440262,(-60,-43,-72),(-71,-56,-87),(-71,-58,-79),(-89,-88,-91),(-81,-75,-85),(-71,-65,-78)
[('b8:27:eb:b6:43:f8', [-61, -61, -43, -57, -72, -64, -57, -63]), ('b8:27:eb:d3:4c:7f', [-67, -77, -68, -65, -56, -67, -72, -87, -74]), ('b8:27:eb:cd:4b:81', [-58, -76, -66, -61, -79, -68, -74, -79, -67, -73]), ('b8:27:eb:ee:32:b8', [-88, -91, -88]), ('b8:27:eb:e7:50:37', [-77, -80, -84, -85, -75, -79, -84]), ('b8:27:eb:63:a1:e3', [-78, -68, -68, -65, -67, -71, -70, -77])]
08:45:25.366992,(-64,-52,-73),(-74,-66,-85),(-62,-54,-71),(-92,-80,-99),(-76,-61,-94),(-72,-69,-79)
[('b8:27:eb:b6:43:f8', [-72, -73, -59, -71, -62, -66, -53, -52, -63]), ('b8:27:eb:d3:4c:7f', [-71, -69, -76, -66, -83, -73, -67, -68, -85]), ('b8:27:eb:cd:4b:81', [-57, -71, -54, -68, -59]), ('b8:27:eb:ee:32:b8', [-91, -98, -99, -94, -90, -80, -87]), ('b8:27:eb:e7:50:37', [-83, -61, -75, -75, -66, -77, -94, -77]), ('b8:27:eb:63:a1:e3', [-69, -70, -69, -70, -79, -74])]
