08:59:45.596150,(-61,-48,-68),(-59,-51,-63),(-64,-49,-73),(-79,-73,-84),(-72,-58,-81),(-60,-49,-69)
[('b8:27:eb:b6:43:f8', [-61, -53, -68, -68, -68, -62, -57, -62, -48]), ('b8:27:eb:d3:4c:7f', [-51, -58, -63, -52, -62, -60, -63, -61]), ('b8:27:eb:cd:4b:81', [-73, -51, -73, -49, -72, -70, -65, -63, -56]), ('b8:27:eb:ee:32:b8', [-84, -81, -74, -82, -73]), ('b8:27:eb:e7:50:37', [-61, -80, -62, -77, -80, -58, -81]), ('b8:27:eb:63:a1:e3', [-55, -58, -65, -58, -69, -49, -62])]
08:59:47.517447,(-63,-48,-77),(-58,-47,-65),(-65,-51,-75),(-80,-71,-83),(-73,-60,-76),(-59,-45,-66)
[('b8:27:eb:b6:43:f8', [-61, -48, -59, -54, -70, -73, -70, -53, -77]), ('b8:27:eb:d3:4c:7f', [-47, -59, -64, -51, -65, -65, -50, -62]), ('b8:27:eb:cd:4b:81', [-70, -68, -75, -55, -51, -54, -74, -65, -65]), ('b8:27:eb:ee:32:b8', [-75, -81, -82, -82, -83, -82, -82, -71]), ('b8:27:eb:e7:50:37', [-60, -73, -71, -74, -74, -74, -76, -72, -76]), ('b8:27:eb:63:a1:e3', [-60, -45, -66, -57, -58, -64, -57])]
08:59:49.417426,(-64,-53,-72),(-60,-47,-66),(-69,-63,-76),(-83,-80,-84),(-72,-60,-79),(-57,-45,-66)
[('b8:27:eb:b6:43:f8', [-53, -72, -66, -62, -54, -66, -63, -71]), ('b8:27:eb:d3:4c:7f', [-59, -64, -60, -47, -63, -66, -52, -62, -61]), ('b8:27:eb:cd:4b:81', [-76, -68, -67, -63, -76, -64]), ('b8:27:eb:ee:32:b8', [-83, -84, -82, -84, -80, -80, -81, -84]), ('b8:27:eb:e7:50:37', [-60, -65, -68, -76, -76, -78, -79, -75, -69]), ('b8:27:eb:63:a1:e3', [-51, -56, -45, -66, -65, -59])]
08:59:51.318737,(-68,-50,-77),(-61,-49,-66),(-67,-64,-73),(-76,-70,-86),(-68,-59,-76),(-62,-57,-67)
[('b8:27:eb:b6:43:f8', [-73, -50, -72, -67, -77, -68, -70, -64, -70]), ('b8:27:eb:d3:4c:7f', [-64, -64, -66, -51, -49, -65, -62]), ('b8:27:eb:cd:4b:81', [-73, -67, -65, -64, -64, -69, -66]), ('b8:27:eb:ee:32:b8', [-71, -73, -70, -86, -85, -70]), ('b8:27:eb:e7:50:37', [-72, -59, -64, -76]), ('b8:27:eb:63:a1:e3', [-65, -57, -67, -67, -57, -59, -65, -59])]
08:59:53.253810,(-60,-54,-69),(-59,-47,-64),(-62,-52,-73),(-80,-70,-86),(-73,-58,-78),(-53,-44,-59)
[('b8:27:eb:b6:43:f8', [-55, -54, -69]), ('b8:27:eb:d3:4c:7f', [-60, -64, -47, -63, -64, -60, -60, -50, -60]), ('b8:27:eb:cd:4b:81', [-72, -64, -55, -73, -63, -53, -52, -62]), ('b8:27:eb:ee:32:b8', [-80, -82, -82, -70, -81, -86, -79]), ('b8:27:eb:e7:50:37', [-58, -78, -71, -74, -74, -72, -75, -77]), ('b8:27:eb:63:a1:e3', [-59, -52, -57, -44])]
08:59:55.149792,(-64,-47,-75),(-63,-55,-67),(-63,-53,-73),(-80,-69,-84),(-67,-58,-74),(-57,-45,-66)
[('b8:27:eb:b6:43:f8', [-75, -68, -56, -47, -70]), ('b8:27:eb:d3:4c:7f', [-67, -55, -65, -65, -65, -63, -61, -61]), ('b8:27:eb:cd:4b:81', [-73, -53, -53, -65, -65, -66, -63, -62]), ('b8:27:eb:ee:32:b8', [-84, -79, -84, -83, -81, -84, -69, -71]), ('b8:27:eb:e7:50:37', [-72, -62, -74, -62, -58, -74]), ('b8:27:eb:63:a1:e3', [-57, -66, -57, -58, -57, -45])]
08:59:57.049772,(-67,-57,-73),(-60,-49,-65),(-65,-50,-81),(-75,-69,-80),(-72,-58,-78),(-52,-44,-58)
[('b8:27:eb:b6:43:f8', [-73, -62, -57, -69, -73]), ('b8:27:eb:d3:4c:7f', [-60, -63, -61, -65, -64, -49, -52, -63]), ('b8:27:eb:cd:4b:81', [-62, -63, -63, -50, -60, -75, -63, -81]), ('b8:27:eb:ee:32:b8', [-79, -79, -69, -71, -70, -80]), ('b8:27:eb:e7:50:37', [-77, -75, -72, -78, -58]), ('b8:27:eb:63:a1:e3', [-44, -46, -44, -58, -58, -57])]
08:59:58.958734,(-66,-54,-73),(-59,-48,-66),(-65,-53,-75),(-79,-68,-85),(-73,-62,-79),(-59,-45,-65)
[('b8:27:eb:b6:43:f8', [-70, -59, -67, -73, -64, -71, -64, -54]), ('b8:27:eb:d3:4c:7f', [-49, -61, -61, -63, -48, -53, -60, -63, -66]), ('b8:27:eb:cd:4b:81', [-75, -53, -63, -65, -63, -66]), ('b8:27:eb:ee:32:b8', [-80, -70, -84, -81, -84, -68, -71, -84, -85]), ('b8:27:eb:e7:50:37', [-79, -73, -62, -73, -72, -74, -72]), ('b8:27:eb:63:a1:e3', [-57, -58, -57, -58, -65, -58, -65, -45, -65])]
09:00:00.843243,(-69,-62,-77),(-59,-48,-66),(-61,-51,-66),(-81,-79,-84),(-69,-62,-74),(-58,-45,-66)
[('b8:27:eb:b6:43:f8', [-62, -69, -77, -75, -64, -69, -68, -62]), ('b8:27:eb:d3:4c:7f', [-48, -66, -60, -63, -48, -62, -60, -63]), ('b8:27:eb:cd:4b:81', [-65, -63, -66, -61, -63, -51, -54]), ('b8:27:eb:ee:32:b8', [-81, -84, -79, -80]), ('b8:27:eb:e7:50:37', [-62, -73, -73, -74, -62]), ('b8:27:eb:63:a1:e3', [-45, -58, -66, -46, -65, -57, -59, -64])]
09:00:02.749885,(-66,-49,-78),(-58,-47,-65),(-69,-63,-73),(-78,-70,-85),(-79,-72,-91),(-55,-43,-64)
[('b8:27:eb:b6:43:f8', [-65, -70, -49, -77, -54, -78, -63, -67]), ('b8:27:eb:d3:4c:7f', [-59, -61, -64, -62, -65, -49, -47, -48, -65]), ('b8:27:eb:cd:4b:81', [-73, -73, -63, -66, -73, -64, -66]), ('b8:27:eb:ee:32:b8', [-70, -70, -84, -85, -81]), ('b8:27:eb:e7:50:37', [-72, -72, -75, -76, -91, -90, -75]), ('b8:27:eb:63:a1:e3', [-46, -58, -64, -57, -64, -43, -59, -46, -50])]
09:00:04.649452,(-63,-49,-74),(-63,-52,-67),(-66,-51,-76),(-76,-69,-81),(-76,-61,-91),(-60,-57,-64)
[('b8:27:eb:b6:43:f8', [-73, -49, -74, -49, -66, -62, -67, -64, -63]), ('b8:27:eb:d3:4c:7f', [-64, -62, -65, -52, -65, -65, -67, -64]), ('b8:27:eb:cd:4b:81', [-63, -76, -51, -76, -66, -52, -74, -65, -66]), ('b8:27:eb:ee:32:b8', [-73, -79, -79, -81, -80, -70, -69]), ('b8:27:eb:e7:50:37', [-76, -91, -66, -89, -62, -89, -61, -74]), ('b8:27:eb:63:a1:e3', [-58, -58, -57, -58, -64, -58, -63, -64])]
09:00:06.549949,(-60,-49,-70),(-53,-48,-62),(-66,-53,-74),(-75,-69,-84),(-66,-61,-72),(-57,-46,-65)
[('b8:27:eb:b6:43:f8', [-69, -53, -68, -50, -67, -49, -70, -57, -56]), ('b8:27:eb:d3:4c:7f', [-48, -49, -62]), ('b8:27:eb:cd:4b:81', [-65, -74, -73, -53, -64, -63, -67, -67]), ('b8:27:eb:ee:32:b8', [-69, -71, -84, -71, -69, -80, -79, -74]), ('b8:27:eb:e7:50:37', [-61, -72, -63]), ('b8:27:eb:63:a1:e3', [-64, -46, -63, -58, -46, -58, -65, -57, -46, -58])]
09:00:08.439359,(-70,-50,-87),(-62,-49,-69),(-62,-52,-72),(-81,-70,-85),(-72,-61,-79),(-58,-46,-66)
[('b8:27:eb:b6:43:f8', [-82, -64, -72, -87, -62, -72, -50, -66]), ('b8:27:eb:d3:4c:7f', [-65, -63, -67, -50, -66, -49, -69, -62, -62]), ('b8:27:eb:cd:4b:81', [-53, -63, -72, -66, -52, -62]), ('b8:27:eb:ee:32:b8', [-85, -85, -80, -85, -80, -70]), ('b8:27:eb:e7:50:37', [-63, -76, -72, -79, -61, -75, -74]), ('b8:27:eb:63:a1:e3', [-51, -46, -59, -66, -59, -64, -58])]
09:00:10.334971,(-68,-52,-80),(-63,-48,-70),(-62,-49,-67),(-77,-70,-85),(-72,-60,-80),(-56,-45,-64)
[('b8:27:eb:b6:43:f8', [-70, -72, -65, -78, -80, -69, -62, -63, -52]), ('b8:27:eb:d3:4c:7f', [-61, -66, -62, -48, -66, -61, -70, -63, -63]), ('b8:27:eb:cd:4b:81', [-50, -67, -63, -67, -49, -67, -66]), ('b8:27:eb:ee:32:b8', [-71, -80, -80, -80, -75, -70, -85, -80, -70]), ('b8:27:eb:e7:50:37', [-63, -75, -74, -74, -75, -80, -60]), ('b8:27:eb:63:a1:e3', [-51, -60, -64, -60, -45, -50, -58])]
09:00:12.224458,(-70,-51,-85),(-61,-48,-67),(-64,-49,-73),(-78,-67,-85),(-74,-60,-81),(-59,-45,-64)
[('b8:27:eb:b6:43:f8', [-78, -51, -64, -85, -65, -76, -65, -71]), ('b8:27:eb:d3:4c:7f', [-66, -61, -48, -61, -62, -66, -62, -49, -67]), ('b8:27:eb:cd:4b:81', [-63, -58, -50, -73, -65, -73, -63, -73, -66, -49]), ('b8:27:eb:ee:32:b8', [-80, -67, -79, -84, -69, -80, -85]), ('b8:27:eb:e7:50:37', [-60, -73, -73, -80, -74, -81, -73, -73]), ('b8:27:eb:63:a1:e3', [-58, -63, -59, -45, -64, -58, -64, -57, -59])]
09:00:14.165699,(-73,-63,-88),(-62,-48,-68),(-64,-52,-71),(-79,-70,-84),(-67,-58,-78),(-60,-50,-66)
[('b8:27:eb:b6:43:f8', [-88, -75, -71, -70, -66, -75, -63]), ('b8:27:eb:d3:4c:7f', [-68, -61, -48, -66, -67, -61, -62]), ('b8:27:eb:cd:4b:81', [-63, -62, -67, -71, -63, -68, -52]), ('b8:27:eb:ee:32:b8', [-82, -74, -78, -84, -84, -80, -70]), ('b8:27:eb:e7:50:37', [-61, -62, -64, -77, -67, -78, -58]), ('b8:27:eb:63:a1:e3', [-50, -59, -66, -59, -59, -65, -58, -59])]
09:00:16.101871,(-66,-55,-76),(-62,-49,-69),(-59,-49,-66),(-81,-73,-84),(-68,-62,-74),(-57,-46,-61)
[('b8:27:eb:b6:43:f8', [-60, -55, -76, -67, -69, -60, -67, -67]), ('b8:27:eb:d3:4c:7f', [-61, -69, -60, -64, -63, -62, -49]), ('b8:27:eb:cd:4b:81', [-65, -62, -58, -49, -60, -62, -50, -66]), ('b8:27:eb:ee:32:b8', [-80, -83, -82, -80, -83, -80, -84, -84, -79, -73]), ('b8:27:eb:e7:50:37', [-74, -67, -74, -62, -62, -74, -62]), ('b8:27:eb:63:a1:e3', [-59, -61, -58, -58, -58, -58, -58, -46])]
09:00:17.994431,(-63,-49,-76),(-62,-52,-69),(-65,-55,-77),(-80,-71,-85),(-75,-72,-78),(-54,-44,-63)
[('b8:27:eb:b6:43:f8', [-66, -56, -60, -72, -76, -68, -57, -49]), ('b8:27:eb:d3:4c:7f', [-62, -63, -52, -63, -62, -69, -55, -65]), ('b8:27:eb:cd:4b:81', [-64, -65, -60, -71, -64, -64, -77, -55, -58]), ('b8:27:eb:ee:32:b8', [-71, -85, -81, -82, -83, -74]), ('b8:27:eb:e7:50:37', [-75, -75, -75, -72, -74, -73, -72, -78]), ('b8:27:eb:63:a1:e3', [-57, -63, -44, -44, -46, -61, -58])]
09:00:19.912551,(-66,-51,-76),(-59,-49,-67),(-66,-49,-73),(-82,-72,-85),(-74,-61,-81),(-56,-45,-62)
[('b8:27:eb:b6:43:f8', [-69, -71, -63, -64, -52, -68, -76, -71, -51, -66]), ('b8:27:eb:d3:4c:7f', [-61, -63, -49, -49, -60, -67, -63, -61, -50, -65]), ('b8:27:eb:cd:4b:81', [-66, -72, -63, -71, -73, -64, -49, -65]), ('b8:27:eb:ee:32:b8', [-82, -82, -81, -84, -85, -72, -85]), ('b8:27:eb:e7:50:37', [-74, -74, -61, -76, -73, -75, -75, -81]), ('b8:27:eb:63:a1:e3', [-62, -57, -59, -46, -59, -62, -45, -58])]
09:00:21.808603,(-67,-51,-78),(-60,-48,-68),(-64,-61,-71),(-79,-68,-89),(-76,-65,-82),(-55,-46,-63)
[('b8:27:eb:b6:43:f8', [-72, -68, -66, -67, -78, -53, -78, -51]), ('b8:27:eb:d3:4c:7f', [-49, -68, -66, -63, -48, -63, -62]), ('b8:27:eb:cd:4b:81', [-62, -64, -62, -64, -63, -71, -62, -61, -62]), ('b8:27:eb:ee:32:b8', [-80, -87, -70, -89, -68]), ('b8:27:eb:e7:50:37', [-75, -82, -65, -75, -77, -76, -76, -75]), ('b8:27:eb:63:a1:e3', [-62, -58, -62, -58, -46, -46, -63, -46, -49])]
09:00:23.708568,(-67,-50,-73),(-58,-47,-67),(-65,-53,-74),(-80,-70,-87),(-70,-61,-74),(-55,-45,-62)
[('b8:27:eb:b6:43:f8', [-69, -67, -67, -67, -73, -72, -68, -50, -69]), ('b8:27:eb:d3:4c:7f', [-66, -48, -47, -63, -55, -67, -49, -65]), ('b8:27:eb:cd:4b:81', [-74, -53, -66, -64, -64, -67, -62]), ('b8:27:eb:ee:32:b8', [-70, -85, -87, -72, -80, -84, -82]), ('b8:27:eb:e7:50:37', [-61, -74, -72, -73, -68]), ('b8:27:eb:63:a1:e3', [-62, -49, -58, -49, -56, -59, -45, -62])]
09:00:25.618142,(-67,-62,-74),(-57,-49,-65),(-66,-50,-73),(-80,-70,-84),(-69,-57,-74),(-57,-45,-64)
[('b8:27:eb:b6:43:f8', [-63, -68, -74, -62, -72, -63, -65]), ('b8:27:eb:d3:4c:7f', [-65, -49, -49, -50, -62, -62, -62]), ('b8:27:eb:cd:4b:81', [-68, -64, -73, -50, -72, -63, -63, -73]), ('b8:27:eb:ee:32:b8', [-79, -78, -70, -84, -83, -80, -80]), ('b8:27:eb:e7:50:37', [-74, -61, -72, -74, -57, -73, -72]), ('b8:27:eb:63:a1:e3', [-58, -58, -64, -58, -45, -63, -46, -57])]
09:00:27.514899,(-66,-54,-75),(-64,-62,-66),(-60,-47,-73),(-82,-72,-86),(-67,-58,-82),(-57,-45,-61)
[('b8:27:eb:b6:43:f8', [-64, -67, -68, -68, -75, -65, -69, -65, -54, -63]), ('b8:27:eb:d3:4c:7f', [-62, -66, -62, -64, -63, -63, -62, -63]), ('b8:27:eb:cd:4b:81', [-53, -62, -52, -73, -67, -50, -62, -67, -47]), ('b8:27:eb:ee:32:b8', [-72, -86, -80, -85, -81, -83, -82, -82, -83, -83]), ('b8:27:eb:e7:50:37', [-60, -58, -61, -82, -69, -62, -75]), ('b8:27:eb:63:a1:e3', [-59, -57, -45, -58, -59, -61, -61, -58, -49, -60])]
09:00:29.412630,(-65,-50,-73),(-61,-49,-64),(-62,-48,-76),(-86,-81,-91),(-73,-62,-77),(-55,-44,-64)
[('b8:27:eb:b6:43:f8', [-66, -66, -62, -66, -50, -66, -64, -73, -64]), ('b8:27:eb:d3:4c:7f', [-62, -64, -62, -62, -63, -62, -49, -64]), ('b8:27:eb:cd:4b:81', [-76, -56, -54, -61, -64, -68, -48, -66, -61]), ('b8:27:eb:ee:32:b8', [-87, -85, -81, -83, -85, -91, -83, -88]), ('b8:27:eb:e7:50:37', [-76, -74, -74, -62, -75, -74, -77, -74, -66, -77]), ('b8:27:eb:63:a1:e3', [-63, -64, -58, -60, -56, -44, -46, -45])]
09:00:31.312442,(-66,-50,-73),(-58,-48,-64),(-61,-47,-71),(-83,-74,-89),(-75,-67,-77),(-55,-45,-63)
[('b8:27:eb:b6:43:f8', [-65, -71, -50, -67, -60, -73, -73, -63]), ('b8:27:eb:d3:4c:7f', [-49, -64, -64, -48, -49, -64, -62]), ('b8:27:eb:cd:4b:81', [-62, -71, -54, -70, -61, -68, -53, -47]), ('b8:27:eb:ee:32:b8', [-83, -89, -84, -86, -74, -80]), ('b8:27:eb:e7:50:37', [-77, -77, -74, -77, -77, -73, -67]), ('b8:27:eb:63:a1:e3', [-63, -45, -45, -59, -58, -58])]
09:00:33.212595,(-62,-50,-72),(-57,-47,-66),(-64,-53,-70),(-83,-75,-86),(-74,-69,-76),(-57,-44,-62)
[('b8:27:eb:b6:43:f8', [-59, -53, -72, -72, -50, -65]), ('b8:27:eb:d3:4c:7f', [-48, -66, -62, -61, -62, -60, -47, -52, -48]), ('b8:27:eb:cd:4b:81', [-70, -53, -67, -69, -53, -69, -67, -61]), ('b8:27:eb:ee:32:b8', [-84, -75, -86, -86, -86, -84, -84, -75]), ('b8:27:eb:e7:50:37', [-74, -76, -75, -74, -69, -73, -73, -69, -76]), ('b8:27:eb:63:a1:e3', [-60, -58, -62, -44, -61, -61, -45, -58])]
09:00:35.112528,(-65,-51,-73),(-60,-48,-63),(-60,-49,-70),(-80,-74,-88),(-72,-63,-75),(-55,-44,-62)
[('b8:27:eb:b6:43:f8', [-72, -66, -73, -51, -51, -72, -65]), ('b8:27:eb:d3:4c:7f', [-62, -48, -61, -61, -61, -63, -62, -61]), ('b8:27:eb:cd:4b:81', [-70, -61, -66, -61, -49, -69, -53, -49]), ('b8:27:eb:ee:32:b8', [-82, -78, -76, -74, -88, -77]), ('b8:27:eb:e7:50:37', [-75, -74, -63, -73, -73, -68, -74]), ('b8:27:eb:63:a1:e3', [-44, -58, -62, -45, -58, -58])]
09:00:37.025096,(-66,-63,-72),(-56,-48,-65),(-64,-61,-70),(-84,-74,-89),(-66,-60,-75),(-52,-44,-58)
[('b8:27:eb:b6:43:f8', [-67, -68, -65, -65, -63, -63, -65, -72]), ('b8:27:eb:d3:4c:7f', [-49, -51, -48, -64, -52, -61, -65]), ('b8:27:eb:cd:4b:81', [-61, -61, -61, -67, -70]), ('b8:27:eb:ee:32:b8', [-89, -85, -87, -74]), ('b8:27:eb:e7:50:37', [-60, -62, -62, -75, -66, -67]), ('b8:27:eb:63:a1:e3', [-46, -57, -44, -47, -57, -45, -57, -57, -58])]
09:00:38.910052,(-65,-52,-71),(-55,-49,-63),(-67,-61,-70),(-88,-84,-91),(-75,-68,-81),(-58,-49,-62)
[('b8:27:eb:b6:43:f8', [-52, -71, -64, -71, -66, -65]), ('b8:27:eb:d3:4c:7f', [-51, -51, -50, -63, -49, -62]), ('b8:27:eb:cd:4b:81', [-67, -70, -65, -61, -70, -69]), ('b8:27:eb:ee:32:b8', [-88, -84, -84, -91, -89, -90, -88]), ('b8:27:eb:e7:50:37', [-74, -76, -75, -68, -76, -81, -75]), ('b8:27:eb:63:a1:e3', [-49, -59, -59, -57, -58, -62])]
09:00:40.826429,(-65,-50,-74),(-59,-49,-66),(-62,-57,-71),(-77,-67,-82),(-76,-68,-79),(-54,-45,-62)
[('b8:27:eb:b6:43:f8', [-71, -71, -51, -74, -50, -72, -63, -72, -60]), ('b8:27:eb:d3:4c:7f', [-51, -63, -61, -51, -64, -66, -50, -49, -64, -64]), ('b8:27:eb:cd:4b:81', [-60, -57, -62, -60, -71]), ('b8:27:eb:ee:32:b8', [-82, -78, -80, -67]), ('b8:27:eb:e7:50:37', [-76, -68, -75, -76, -74, -79, -79]), ('b8:27:eb:63:a1:e3', [-59, -45, -59, -62, -46, -59, -57, -45])]
09:00:42.723601,(-63,-51,-71),(-58,-48,-65),(-61,-50,-70),(-79,-72,-89),(-74,-68,-79),(-54,-47,-58)
[('b8:27:eb:b6:43:f8', [-51, -59, -65, -51, -71, -66, -59, -68, -68, -63]), ('b8:27:eb:d3:4c:7f', [-62, -63, -49, -48, -65, -63, -50, -61]), ('b8:27:eb:cd:4b:81', [-60, -62, -56, -62, -70, -50, -63, -61]), ('b8:27:eb:ee:32:b8', [-81, -89, -81, -79, -72, -72]), ('b8:27:eb:e7:50:37', [-75, -79, -75, -74, -76, -68, -68, -75]), ('b8:27:eb:63:a1:e3', [-57, -47, -57, -47, -58, -58])]
09:00:44.631259,(-61,-50,-67),(-59,-50,-65),(-59,-47,-67),(-81,-71,-89),(-72,-60,-78),(-60,-57,-65)
[('b8:27:eb:b6:43:f8', [-63, -67, -50, -63, -66, -63, -53]), ('b8:27:eb:d3:4c:7f', [-61, -50, -65, -50, -62, -65]), ('b8:27:eb:cd:4b:81', [-61, -60, -47, -54, -66, -67, -59, -52, -61]), ('b8:27:eb:ee:32:b8', [-71, -89, -72, -86, -77, -87, -72, -86, -88]), ('b8:27:eb:e7:50:37', [-76, -77, -60, -78, -74, -67, -61, -76]), ('b8:27:eb:63:a1:e3', [-62, -59, -57, -59, -59, -65, -57])]
09:00:46.518756,(-63,-52,-71),(-62,-52,-65),(-64,-53,-71),(-75,-70,-80),(-66,-60,-78),(-60,-57,-62)
[('b8:27:eb:b6:43:f8', [-71, -52, -63, -66, -63, -66, -64, -58]), ('b8:27:eb:d3:4c:7f', [-63, -62, -61, -64, -63, -52, -65, -62, -64, -63]), ('b8:27:eb:cd:4b:81', [-69, -66, -62, -65, -62, -71, -53, -61]), ('b8:27:eb:ee:32:b8', [-75, -79, -75, -80, -71, -70]), ('b8:27:eb:e7:50:37', [-78, -75, -61, -60, -61, -61]), ('b8:27:eb:63:a1:e3', [-62, -58, -58, -61, -62, -57])]
09:00:48.463935,(-66,-58,-71),(-63,-51,-67),(-60,-49,-73),(-81,-70,-87),(-69,-59,-77),(-54,-44,-64)
[('b8:27:eb:b6:43:f8', [-65, -68, -66, -58, -63, -63, -66, -71, -66]), ('b8:27:eb:d3:4c:7f', [-64, -63, -63, -51, -64, -63, -67]), ('b8:27:eb:cd:4b:81', [-73, -54, -66, -49, -49, -72, -72, -54, -50]), ('b8:27:eb:ee:32:b8', [-81, -85, -82, -87, -79, -70]), ('b8:27:eb:e7:50:37', [-74, -67, -63, -59, -77, -74]), ('b8:27:eb:63:a1:e3', [-47, -44, -57, -64, -48, -63, -45, -46, -62, -58])]
09:00:50.381904,(-63,-50,-71),(-62,-52,-65),(-66,-62,-73),(-82,-75,-86),(-75,-74,-76),(-50,-44,-63)
[('b8:27:eb:b6:43:f8', [-67, -50, -71, -63, -71, -64, -50]), ('b8:27:eb:d3:4c:7f', [-62, -62, -52, -63, -64, -62, -65, -65]), ('b8:27:eb:cd:4b:81', [-62, -67, -63, -70, -66, -62, -62, -73]), ('b8:27:eb:ee:32:b8', [-75, -86, -82, -82, -80, -84]), ('b8:27:eb:e7:50:37', [-74, -74, -74, -74, -74, -75, -75, -76]), ('b8:27:eb:63:a1:e3', [-45, -44, -44, -45, -47, -57, -58, -45, -63])]
09:00:52.334069,(-64,-50,-71),(-62,-52,-65),(-65,-57,-72),(-80,-73,-87),(-74,-61,-80),(-56,-45,-64)
[('b8:27:eb:b6:43:f8', [-50, -63, -63, -66, -71, -63, -64, -66, -64]), ('b8:27:eb:d3:4c:7f', [-65, -62, -63, -62, -64, -52, -63, -63, -63]), ('b8:27:eb:cd:4b:81', [-72, -66, -57, -71, -62, -62]), ('b8:27:eb:ee:32:b8', [-82, -74, -75, -73, -85, -87, -74, -85, -84]), ('b8:27:eb:e7:50:37', [-76, -75, -75, -73, -73, -74, -61, -80, -72]), ('b8:27:eb:63:a1:e3', [-45, -62, -64, -59, -58, -49, -45, -62])]
09:00:54.254669,(-61,-50,-67),(-64,-62,-65),(-70,-62,-73),(-86,-84,-88),(-71,-60,-76),(-55,-45,-64)
[('b8:27:eb:b6:43:f8', [-58, -66, -66, -50, -67, -63, -52, -63]), ('b8:27:eb:d3:4c:7f', [-63, -63, -63, -63, -63, -63, -62, -65]), ('b8:27:eb:cd:4b:81', [-67, -73, -70, -72, -72, -62]), ('b8:27:eb:ee:32:b8', [-85, -84, -85, -85, -85, -84, -85, -88]), ('b8:27:eb:e7:50:37', [-73, -75, -76, -72, -74, -70, -60, -74, -62]), ('b8:27:eb:63:a1:e3', [-64, -45, -59, -62, -45, -45, -62])]
09:00:56.153643,(-59,-50,-73),(-61,-50,-64),(-63,-53,-72),(-79,-73,-85),(-71,-61,-80),(-59,-48,-64)
[('b8:27:eb:b6:43:f8', [-50, -61, -54, -73, -65, -54, -52, -68, -52]), ('b8:27:eb:d3:4c:7f', [-64, -50, -64, -63, -64]), ('b8:27:eb:cd:4b:81', [-72, -63, -53, -62, -65, -62, -64]), ('b8:27:eb:ee:32:b8', [-77, -77, -81, -73, -85]), ('b8:27:eb:e7:50:37', [-77, -67, -61, -80, -61, -74, -76, -61, -78, -75]), ('b8:27:eb:63:a1:e3', [-48, -59, -64, -64])]
09:00:58.079979,(-67,-60,-73),(-55,-48,-63),(-66,-62,-72),(-79,-68,-87),(-70,-60,-80),(-58,-46,-64)
[('b8:27:eb:b6:43:f8', [-66, -68, -61, -61, -66, -70, -70, -73, -60, -68]), ('b8:27:eb:d3:4c:7f', [-51, -50, -62, -63, -48, -63, -50, -48]), ('b8:27:eb:cd:4b:81', [-67, -62, -62, -72, -66, -62, -65, -72]), ('b8:27:eb:ee:32:b8', [-87, -81, -84, -68, -74, -72, -83, -82]), ('b8:27:eb:e7:50:37', [-61, -60, -73, -79, -80, -67]), ('b8:27:eb:63:a1:e3', [-62, -59, -46, -60, -64, -61, -50, -62])]
09:00:59.969943,(-68,-54,-75),(-61,-51,-63),(-61,-49,-72),(-83,-82,-83),(-76,-72,-81),(-56,-48,-63)
[('b8:27:eb:b6:43:f8', [-73, -65, -68, -75, -73, -66, -54, -65]), ('b8:27:eb:d3:4c:7f', [-51, -62, -62, -63, -62, -62, -62, -62]), ('b8:27:eb:cd:4b:81', [-65, -63, -49, -49, -66, -62, -72, -62]), ('b8:27:eb:ee:32:b8', [-82, -83, -83, -82]), ('b8:27:eb:e7:50:37', [-74, -80, -72, -81, -72, -74, -79, -73]), ('b8:27:eb:63:a1:e3', [-59, -48, -59, -62, -58, -63, -48, -48])]
09:01:01.883943,(-67,-54,-73),(-64,-62,-65),(-67,-58,-74),(-78,-70,-83),(-68,-60,-79),(-57,-46,-64)
[('b8:27:eb:b6:43:f8', [-64, -54, -68, -73, -65, -73, -65, -69, -67]), ('b8:27:eb:d3:4c:7f', [-65, -64, -62, -65, -63, -64, -62]), ('b8:27:eb:cd:4b:81', [-58, -65, -67, -74, -66, -73, -67, -59, -74, -62]), ('b8:27:eb:ee:32:b8', [-70, -82, -73, -83, -83, -83, -73, -71]), ('b8:27:eb:e7:50:37', [-68, -75, -79, -61, -60, -69, -60]), ('b8:27:eb:63:a1:e3', [-59, -59, -64, -46, -59, -46, -62])]
09:01:03.775287,(-69,-62,-75),(-59,-50,-66),(-61,-49,-73),(-80,-69,-85),(-73,-61,-80),(-59,-46,-63)
[('b8:27:eb:b6:43:f8', [-67, -74, -68, -74, -65, -75, -62, -67]), ('b8:27:eb:d3:4c:7f', [-64, -62, -50, -66, -61, -52, -62, -52]), ('b8:27:eb:cd:4b:81', [-53, -49, -73, -68, -63, -49, -61, -65]), ('b8:27:eb:ee:32:b8', [-71, -83, -80, -84, -69, -85, -80, -73, -85, -83]), ('b8:27:eb:e7:50:37', [-79, -74, -61, -72, -80, -73, -69, -73]), ('b8:27:eb:63:a1:e3', [-46, -63, -59, -63, -60, -58])]
09:01:05.678883,(-64,-54,-72),(-64,-62,-66),(-64,-48,-73),(-79,-71,-83),(-72,-60,-81),(-59,-46,-64)
[('b8:27:eb:b6:43:f8', [-66, -61, -65, -66, -54, -72]), ('b8:27:eb:d3:4c:7f', [-66, -63, -63, -63, -62, -63]), ('b8:27:eb:cd:4b:81', [-65, -73, -67, -48, -72, -66, -58, -58, -61]), ('b8:27:eb:ee:32:b8', [-83, -83, -79, -83, -79, -81, -72, -71]), ('b8:27:eb:e7:50:37', [-79, -60, -71, -72, -76, -74, -60, -81]), ('b8:27:eb:63:a1:e3', [-58, -64, -59, -60, -59, -46, -59, -59, -59, -63])]
09:01:07.567715,(-62,-51,-66),(-61,-49,-66),(-64,-49,-72),(-80,-68,-85),(-71,-60,-80),(-58,-46,-63)
[('b8:27:eb:b6:43:f8', [-66, -63, -66, -59, -65, -51]), ('b8:27:eb:d3:4c:7f', [-63, -65, -65, -49, -63, -63, -66, -64, -49]), ('b8:27:eb:cd:4b:81', [-71, -62, -49, -72, -68, -71, -53]), ('b8:27:eb:ee:32:b8', [-83, -68, -83, -85, -81, -84, -83, -68]), ('b8:27:eb:e7:50:37', [-60, -80, -75, -60, -75, -60, -80, -74]), ('b8:27:eb:63:a1:e3', [-62, -63, -59, -46])]
09:01:09.482938,(-60,-50,-71),(-60,-50,-64),(-64,-54,-73),(-83,-79,-85),(-75,-61,-80),(-57,-47,-64)
[('b8:27:eb:b6:43:f8', [-71, -52, -64, -63, -66, -52, -58, -63, -50]), ('b8:27:eb:d3:4c:7f', [-50, -51, -64, -63, -63, -62, -64, -63]), ('b8:27:eb:cd:4b:81', [-62, -68, -61, -61, -72, -73, -62, -54, -63]), ('b8:27:eb:ee:32:b8', [-83, -79, -82, -84, -81, -85]), ('b8:27:eb:e7:50:37', [-79, -61, -80, -79, -75, -75, -71, -76]), ('b8:27:eb:63:a1:e3', [-59, -64, -59, -47, -63, -47])]
09:01:11.400649,(-67,-63,-71),(-57,-49,-65),(-66,-58,-72),(-81,-69,-86),(-70,-61,-79),(-53,-46,-64)
[('b8:27:eb:b6:43:f8', [-67, -71, -65, -63]), ('b8:27:eb:d3:4c:7f', [-49, -51, -62, -62, -65, -62, -50, -51]), ('b8:27:eb:cd:4b:81', [-71, -66, -62, -62, -72, -66, -58]), ('b8:27:eb:ee:32:b8', [-81, -86, -82, -83, -83, -69]), ('b8:27:eb:e7:50:37', [-75, -61, -61, -73, -73, -79, -62]), ('b8:27:eb:63:a1:e3', [-60, -50, -64, -46, -59, -46, -46, -49])]
09:01:13.296468,(-64,-50,-72),(-58,-50,-64),(-64,-55,-70),(-83,-81,-85),(-76,-73,-79),(-59,-46,-63)
[('b8:27:eb:b6:43:f8', [-50, -63, -72, -63, -52, -72, -65, -71]), ('b8:27:eb:d3:4c:7f', [-50, -62, -50, -64, -64]), ('b8:27:eb:cd:4b:81', [-70, -67, -61, -63, -55]), ('b8:27:eb:ee:32:b8', [-85, -82, -81]), ('b8:27:eb:e7:50:37', [-73, -75, -79, -75, -73, -78, -75, -73, -75, -78]), ('b8:27:eb:63:a1:e3', [-46, -63, -48, -59, -60, -63, -60, -63, -63])]
09:01:15.218464,(-63,-51,-71),(-60,-49,-65),(-58,-50,-65),(-79,-70,-86),(-72,-61,-77),(-61,-58,-64)
[('b8:27:eb:b6:43:f8', [-66, -67, -71, -71, -51, -52]), ('b8:27:eb:d3:4c:7f', [-63, -63, -50, -63, -50, -63, -63, -49, -65, -65]), ('b8:27:eb:cd:4b:81', [-65, -50, -62, -53, -63, -62, -50]), ('b8:27:eb:ee:32:b8', [-70, -73, -83, -71, -81, -85, -80, -86]), ('b8:27:eb:e7:50:37', [-75, -74, -61, -68, -62, -75, -75, -77, -75]), ('b8:27:eb:63:a1:e3', [-59, -59, -59, -63, -64, -58, -59, -62, -58])]
09:01:17.113964,(-62,-50,-72),(-62,-50,-66),(-61,-55,-69),(-75,-71,-86),(-70,-62,-77),(-61,-59,-63)
[('b8:27:eb:b6:43:f8', [-61, -72, -50, -66, -60, -63]), ('b8:27:eb:d3:4c:7f', [-63, -62, -62, -62, -66, -63, -50, -63]), ('b8:27:eb:cd:4b:81', [-55, -56, -69, -63, -56, -66]), ('b8:27:eb:ee:32:b8', [-71, -71, -86, -71]), ('b8:27:eb:e7:50:37', [-66, -75, -77, -76, -63, -62]), ('b8:27:eb:63:a1:e3', [-61, -59, -63, -59, -63, -59, -59, -59, -59, -63])]
09:01:19.014519,(-66,-50,-73),(-62,-50,-65),(-63,-49,-72),(-81,-79,-85),(-74,-62,-79),(-59,-46,-65)
[('b8:27:eb:b6:43:f8', [-73, -50, -65, -72, -73, -63]), ('b8:27:eb:d3:4c:7f', [-63, -62, -64, -62, -50, -64, -65]), ('b8:27:eb:cd:4b:81', [-53, -70, -64, -57, -71, -64, -70, -49, -57, -72]), ('b8:27:eb:ee:32:b8', [-80, -81, -79, -81, -80, -81, -79, -85]), ('b8:27:eb:e7:50:37', [-68, -79, -77, -78, -78, -67, -78, -68, -62, -76]), ('b8:27:eb:63:a1:e3', [-59, -59, -59, -61, -59, -46, -65])]
09:01:20.953964,(-61,-50,-73),(-54,-47,-64),(-63,-49,-72),(-79,-72,-85),(-75,-64,-79),(-58,-45,-65)
[('b8:27:eb:b6:43:f8', [-50, -52, -67, -58, -66, -73, -51, -65]), ('b8:27:eb:d3:4c:7f', [-50, -49, -47, -64, -50, -63]), ('b8:27:eb:cd:4b:81', [-72, -67, -52, -63, -63, -49, -67, -71]), ('b8:27:eb:ee:32:b8', [-85, -79, -73, -78, -72, -78, -80, -79, -78, -80]), ('b8:27:eb:e7:50:37', [-79, -77, -76, -64, -75, -76]), ('b8:27:eb:63:a1:e3', [-59, -59, -65, -45, -63, -45, -64, -58])]
09:01:22.863985,(-63,-51,-72),(-58,-48,-63),(-62,-50,-71),(-77,-70,-86),(-73,-61,-77),(-53,-46,-62)
[('b8:27:eb:b6:43:f8', [-72, -64, -59, -51, -51, -64, -72, -64]), ('b8:27:eb:d3:4c:7f', [-48, -62, -62, -62, -63, -49, -49, -62, -63]), ('b8:27:eb:cd:4b:81', [-71, -50, -71, -50, -57, -66, -63, -54, -70]), ('b8:27:eb:ee:32:b8', [-79, -79, -80, -79, -70, -70, -70, -80, -86, -76]), ('b8:27:eb:e7:50:37', [-75, -67, -75, -76, -77, -61, -76]), ('b8:27:eb:63:a1:e3', [-48, -58, -48, -46, -46, -58, -58, -46, -62])]
09:01:24.763444,(-63,-51,-72),(-58,-47,-63),(-63,-50,-70),(-81,-71,-86),(-78,-75,-81),(-56,-46,-64)
[('b8:27:eb:b6:43:f8', [-57, -65, -65, -51, -52, -72, -63, -72]), ('b8:27:eb:d3:4c:7f', [-61, -63, -62, -47, -49, -62, -63, -61, -49]), ('b8:27:eb:cd:4b:81', [-66, -66, -64, -68, -50, -63, -70, -56]), ('b8:27:eb:ee:32:b8', [-71, -86, -80, -85]), ('b8:27:eb:e7:50:37', [-79, -78, -76, -79, -75, -79, -77, -77, -81]), ('b8:27:eb:63:a1:e3', [-46, -63, -46, -59, -61, -48, -64])]
09:01:26.666398,(-62,-50,-71),(-56,-47,-64),(-66,-53,-70),(-82,-79,-86),(-76,-73,-80),(-59,-46,-65)
[('b8:27:eb:b6:43:f8', [-66, -65, -66, -58, -66, -71, -50, -52]), ('b8:27:eb:d3:4c:7f', [-63, -64, -47, -50, -62, -50, -62, -47]), ('b8:27:eb:cd:4b:81', [-66, -70, -63, -70, -66, -53, -70]), ('b8:27:eb:ee:32:b8', [-81, -80, -86, -79]), ('b8:27:eb:e7:50:37', [-75, -80, -77, -76, -73, -73, -78]), ('b8:27:eb:63:a1:e3', [-46, -59, -49, -59, -59, -61, -59, -63, -65, -63])]
09:01:28.560146,(-64,-50,-73),(-62,-50,-63),(-63,-53,-72),(-78,-70,-86),(-76,-59,-88),(-55,-46,-64)
[('b8:27:eb:b6:43:f8', [-66, -73, -52, -71, -71, -50, -59, -63]), ('b8:27:eb:d3:4c:7f', [-62, -63, -62, -63, -63, -63, -50, -63]), ('b8:27:eb:cd:4b:81', [-53, -62, -66, -63, -63, -72, -57]), ('b8:27:eb:ee:32:b8', [-71, -85, -71, -80, -70, -86]), ('b8:27:eb:e7:50:37', [-59, -79, -71, -78, -85, -88, -66, -73, -77]), ('b8:27:eb:63:a1:e3', [-59, -46, -46, -46, -50, -63, -59, -64, -59])]
09:01:30.457500,(-62,-51,-71),(-60,-48,-63),(-57,-50,-72),(-78,-74,-80),(-77,-66,-86),(-60,-46,-66)
[('b8:27:eb:b6:43:f8', [-63, -51, -71, -66, -51, -65, -67]), ('b8:27:eb:d3:4c:7f', [-48, -63, -63, -63, -61, -62]), ('b8:27:eb:cd:4b:81', [-50, -50, -72, -54]), ('b8:27:eb:ee:32:b8', [-80, -79, -74, -80, -74, -80]), ('b8:27:eb:e7:50:37', [-76, -86, -70, -86, -66, -84, -70]), ('b8:27:eb:63:a1:e3', [-63, -58, -64, -58, -63, -66, -46])]
09:01:32.353214,(-65,-51,-73),(-61,-53,-63),(-61,-50,-67),(-80,-73,-85),(-76,-63,-87),(-58,-45,-64)
[('b8:27:eb:b6:43:f8', [-71, -65, -73, -51, -68, -67, -72, -51, -66]), ('b8:27:eb:d3:4c:7f', [-53, -63, -62, -63]), ('b8:27:eb:cd:4b:81', [-50, -56, -63, -56, -67, -63, -64, -64]), ('b8:27:eb:ee:32:b8', [-80, -73, -79, -85, -80]), ('b8:27:eb:e7:50:37', [-76, -85, -87, -67, -63]), ('b8:27:eb:63:a1:e3', [-45, -64, -59, -58, -58, -64, -58, -63, -45])]
09:01:34.313329,(-65,-51,-72),(-58,-47,-64),(-67,-63,-71),(-80,-70,-84),(-79,-77,-82),(-56,-46,-60)
[('b8:27:eb:b6:43:f8', [-71, -51, -59, -70, -64, -68, -72]), ('b8:27:eb:d3:4c:7f', [-64, -63, -47, -63, -62, -49, -50, -62]), ('b8:27:eb:cd:4b:81', [-70, -64, -63, -71, -66, -63, -70, -70, -67, -63]), ('b8:27:eb:ee:32:b8', [-80, -84, -84, -70, -80, -78, -80]), ('b8:27:eb:e7:50:37', [-78, -78, -81, -82, -77, -77, -78]), ('b8:27:eb:63:a1:e3', [-59, -59, -46, -50, -59, -60, -59])]
09:01:36.214532,(-67,-58,-73),(-58,-50,-63),(-62,-50,-71),(-78,-70,-80),(-77,-68,-82),(-51,-45,-58)
[('b8:27:eb:b6:43:f8', [-58, -67, -72, -65, -66, -65, -73, -67]), ('b8:27:eb:d3:4c:7f', [-63, -63, -50, -50, -63]), ('b8:27:eb:cd:4b:81', [-50, -70, -50, -71, -68, -57, -63, -54, -68]), ('b8:27:eb:ee:32:b8', [-80, -80, -80, -70, -79]), ('b8:27:eb:e7:50:37', [-77, -82, -77, -79, -68, -79]), ('b8:27:eb:63:a1:e3', [-58, -48, -45, -45, -58, -45, -48, -58])]
09:01:38.142171,(-60,-51,-66),(-60,-50,-63),(-61,-50,-72),(-79,-71,-80),(-74,-65,-81),(-55,-45,-64)
[('b8:27:eb:b6:43:f8', [-66, -59, -51, -64, -51, -65, -59]), ('b8:27:eb:d3:4c:7f', [-50, -61, -63, -63, -62]), ('b8:27:eb:cd:4b:81', [-50, -70, -72, -54, -53, -50, -63, -71, -63]), ('b8:27:eb:ee:32:b8', [-80, -79, -80, -71, -80, -80]), ('b8:27:eb:e7:50:37', [-66, -65, -69, -77, -80, -77, -81, -70]), ('b8:27:eb:63:a1:e3', [-45, -64, -60, -58, -45, -58])]
09:01:40.037895,(-72,-66,-73),(-58,-47,-63),(-60,-50,-70),(-77,-71,-80),(-69,-62,-76),(-55,-45,-64)
[('b8:27:eb:b6:43:f8', [-66, -72, -73, -72, -72, -72]), ('b8:27:eb:d3:4c:7f', [-63, -47, -50, -61, -50, -63, -63, -63, -62, -50]), ('b8:27:eb:cd:4b:81', [-63, -63, -70, -50, -50, -53, -64, -66, -53]), ('b8:27:eb:ee:32:b8', [-80, -74, -71, -80, -79]), ('b8:27:eb:e7:50:37', [-76, -62]), ('b8:27:eb:63:a1:e3', [-63, -45, -63, -50, -45, -63, -46, -64])]
09:01:41.923950,(-62,-50,-72),(-60,-49,-63),(-62,-53,-70),(-82,-71,-89),(-75,-61,-84),(-59,-51,-66)
[('b8:27:eb:b6:43:f8', [-51, -64, -65, -58, -72, -50, -65, -63, -66]), ('b8:27:eb:d3:4c:7f', [-63, -63, -61, -49, -50, -61, -63, -62, -62]), ('b8:27:eb:cd:4b:81', [-65, -53, -57, -66, -63, -54, -70, -54, -69]), ('b8:27:eb:ee:32:b8', [-80, -71, -85, -79, -89, -80, -86, -80, -85]), ('b8:27:eb:e7:50:37', [-77, -61, -63, -76, -84, -77, -78, -81]), ('b8:27:eb:63:a1:e3', [-64, -59, -63, -66, -51, -51])]
09:01:43.814991,(-62,-49,-72),(-59,-50,-63),(-64,-50,-71),(-80,-67,-86),(-74,-62,-82),(-51,-46,-59)
[('b8:27:eb:b6:43:f8', [-59, -50, -66, -62, -67, -72, -49, -71, -49, -71]), ('b8:27:eb:d3:4c:7f', [-63, -62, -62, -62, -50, -50, -63]), ('b8:27:eb:cd:4b:81', [-64, -71, -50, -67, -63, -66, -63, -65]), ('b8:27:eb:ee:32:b8', [-80, -80, -85, -80, -86, -79, -67, -80]), ('b8:27:eb:e7:50:37', [-67, -75, -79, -78, -62, -82, -62, -80, -78]), ('b8:27:eb:63:a1:e3', [-46, -47, -59, -58, -46, -46, -46, -59])]
09:01:45.741402,(-63,-51,-72),(-56,-48,-64),(-64,-50,-72),(-78,-70,-86),(-76,-73,-84),(-54,-45,-65)
[('b8:27:eb:b6:43:f8', [-58, -67, -72, -52, -72, -51, -68]), ('b8:27:eb:d3:4c:7f', [-63, -51, -62, -48, -61, -64, -49, -52, -50]), ('b8:27:eb:cd:4b:81', [-50, -70, -63, -69, -53, -72, -68, -63, -64]), ('b8:27:eb:ee:32:b8', [-70, -81, -79, -71, -86, -85, -79, -70]), ('b8:27:eb:e7:50:37', [-77, -73, -84, -74, -75, -73]), ('b8:27:eb:63:a1:e3', [-58, -46, -59, -65, -45, -46, -50, -61])]
09:01:47.651460,(-67,-63,-72),(-59,-51,-66),(-64,-53,-72),(-79,-67,-85),(-76,-74,-79),(-59,-49,-64)
[('b8:27:eb:b6:43:f8', [-64, -66, -66, -71, -67, -66, -72, -63]), ('b8:27:eb:d3:4c:7f', [-61, -51, -51, -61, -62, -66]), ('b8:27:eb:cd:4b:81', [-72, -70, -65, -54, -69, -53]), ('b8:27:eb:ee:32:b8', [-81, -85, -81, -75, -70, -82, -80, -84, -67]), ('b8:27:eb:e7:50:37', [-79, -76, -74, -74, -78, -74]), ('b8:27:eb:63:a1:e3', [-58, -62, -59, -49, -64, -58])]
09:01:49.560771,(-61,-49,-72),(-62,-47,-68),(-62,-49,-71),(-80,-71,-85),(-78,-73,-84),(-52,-45,-63)
[('b8:27:eb:b6:43:f8', [-72, -66, -49, -62, -71, -64, -49, -53]), ('b8:27:eb:d3:4c:7f', [-61, -47, -61, -66, -61, -66, -62, -62, -68, -61]), ('b8:27:eb:cd:4b:81', [-49, -67, -54, -68, -65, -71, -54]), ('b8:27:eb:ee:32:b8', [-85, -85, -79, -84, -71, -73, -80, -80]), ('b8:27:eb:e7:50:37', [-77, -81, -76, -84, -76, -73]), ('b8:27:eb:63:a1:e3', [-60, -45, -48, -48, -58, -47, -47, -63])]
09:01:51.464729,(-64,-50,-71),(-59,-47,-62),(-64,-50,-71),(-82,-68,-88),(-77,-62,-88),(-56,-45,-63)
[('b8:27:eb:b6:43:f8', [-64, -71, -63, -68, -71, -63, -50, -71, -52]), ('b8:27:eb:d3:4c:7f', [-61, -62, -47, -61, -53, -61, -62, -62, -62]), ('b8:27:eb:cd:4b:81', [-69, -66, -50, -68, -63, -71, -62, -50, -69]), ('b8:27:eb:ee:32:b8', [-81, -81, -68, -82, -81, -86, -88, -81, -85]), ('b8:27:eb:e7:50:37', [-62, -84, -76, -88, -72, -76, -81]), ('b8:27:eb:63:a1:e3', [-63, -57, -63, -45, -59, -58, -47])]
09:01:53.381917,(-63,-50,-71),(-61,-49,-68),(-63,-54,-71),(-79,-70,-86),-150,-150,-150,(-57,-49,-64)
[('b8:27:eb:b6:43:f8', [-66, -66, -59, -63, -66, -64, -62, -71, -50]), ('b8:27:eb:d3:4c:7f', [-66, -49, -68, -61, -53, -62, -62, -62]), ('b8:27:eb:cd:4b:81', [-54, -71, -62, -56, -64, -63, -70, -64]), ('b8:27:eb:ee:32:b8', [-70, -86, -81, -76, -70, -86, -71, -81, -83]), ('b8:27:eb:e7:50:37', []), ('b8:27:eb:63:a1:e3', [-49, -59, -49, -57, -60, -57, -58, -63, -49, -64])]
09:01:55.283567,(-64,-50,-71),(-62,-53,-67),(-63,-56,-70),(-79,-72,-87),-150,-150,-150,(-58,-45,-64)
[('b8:27:eb:b6:43:f8', [-64, -66, -50, -67, -71, -60, -52, -71, -71]), ('b8:27:eb:d3:4c:7f', [-61, -62, -61, -67, -61, -53, -61, -64]), ('b8:27:eb:cd:4b:81', [-70, -62, -70, -56, -60, -60]), ('b8:27:eb:ee:32:b8', [-84, -72, -74, -72, -81, -81, -87]), ('b8:27:eb:e7:50:37', []), ('b8:27:eb:63:a1:e3', [-58, -60, -45, -60, -64, -61, -60, -49, -58])]
09:01:57.175966,(-63,-49,-71),(-56,-48,-62),(-64,-47,-69),(-84,-73,-89),-150,-150,-150,(-57,-45,-64)
[('b8:27:eb:b6:43:f8', [-62, -49, -66, -64, -64, -71, -64]), ('b8:27:eb:d3:4c:7f', [-48, -48, -62, -61, -49, -49, -62, -62]), ('b8:27:eb:cd:4b:81', [-60, -52, -68, -68, -69, -68, -47, -68, -69, -67]), ('b8:27:eb:ee:32:b8', [-86, -73, -88, -85, -79, -79, -85, -85, -89]), ('b8:27:eb:e7:50:37', []), ('b8:27:eb:63:a1:e3', [-45, -50, -59, -59, -64, -58, -58])]
09:01:59.110151,(-65,-50,-72),(-53,-47,-61),(-64,-54,-69),(-84,-75,-89),-150,-150,-150,(-59,-50,-67)
[('b8:27:eb:b6:43:f8', [-62, -66, -62, -52, -72, -71, -67, -71, -71, -50]), ('b8:27:eb:d3:4c:7f', [-50, -47, -61, -49, -47, -61]), ('b8:27:eb:cd:4b:81', [-65, -54, -69, -61, -67, -61, -66, -69]), ('b8:27:eb:ee:32:b8', [-83, -85, -84, -83, -82, -85, -89, -75]), ('b8:27:eb:e7:50:37', []), ('b8:27:eb:63:a1:e3', [-58, -60, -59, -61, -67, -50, -58])]
09:02:01.007574,(-63,-50,-72),(-60,-50,-63),(-59,-48,-69),(-84,-75,-88),-150,-150,-150,(-58,-46,-64)
[('b8:27:eb:b6:43:f8', [-52, -72, -52, -50, -66, -63, -66, -72, -72]), ('b8:27:eb:d3:4c:7f', [-63, -50, -63, -51, -61, -63, -63]), ('b8:27:eb:cd:4b:81', [-48, -66, -49, -60, -54, -61, -69]), ('b8:27:eb:ee:32:b8', [-86, -88, -87, -75, -85, -83]), ('b8:27:eb:e7:50:37', []), ('b8:27:eb:63:a1:e3', [-60, -60, -64, -60, -46])]
09:02:02.906417,(-64,-50,-72),(-60,-49,-65),(-61,-53,-70),(-81,-73,-87),-150,-150,-150,(-54,-46,-60)
[('b8:27:eb:b6:43:f8', [-50, -71, -63, -52, -59, -72, -65, -71, -64, -67]), ('b8:27:eb:d3:4c:7f', [-61, -65, -64, -61, -51, -63, -49, -61]), ('b8:27:eb:cd:4b:81', [-54, -67, -61, -70, -53]), ('b8:27:eb:ee:32:b8', [-87, -75, -75, -73, -84, -85, -83, -87, -76]), ('b8:27:eb:e7:50:37', []), ('b8:27:eb:63:a1:e3', [-47, -46, -60, -55, -59, -60, -59, -46])]
09:02:04.824060,(-61,-50,-71),(-62,-50,-65),(-61,-48,-72),(-85,-80,-87),-150,-150,-150,(-56,-46,-64)
[('b8:27:eb:b6:43:f8', [-66, -50, -66, -71, -50, -64, -52, -60, -62]), ('b8:27:eb:d3:4c:7f', [-62, -64, -61, -63, -61, -50, -62, -63, -61, -65]), ('b8:27:eb:cd:4b:81', [-52, -66, -69, -49, -72, -69, -48, -58]), ('b8:27:eb:ee:32:b8', [-87, -85, -86, -87, -80]), ('b8:27:eb:e7:50:37', []), ('b8:27:eb:63:a1:e3', [-60, -50, -47, -46, -60, -64, -59])]
09:02:06.708899,(-63,-52,-72),(-62,-51,-64),(-67,-54,-72),(-81,-71,-86),-150,-150,-150,(-60,-50,-66)
[('b8:27:eb:b6:43:f8', [-67, -63, -65, -67, -72, -52, -59, -64, -52]), ('b8:27:eb:d3:4c:7f', [-61, -62, -63, -51, -63, -64, -62, -63, -63]), ('b8:27:eb:cd:4b:81', [-69, -63, -69, -72, -54, -70, -68, -62, -70]), ('b8:27:eb:ee:32:b8', [-71, -85, -81, -80, -81, -86, -81, -80]), ('b8:27:eb:e7:50:37', []), ('b8:27:eb:63:a1:e3', [-50, -59, -64, -59, -65, -59, -51, -59, -66])]
09:02:08.628431,(-66,-52,-72),(-59,-48,-63),(-60,-50,-71),(-80,-70,-85),-150,-150,-150,(-58,-51,-64)
[('b8:27:eb:b6:43:f8', [-59, -72, -52, -71, -67, -68, -67, -68]), ('b8:27:eb:d3:4c:7f', [-63, -63, -62, -55, -62, -50, -48, -63, -62]), ('b8:27:eb:cd:4b:81', [-54, -54, -50, -54, -63, -69, -71]), ('b8:27:eb:ee:32:b8', [-80, -85, -82, -80, -80, -70]), ('b8:27:eb:e7:50:37', []), ('b8:27:eb:63:a1:e3', [-58, -51, -51, -59, -64, -59, -58, -59])]
