08:49:00.004081,(-72,-62,-85),(-64,-51,-72),(-58,-47,-79),(-86,-84,-89),(-85,-78,-94),(-73,-65,-92)
[('b8:27:eb:b6:43:f8', [-85, -62, -73, -75, -70, -68, -69]), ('b8:27:eb:d3:4c:7f', [-66, -63, -60, -72, -51, -66, -63, -66]), ('b8:27:eb:cd:4b:81', [-55, -47, -53, -79, -56]), ('b8:27:eb:ee:32:b8', [-85, -89, -86, -84]), ('b8:27:eb:e7:50:37', [-83, -90, -82, -80, -78, -84, -94, -83]), ('b8:27:eb:63:a1:e3', [-73, -65, -73, -74, -74, -68, -66, -92, -68])]
08:49:01.901422,(-72,-62,-77),(-71,-66,-74),(-49,-41,-57),(-84,-71,-100),(-81,-64,-92),(-70,-64,-75)
[('b8:27:eb:b6:43:f8', [-76, -68, -77, -76, -62, -70]), ('b8:27:eb:d3:4c:7f', [-72, -66, -74, -72]), ('b8:27:eb:cd:4b:81', [-45, -43, -57, -54, -54, -41]), ('b8:27:eb:ee:32:b8', [-84, -71, -85, -83, -78, -100]), ('b8:27:eb:e7:50:37', [-76, -88, -79, -64, -82, -92]), ('b8:27:eb:63:a1:e3', [-64, -73, -70, -75, -65])]
08:49:03.805848,(-72,-60,-81),(-65,-42,-81),(-53,-38,-71),(-89,-80,-94),(-78,-72,-85),(-69,-59,-78)
[('b8:27:eb:b6:43:f8', [-60, -73, -76, -66, -72, -81, -73, -69]), ('b8:27:eb:d3:4c:7f', [-63, -81, -42, -59, -72, -61, -69, -68]), ('b8:27:eb:cd:4b:81', [-43, -44, -50, -47, -59, -71, -53, -55, -38, -67]), ('b8:27:eb:ee:32:b8', [-80, -93, -94]), ('b8:27:eb:e7:50:37', [-72, -72, -85, -76, -80, -77, -83, -77, -74]), ('b8:27:eb:63:a1:e3', [-70, -76, -61, -77, -78, -64, -59, -60])]
08:49:05.737557,(-69,-58,-73),(-66,-55,-72),(-53,-44,-61),(-89,-84,-96),(-76,-66,-83),(-69,-58,-72)
[('b8:27:eb:b6:43:f8', [-70, -71, -60, -73, -58, -71, -73, -73]), ('b8:27:eb:d3:4c:7f', [-63, -67, -62, -72, -70, -68, -65, -55]), ('b8:27:eb:cd:4b:81', [-61, -55, -55, -47, -44, -45, -44, -61, -59]), ('b8:27:eb:ee:32:b8', [-84, -96, -89, -87]), ('b8:27:eb:e7:50:37', [-77, -80, -83, -73, -79, -76, -66, -68, -69, -82]), ('b8:27:eb:63:a1:e3', [-69, -67, -72, -67, -70, -72, -58, -71])]
08:49:07.622722,(-69,-61,-83),(-62,-46,-77),(-45,-31,-59),(-79,-65,-89),(-81,-75,-86),(-69,-56,-82)
[('b8:27:eb:b6:43:f8', [-68, -71, -61, -62, -69, -83, -62, -72, -71]), ('b8:27:eb:d3:4c:7f', [-77, -68, -66, -69, -53, -49, -64, -46]), ('b8:27:eb:cd:4b:81', [-52, -59, -43, -51, -31, -33]), ('b8:27:eb:ee:32:b8', [-82, -65, -89, -75, -82]), ('b8:27:eb:e7:50:37', [-77, -80, -86, -82, -75, -78, -80, -83]), ('b8:27:eb:63:a1:e3', [-69, -58, -68, -82, -56, -77, -68, -72])]
08:49:09.526414,(-64,-49,-80),(-58,-40,-67),(-49,-29,-62),(-86,-72,-95),(-76,-60,-85),(-68,-57,-74)
[('b8:27:eb:b6:43:f8', [-72, -54, -80, -52, -61, -74, -49]), ('b8:27:eb:d3:4c:7f', [-62, -67, -63, -58, -61, -56, -56, -40]), ('b8:27:eb:cd:4b:81', [-49, -47, -46, -29, -39, -59, -61, -62]), ('b8:27:eb:ee:32:b8', [-86, -80, -93, -84, -89, -72, -95, -87]), ('b8:27:eb:e7:50:37', [-83, -60, -85, -77, -79, -76, -71, -75]), ('b8:27:eb:63:a1:e3', [-74, -73, -66, -66, -70, -57, -70])]
08:49:11.442939,(-69,-58,-75),(-53,-44,-62),(-56,-44,-62),(-84,-71,-98),(-79,-66,-92),(-65,-49,-72)
[('b8:27:eb:b6:43:f8', [-70, -75, -61, -73, -67, -71, -73, -58]), ('b8:27:eb:d3:4c:7f', [-47, -62, -55, -55, -55, -55, -46, -44, -58]), ('b8:27:eb:cd:4b:81', [-60, -55, -62, -56, -44, -59]), ('b8:27:eb:ee:32:b8', [-71, -80, -98, -79, -82, -89]), ('b8:27:eb:e7:50:37', [-89, -74, -92, -77, -80, -75, -66, -78]), ('b8:27:eb:63:a1:e3', [-67, -71, -72, -65, -61, -49])]
08:49:13.328853,(-77,-69,-81),(-51,-38,-63),(-61,-49,-69),(-87,-77,-98),(-70,-60,-87),(-67,-48,-77)
[('b8:27:eb:b6:43:f8', [-69, -76, -79, -76, -80, -81, -72]), ('b8:27:eb:d3:4c:7f', [-63, -54, -47, -38, -41, -52, -51, -54, -52]), ('b8:27:eb:cd:4b:81', [-52, -62, -49, -66, -69, -64]), ('b8:27:eb:ee:32:b8', [-77, -88, -86, -93, -79, -98]), ('b8:27:eb:e7:50:37', [-61, -69, -72, -67, -60, -69, -87]), ('b8:27:eb:63:a1:e3', [-71, -72, -73, -71, -66, -56, -66, -48, -77, -67])]
08:49:15.230150,(-68,-56,-80),(-52,-45,-54),(-65,-50,-77),(-93,-87,-105),(-78,-73,-83),(-72,-62,-84)
[('b8:27:eb:b6:43:f8', [-68, -80, -69, -73, -57, -73, -62, -56]), ('b8:27:eb:d3:4c:7f', [-50, -54, -53, -54, -52, -48, -50, -52, -45, -54]), ('b8:27:eb:cd:4b:81', [-73, -50, -61, -77, -74, -73, -69, -66, -52, -54]), ('b8:27:eb:ee:32:b8', [-91, -87, -89, -105, -93, -88, -96, -88]), ('b8:27:eb:e7:50:37', [-79, -77, -78, -81, -74, -83, -73, -79, -79, -74]), ('b8:27:eb:63:a1:e3', [-66, -84, -78, -68, -71, -80, -62, -65])]
08:49:17.181251,(-66,-50,-80),(-55,-38,-72),(-58,-47,-70),(-87,-75,-102),(-81,-68,-92),(-69,-55,-77)
[('b8:27:eb:b6:43:f8', [-62, -61, -77, -50, -80]), ('b8:27:eb:d3:4c:7f', [-54, -38, -63, -55, -72, -44, -53, -56, -51, -63]), ('b8:27:eb:cd:4b:81', [-60, -70, -59, -57, -48, -61, -47]), ('b8:27:eb:ee:32:b8', [-94, -77, -87, -84, -102, -75]), ('b8:27:eb:e7:50:37', [-68, -82, -80, -83, -85, -70, -85, -92, -79]), ('b8:27:eb:63:a1:e3', [-55, -67, -68, -69, -76, -77, -68])]
08:49:19.089004,(-76,-69,-85),(-49,-32,-56),(-51,-40,-58),(-91,-86,-95),(-79,-75,-81),(-72,-61,-83)
[('b8:27:eb:b6:43:f8', [-74, -73, -75, -76, -85, -69]), ('b8:27:eb:d3:4c:7f', [-56, -54, -54, -43, -44, -42, -55, -55, -55, -32]), ('b8:27:eb:cd:4b:81', [-44, -58, -43, -55, -40, -49, -57, -55]), ('b8:27:eb:ee:32:b8', [-86, -88, -95, -95, -88, -93, -86]), ('b8:27:eb:e7:50:37', [-80, -80, -81, -75, -80, -76]), ('b8:27:eb:63:a1:e3', [-70, -69, -79, -69, -61, -83])]
08:49:21.013645,(-72,-69,-79),(-52,-39,-60),(-56,-44,-66),(-92,-80,-98),(-83,-73,-91),(-75,-59,-82)
[('b8:27:eb:b6:43:f8', [-74, -69, -69, -70, -72, -71, -79]), ('b8:27:eb:d3:4c:7f', [-60, -53, -50, -39, -54, -55]), ('b8:27:eb:cd:4b:81', [-55, -44, -66, -59, -51, -57, -59, -57]), ('b8:27:eb:ee:32:b8', [-91, -97, -80, -86, -90, -98, -96, -96, -91]), ('b8:27:eb:e7:50:37', [-91, -77, -83, -81, -87, -89, -73, -78]), ('b8:27:eb:63:a1:e3', [-73, -73, -77, -71, -74, -59, -77, -81, -82])]
08:49:22.951476,(-71,-62,-75),(-47,-37,-61),(-52,-41,-59),(-89,-85,-95),(-87,-79,-94),(-75,-67,-86)
[('b8:27:eb:b6:43:f8', [-75, -62, -66, -72, -73, -72, -68, -73]), ('b8:27:eb:d3:4c:7f', [-61, -37, -38, -53, -39, -54, -37, -54]), ('b8:27:eb:cd:4b:81', [-57, -47, -47, -58, -41, -46, -55, -46, -59, -57]), ('b8:27:eb:ee:32:b8', [-85, -86, -95]), ('b8:27:eb:e7:50:37', [-94, -79, -92, -88, -80, -93, -81, -86]), ('b8:27:eb:63:a1:e3', [-86, -69, -79, -82, -69, -74, -73, -67, -76])]
08:49:24.860187,(-69,-52,-91),(-49,-37,-57),(-51,-41,-60),(-89,-76,-100),(-83,-71,-91),(-74,-65,-81)
[('b8:27:eb:b6:43:f8', [-72, -67, -71, -52, -70, -62, -65, -66, -91]), ('b8:27:eb:d3:4c:7f', [-41, -57, -53, -52, -37, -51, -51, -50]), ('b8:27:eb:cd:4b:81', [-59, -45, -49, -60, -56, -46, -47, -58, -47, -41]), ('b8:27:eb:ee:32:b8', [-100, -76, -94, -77, -97, -92, -87]), ('b8:27:eb:e7:50:37', [-71, -91, -82, -79, -84, -82, -82, -80, -90]), ('b8:27:eb:63:a1:e3', [-81, -69, -71, -80, -65, -70, -80, -73])]
08:49:26.769871,(-71,-50,-80),(-49,-36,-65),(-56,-47,-70),(-91,-81,-96),(-83,-68,-91),(-72,-62,-78)
[('b8:27:eb:b6:43:f8', [-80, -78, -75, -68, -73, -50, -67]), ('b8:27:eb:d3:4c:7f', [-36, -37, -54, -56, -65, -50, -55, -36]), ('b8:27:eb:cd:4b:81', [-49, -47, -70, -61, -60, -54, -47]), ('b8:27:eb:ee:32:b8', [-81, -95, -84, -94, -95, -96]), ('b8:27:eb:e7:50:37', [-83, -91, -91, -68, -80]), ('b8:27:eb:63:a1:e3', [-77, -73, -78, -77, -70, -62, -67])]
08:49:28.654309,(-74,-67,-78),(-51,-39,-60),(-56,-47,-63),(-90,-76,-98),(-81,-66,-87),(-76,-68,-87)
[('b8:27:eb:b6:43:f8', [-78, -71, -75, -73, -75, -67, -72, -74]), ('b8:27:eb:d3:4c:7f', [-44, -54, -39, -55, -58, -42, -46, -60, -47, -56]), ('b8:27:eb:cd:4b:81', [-62, -53, -49, -47, -53, -57, -60, -56, -63]), ('b8:27:eb:ee:32:b8', [-93, -88, -76, -98, -92, -89, -88]), ('b8:27:eb:e7:50:37', [-86, -79, -66, -84, -87, -87, -72]), ('b8:27:eb:63:a1:e3', [-80, -87, -73, -70, -68, -74, -72, -79])]
08:49:30.573996,(-76,-66,-81),(-66,-54,-76),(-53,-42,-67),(-87,-75,-100),(-78,-63,-94),(-69,-54,-77)
[('b8:27:eb:b6:43:f8', [-77, -66, -78, -73, -76, -79, -81]), ('b8:27:eb:d3:4c:7f', [-76, -65, -54, -73, -61, -62, -71]), ('b8:27:eb:cd:4b:81', [-42, -46, -54, -54, -52, -56, -67]), ('b8:27:eb:ee:32:b8', [-84, -93, -87, -100, -90, -89, -87, -77, -75]), ('b8:27:eb:e7:50:37', [-68, -79, -94, -83, -72, -77, -63, -82]), ('b8:27:eb:63:a1:e3', [-62, -72, -70, -70, -54, -73, -77, -71, -71])]
08:49:32.464328,(-70,-54,-84),(-64,-41,-74),(-56,-41,-72),(-89,-82,-94),(-77,-67,-85),(-73,-55,-85)
[('b8:27:eb:b6:43:f8', [-61, -84, -54, -74, -72, -70]), ('b8:27:eb:d3:4c:7f', [-69, -68, -72, -74, -67, -70, -62, -50, -65, -41]), ('b8:27:eb:cd:4b:81', [-57, -49, -72, -63, -56, -54, -58, -47, -41]), ('b8:27:eb:ee:32:b8', [-94, -93, -85, -82, -92, -86]), ('b8:27:eb:e7:50:37', [-70, -72, -73, -84, -78, -84, -67, -85, -80]), ('b8:27:eb:63:a1:e3', [-74, -74, -84, -73, -55, -85, -62])]
08:49:34.368919,(-76,-70,-86),(-54,-39,-67),(-63,-51,-86),(-92,-85,-97),(-79,-68,-88),(-72,-52,-84)
[('b8:27:eb:b6:43:f8', [-71, -70, -75, -70, -74, -86, -75, -79, -80]), ('b8:27:eb:d3:4c:7f', [-63, -46, -67, -51, -39, -62, -58, -46]), ('b8:27:eb:cd:4b:81', [-54, -57, -54, -61, -63, -58, -82, -51, -60, -86]), ('b8:27:eb:ee:32:b8', [-85, -85, -96, -93, -97, -94]), ('b8:27:eb:e7:50:37', [-87, -78, -76, -88, -80, -68, -69, -78, -86]), ('b8:27:eb:63:a1:e3', [-70, -76, -52, -79, -60, -67, -82, -84])]
08:49:36.276497,(-66,-56,-73),(-58,-50,-72),(-63,-52,-72),(-87,-73,-97),(-81,-69,-92),(-74,-52,-93)
[('b8:27:eb:b6:43:f8', [-70, -65, -73, -56, -59, -73, -63, -67]), ('b8:27:eb:d3:4c:7f', [-58, -54, -60, -56, -56, -58, -50, -72]), ('b8:27:eb:cd:4b:81', [-67, -56, -61, -70, -72, -57, -59, -69, -52, -61]), ('b8:27:eb:ee:32:b8', [-97, -88, -87, -73]), ('b8:27:eb:e7:50:37', [-92, -86, -92, -69, -74, -77, -72]), ('b8:27:eb:63:a1:e3', [-76, -75, -93, -74, -67, -74, -75, -52])]
08:49:38.189409,(-68,-53,-79),(-52,-41,-67),(-56,-43,-65),(-87,-76,-96),(-82,-73,-94),(-71,-57,-81)
[('b8:27:eb:b6:43:f8', [-69, -77, -58, -79, -53]), ('b8:27:eb:d3:4c:7f', [-47, -46, -47, -67, -41, -59]), ('b8:27:eb:cd:4b:81', [-43, -55, -60, -57, -53, -58, -65]), ('b8:27:eb:ee:32:b8', [-96, -80, -86, -96, -86, -76, -86]), ('b8:27:eb:e7:50:37', [-76, -94, -73, -83]), ('b8:27:eb:63:a1:e3', [-72, -57, -81, -69, -75, -79, -60])]
08:49:40.120681,(-71,-56,-86),(-58,-46,-76),(-62,-49,-74),(-96,-88,-101),(-79,-71,-91),(-74,-66,-85)
[('b8:27:eb:b6:43:f8', [-75, -56, -71, -60, -86, -73, -59, -81]), ('b8:27:eb:d3:4c:7f', [-48, -76, -63, -58, -56, -59, -58, -46]), ('b8:27:eb:cd:4b:81', [-67, -49, -56, -56, -70, -63, -74, -61]), ('b8:27:eb:ee:32:b8', [-100, -101, -96, -92, -88]), ('b8:27:eb:e7:50:37', [-76, -74, -71, -77, -76, -91, -85, -82]), ('b8:27:eb:63:a1:e3', [-66, -74, -69, -79, -69, -69, -85, -75])]
08:49:42.028813,(-73,-58,-81),(-54,-44,-70),(-59,-47,-70),(-86,-76,-94),(-77,-67,-83),(-76,-62,-81)
[('b8:27:eb:b6:43:f8', [-71, -69, -72, -81, -58, -76, -72, -78]), ('b8:27:eb:d3:4c:7f', [-70, -56, -50, -44, -55, -52, -50, -53]), ('b8:27:eb:cd:4b:81', [-47, -64, -60, -63, -62, -56, -54, -53, -70, -54]), ('b8:27:eb:ee:32:b8', [-76, -87, -94, -90, -80]), ('b8:27:eb:e7:50:37', [-83, -67, -77, -81]), ('b8:27:eb:63:a1:e3', [-76, -77, -81, -75, -81, -62, -75])]
08:49:43.938286,(-75,-66,-83),(-53,-38,-61),(-63,-42,-84),(-85,-80,-90),(-81,-75,-87),(-77,-63,-95)
[('b8:27:eb:b6:43:f8', [-79, -81, -83, -66, -68, -67, -77]), ('b8:27:eb:d3:4c:7f', [-52, -51, -38, -59, -51, -45, -61, -54, -59]), ('b8:27:eb:cd:4b:81', [-54, -62, -72, -53, -84, -74, -58, -42]), ('b8:27:eb:ee:32:b8', [-80, -90, -85]), ('b8:27:eb:e7:50:37', [-80, -80, -85, -82, -77, -75, -82, -87]), ('b8:27:eb:63:a1:e3', [-95, -72, -81, -87, -72, -63, -64])]
08:49:45.832943,(-69,-50,-80),(-52,-40,-55),(-67,-54,-85),(-88,-80,-93),(-76,-62,-93),(-64,-54,-75)
[('b8:27:eb:b6:43:f8', [-59, -70, -80, -78, -50, -70, -64, -78, -67]), ('b8:27:eb:d3:4c:7f', [-55, -54, -55, -53, -54, -51, -40]), ('b8:27:eb:cd:4b:81', [-61, -61, -64, -54, -85, -80, -68, -56]), ('b8:27:eb:ee:32:b8', [-80, -90, -81, -93, -92]), ('b8:27:eb:e7:50:37', [-85, -79, -72, -66, -75, -93, -62, -74]), ('b8:27:eb:63:a1:e3', [-57, -70, -61, -69, -72, -61, -55, -54, -57, -75])]
08:49:47.725907,(-69,-57,-77),(-55,-37,-68),(-63,-46,-75),(-93,-86,-99),(-82,-73,-89),(-73,-57,-88)
[('b8:27:eb:b6:43:f8', [-68, -72, -75, -67, -57, -72, -64, -77]), ('b8:27:eb:d3:4c:7f', [-59, -42, -61, -54, -68, -57, -57, -52, -37]), ('b8:27:eb:cd:4b:81', [-75, -60, -72, -72, -54, -58, -46]), ('b8:27:eb:ee:32:b8', [-86, -92, -95, -89, -97, -99]), ('b8:27:eb:e7:50:37', [-85, -85, -82, -89, -84, -78, -80, -73]), ('b8:27:eb:63:a1:e3', [-57, -77, -60, -83, -59, -82, -88])]
08:49:49.632725,(-70,-61,-80),(-47,-31,-67),(-58,-44,-72),(-92,-81,-98),(-81,-75,-86),(-73,-56,-89)
[('b8:27:eb:b6:43:f8', [-80, -61, -72, -72, -69, -70, -62]), ('b8:27:eb:d3:4c:7f', [-31, -40, -46, -67, -45, -60, -39, -34, -50, -52]), ('b8:27:eb:cd:4b:81', [-44, -56, -60, -60, -72, -56]), ('b8:27:eb:ee:32:b8', [-81, -92, -92, -94, -93, -98]), ('b8:27:eb:e7:50:37', [-86, -75, -78, -82, -85, -77]), ('b8:27:eb:63:a1:e3', [-81, -68, -71, -56, -61, -89, -85, -74, -66])]
08:49:51.530844,(-71,-60,-87),(-56,-38,-73),(-61,-52,-67),(-91,-82,-103),(-75,-64,-87),(-69,-52,-83)
[('b8:27:eb:b6:43:f8', [-87, -67, -65, -80, -77, -61, -70, -65, -60]), ('b8:27:eb:d3:4c:7f', [-55, -53, -57, -38, -61, -52, -73, -52]), ('b8:27:eb:cd:4b:81', [-54, -61, -67, -67, -52, -63, -64, -60]), ('b8:27:eb:ee:32:b8', [-100, -94, -90, -82, -82, -103, -82]), ('b8:27:eb:e7:50:37', [-80, -87, -66, -64, -76]), ('b8:27:eb:63:a1:e3', [-83, -74, -72, -63, -66, -58, -78, -52])]
08:49:53.428646,(-70,-58,-76),(-55,-40,-59),(-60,-42,-71),(-86,-73,-97),(-79,-74,-84),(-69,-57,-79)
[('b8:27:eb:b6:43:f8', [-72, -61, -72, -58, -72, -76, -75, -74, -69]), ('b8:27:eb:d3:4c:7f', [-58, -40, -59, -59, -55, -55, -54]), ('b8:27:eb:cd:4b:81', [-52, -42, -59, -58, -67, -68, -71, -61]), ('b8:27:eb:ee:32:b8', [-81, -87, -79, -73, -97, -96]), ('b8:27:eb:e7:50:37', [-79, -74, -78, -79, -84]), ('b8:27:eb:63:a1:e3', [-70, -69, -79, -71, -73, -60, -71, -57])]
08:49:55.338728,(-76,-71,-81),(-46,-30,-54),(-59,-55,-62),(-88,-78,-94),(-88,-80,-97),(-73,-57,-84)
[('b8:27:eb:b6:43:f8', [-73, -71, -76, -74, -81, -80]), ('b8:27:eb:d3:4c:7f', [-30, -46, -51, -47, -52, -32, -53, -43, -54, -44]), ('b8:27:eb:cd:4b:81', [-59, -61, -55, -62, -57, -59, -55, -61]), ('b8:27:eb:ee:32:b8', [-94, -87, -84, -90, -78, -88, -90, -89]), ('b8:27:eb:e7:50:37', [-97, -85, -84, -96, -80, -90, -83, -90, -80]), ('b8:27:eb:63:a1:e3', [-73, -57, -73, -72, -75, -84, -77, -72])]
08:49:57.223702,(-79,-72,-91),(-61,-41,-71),(-54,-45,-66),(-85,-81,-89),(-80,-70,-88),(-74,-69,-83)
[('b8:27:eb:b6:43:f8', [-75, -74, -82, -72, -91]), ('b8:27:eb:d3:4c:7f', [-55, -41, -65, -60, -68, -62, -63, -61, -71]), ('b8:27:eb:cd:4b:81', [-56, -45, -56, -45, -46, -66, -64]), ('b8:27:eb:ee:32:b8', [-81, -89]), ('b8:27:eb:e7:50:37', [-79, -75, -79, -70, -88, -81, -83]), ('b8:27:eb:63:a1:e3', [-72, -73, -74, -74, -83, -72, -69, -70])]
08:49:59.141563,(-75,-61,-83),(-58,-52,-64),(-56,-40,-65),(-90,-85,-94),(-79,-68,-89),(-71,-58,-78)
[('b8:27:eb:b6:43:f8', [-77, -75, -77, -76, -74, -61, -73, -83, -72]), ('b8:27:eb:d3:4c:7f', [-52, -54, -59, -64]), ('b8:27:eb:cd:4b:81', [-40, -56, -61, -59, -42, -63, -65]), ('b8:27:eb:ee:32:b8', [-85, -90, -94, -88, -88, -91]), ('b8:27:eb:e7:50:37', [-76, -81, -78, -84, -78, -68, -89, -78]), ('b8:27:eb:63:a1:e3', [-73, -58, -77, -78, -68])]
08:50:01.073484,(-76,-66,-85),(-54,-44,-61),(-53,-35,-61),(-86,-74,-95),(-76,-72,-80),(-71,-57,-84)
[('b8:27:eb:b6:43:f8', [-73, -75, -66, -75, -73, -80, -78, -85]), ('b8:27:eb:d3:4c:7f', [-60, -48, -44, -61, -61, -46]), ('b8:27:eb:cd:4b:81', [-35, -61, -55, -56, -57]), ('b8:27:eb:ee:32:b8', [-85, -81, -78, -95, -85, -91, -74, -91, -92]), ('b8:27:eb:e7:50:37', [-78, -74, -72, -80, -73]), ('b8:27:eb:63:a1:e3', [-57, -72, -65, -72, -75, -69, -67, -84])]
08:50:02.968873,(-70,-59,-77),(-57,-53,-60),(-58,-46,-68),(-87,-77,-92),(-79,-74,-84),(-74,-56,-85)
[('b8:27:eb:b6:43:f8', [-77, -73, -59, -76, -59, -74, -72]), ('b8:27:eb:d3:4c:7f', [-60, -55, -58, -59, -54, -54, -53]), ('b8:27:eb:cd:4b:81', [-46, -59, -60, -60, -51, -68, -61]), ('b8:27:eb:ee:32:b8', [-88, -91, -89, -79, -92, -86, -77, -87]), ('b8:27:eb:e7:50:37', [-78, -74, -77, -83, -84, -82, -75, -76]), ('b8:27:eb:63:a1:e3', [-56, -85, -82, -78, -69, -71])]
08:50:04.866359,(-72,-57,-80),(-61,-43,-78),(-58,-45,-72),(-86,-72,-95),(-81,-77,-88),(-76,-71,-83)
[('b8:27:eb:b6:43:f8', [-72, -77, -72, -76, -57, -69, -73, -80]), ('b8:27:eb:d3:4c:7f', [-43, -47, -50, -78, -69, -61, -62, -75]), ('b8:27:eb:cd:4b:81', [-63, -61, -72, -47, -58, -57, -54, -45]), ('b8:27:eb:ee:32:b8', [-82, -89, -72, -89, -95, -89, -84]), ('b8:27:eb:e7:50:37', [-85, -82, -88, -77, -77, -79, -78]), ('b8:27:eb:63:a1:e3', [-77, -71, -83, -74, -74, -73])]
08:50:06.766369,(-77,-71,-82),(-54,-42,-66),(-55,-45,-68),(-88,-81,-93),(-80,-75,-85),(-69,-60,-76)
[('b8:27:eb:b6:43:f8', [-77, -77, -79, -79, -76, -71, -82, -73]), ('b8:27:eb:d3:4c:7f', [-66, -62, -61, -59, -50, -42, -44, -52, -55, -44]), ('b8:27:eb:cd:4b:81', [-62, -55, -54, -55, -45, -45, -68]), ('b8:27:eb:ee:32:b8', [-87, -86, -88, -93, -91, -81]), ('b8:27:eb:e7:50:37', [-75, -81, -83, -75, -85, -81]), ('b8:27:eb:63:a1:e3', [-76, -61, -74, -73, -60, -70])]
08:50:08.655283,(-70,-57,-77),(-59,-46,-69),(-64,-56,-69),(-89,-80,-95),(-81,-68,-90),(-71,-58,-89)
[('b8:27:eb:b6:43:f8', [-77, -67, -59, -75, -70, -57, -73, -71, -74]), ('b8:27:eb:d3:4c:7f', [-54, -69, -62, -67, -46, -54, -58, -57]), ('b8:27:eb:cd:4b:81', [-64, -68, -69, -63, -63, -61, -66, -56]), ('b8:27:eb:ee:32:b8', [-80, -89, -95, -90]), ('b8:27:eb:e7:50:37', [-87, -68, -90, -82, -83, -79, -77]), ('b8:27:eb:63:a1:e3', [-72, -77, -70, -76, -58, -63, -89, -63])]
08:50:10.567167,(-76,-62,-88),(-65,-55,-75),(-54,-39,-71),(-88,-82,-96),(-83,-68,-95),(-76,-59,-84)
[('b8:27:eb:b6:43:f8', [-62, -74, -64, -86, -72, -80, -88, -78]), ('b8:27:eb:d3:4c:7f', [-60, -75, -68, -61, -55, -65, -56, -63, -67, -73]), ('b8:27:eb:cd:4b:81', [-58, -71, -58, -40, -40, -39, -65, -59]), ('b8:27:eb:ee:32:b8', [-83, -82, -96, -89, -88]), ('b8:27:eb:e7:50:37', [-79, -85, -76, -68, -85, -95, -88]), ('b8:27:eb:63:a1:e3', [-83, -68, -83, -75, -59, -68, -82, -84])]
08:50:12.496187,(-74,-60,-79),(-62,-51,-69),(-55,-39,-61),(-86,-74,-95),(-82,-72,-94),(-75,-61,-86)
[('b8:27:eb:b6:43:f8', [-75, -79, -79, -74, -60, -72]), ('b8:27:eb:d3:4c:7f', [-64, -52, -54, -68, -61, -67, -69, -65, -51]), ('b8:27:eb:cd:4b:81', [-61, -56, -52, -58, -60, -61, -54, -39, -54]), ('b8:27:eb:ee:32:b8', [-92, -89, -85, -95, -85, -80, -74]), ('b8:27:eb:e7:50:37', [-74, -72, -84, -80, -94, -83]), ('b8:27:eb:63:a1:e3', [-68, -71, -73, -61, -77, -78, -86, -78, -76])]
08:50:14.392425,(-69,-59,-77),(-57,-40,-79),(-57,-37,-77),(-85,-75,-93),(-81,-73,-90),(-69,-57,-77)
[('b8:27:eb:b6:43:f8', [-68, -77, -72, -59, -76, -63, -67, -72, -67]), ('b8:27:eb:d3:4c:7f', [-40, -48, -79, -58, -56, -59, -58, -54, -58]), ('b8:27:eb:cd:4b:81', [-37, -50, -62, -46, -62, -58, -63, -52, -77]), ('b8:27:eb:ee:32:b8', [-75, -80, -82, -89, -93, -89]), ('b8:27:eb:e7:50:37', [-90, -82, -79, -75, -80, -80, -73, -86]), ('b8:27:eb:63:a1:e3', [-70, -66, -77, -69, -69, -67, -73, -57, -71])]
08:50:16.298755,(-73,-65,-79),(-55,-44,-61),(-63,-50,-78),(-89,-79,-95),(-84,-74,-100),(-70,-54,-83)
[('b8:27:eb:b6:43:f8', [-74, -78, -71, -70, -79, -71, -75, -71, -65]), ('b8:27:eb:d3:4c:7f', [-61, -55, -55, -54, -60, -44, -54, -57]), ('b8:27:eb:cd:4b:81', [-57, -78, -51, -76, -73, -64, -50, -53, -63, -65]), ('b8:27:eb:ee:32:b8', [-87, -79, -93, -86, -89, -95]), ('b8:27:eb:e7:50:37', [-80, -85, -81, -100, -74, -84]), ('b8:27:eb:63:a1:e3', [-58, -78, -71, -75, -83, -68, -54, -68, -68])]
08:50:18.216362,(-76,-62,-90),(-57,-47,-73),(-57,-46,-71),(-89,-82,-93),(-86,-85,-86),(-74,-53,-88)
[('b8:27:eb:b6:43:f8', [-73, -78, -77, -69, -62, -73, -79, -90]), ('b8:27:eb:d3:4c:7f', [-67, -58, -73, -50, -55, -67, -54, -47, -47, -49]), ('b8:27:eb:cd:4b:81', [-48, -57, -49, -59, -71, -57, -60, -65, -46]), ('b8:27:eb:ee:32:b8', [-89, -90, -82, -93]), ('b8:27:eb:e7:50:37', [-85, -85, -86, -86]), ('b8:27:eb:63:a1:e3', [-88, -80, -60, -53, -80, -76, -87, -62, -73])]
08:50:20.149594,(-72,-67,-77),(-58,-49,-70),(-58,-46,-70),(-83,-80,-85),(-82,-69,-86),(-71,-57,-94)
[('b8:27:eb:b6:43:f8', [-77, -67, -67, -77, -71, -68, -75]), ('b8:27:eb:d3:4c:7f', [-51, -50, -62, -60, -70, -49, -62, -59]), ('b8:27:eb:cd:4b:81', [-46, -60, -70, -53, -61, -51, -60]), ('b8:27:eb:ee:32:b8', [-85, -80, -84]), ('b8:27:eb:e7:50:37', [-86, -69, -85, -86]), ('b8:27:eb:63:a1:e3', [-57, -71, -72, -69, -94, -63])]
08:50:22.101186,(-73,-68,-79),(-52,-34,-61),(-57,-42,-67),(-95,-92,-98),(-80,-70,-85),(-74,-58,-79)
[('b8:27:eb:b6:43:f8', [-79, -70, -68, -73, -70, -73]), ('b8:27:eb:d3:4c:7f', [-58, -58, -60, -61, -55, -54, -52, -34, -36]), ('b8:27:eb:cd:4b:81', [-59, -62, -67, -61, -61, -42, -58, -44]), ('b8:27:eb:ee:32:b8', [-98, -95, -92]), ('b8:27:eb:e7:50:37', [-81, -80, -79, -70, -80, -80, -85]), ('b8:27:eb:63:a1:e3', [-76, -72, -79, -77, -78, -79, -58, -72, -73])]
08:50:23.997367,(-75,-66,-80),(-52,-36,-60),(-56,-42,-68),(-90,-81,-96),(-84,-72,-89),(-73,-68,-79)
[('b8:27:eb:b6:43:f8', [-77, -80, -75, -78, -66, -70]), ('b8:27:eb:d3:4c:7f', [-50, -51, -37, -56, -36, -56, -57, -59, -60]), ('b8:27:eb:cd:4b:81', [-58, -48, -56, -57, -62, -68, -57, -42, -56]), ('b8:27:eb:ee:32:b8', [-86, -96, -93, -81, -90]), ('b8:27:eb:e7:50:37', [-89, -87, -84, -84, -72, -85, -87]), ('b8:27:eb:63:a1:e3', [-73, -72, -79, -76, -69, -68, -70])]
08:50:25.913849,(-80,-70,-90),(-63,-49,-76),(-55,-44,-63),(-88,-84,-95),(-81,-74,-91),(-69,-60,-77)
[('b8:27:eb:b6:43:f8', [-81, -70, -90, -80, -86, -71, -80]), ('b8:27:eb:d3:4c:7f', [-76, -65, -50, -72, -49, -59, -65, -59, -65]), ('b8:27:eb:cd:4b:81', [-60, -63, -48, -56, -57, -44, -55, -57, -55]), ('b8:27:eb:ee:32:b8', [-86, -86, -92, -95, -85, -84, -84, -86]), ('b8:27:eb:e7:50:37', [-79, -81, -74, -91, -84, -75, -77]), ('b8:27:eb:63:a1:e3', [-77, -68, -65, -68, -60, -73, -68, -67])]
08:50:27.842554,(-76,-61,-87),(-54,-44,-59),(-56,-43,-62),(-93,-88,-96),(-84,-77,-93),(-76,-62,-86)
[('b8:27:eb:b6:43:f8', [-61, -64, -83, -87, -74, -73, -77, -82]), ('b8:27:eb:d3:4c:7f', [-45, -55, -44, -56, -56, -59, -59]), ('b8:27:eb:cd:4b:81', [-62, -59, -55, -57, -58, -43, -57]), ('b8:27:eb:ee:32:b8', [-95, -88, -96, -93, -91, -91, -92]), ('b8:27:eb:e7:50:37', [-81, -84, -93, -77, -79, -90]), ('b8:27:eb:63:a1:e3', [-73, -81, -73, -86, -72, -73, -79, -73, -62, -80])]
08:50:29.779180,(-77,-65,-84),(-67,-56,-80),(-58,-42,-81),(-89,-82,-96),(-83,-71,-98),(-76,-68,-82)
[('b8:27:eb:b6:43:f8', [-78, -83, -75, -84, -83, -71, -65]), ('b8:27:eb:d3:4c:7f', [-57, -72, -56, -67, -68, -80]), ('b8:27:eb:cd:4b:81', [-61, -81, -61, -42, -56, -55, -55, -46, -64, -53]), ('b8:27:eb:ee:32:b8', [-91, -87, -96, -82, -92, -85]), ('b8:27:eb:e7:50:37', [-80, -84, -86, -75, -98, -71, -87, -77, -83]), ('b8:27:eb:63:a1:e3', [-78, -68, -79, -82, -72, -75, -77, -73])]
08:50:31.698589,(-73,-62,-80),(-64,-55,-72),(-56,-43,-65),(-87,-79,-95),(-78,-69,-82),(-67,-58,-77)
[('b8:27:eb:b6:43:f8', [-80, -70, -74, -71, -76, -62, -75]), ('b8:27:eb:d3:4c:7f', [-59, -66, -68, -67, -72, -65, -68, -55, -57, -62]), ('b8:27:eb:cd:4b:81', [-58, -59, -58, -65, -58, -53, -49, -43, -59]), ('b8:27:eb:ee:32:b8', [-85, -92, -95, -81, -79]), ('b8:27:eb:e7:50:37', [-69, -80, -78, -82, -77, -79, -75]), ('b8:27:eb:63:a1:e3', [-72, -77, -58, -67, -59, -62, -69])]
08:50:33.601566,(-69,-61,-78),(-55,-44,-61),(-65,-56,-77),(-86,-79,-90),(-77,-74,-83),(-67,-58,-72)
[('b8:27:eb:b6:43:f8', [-75, -78, -61, -68, -65, -65]), ('b8:27:eb:d3:4c:7f', [-58, -61, -44, -53, -56, -55, -55, -57, -54]), ('b8:27:eb:cd:4b:81', [-56, -60, -60, -62, -77, -71, -66]), ('b8:27:eb:ee:32:b8', [-89, -79, -89, -82, -85, -90]), ('b8:27:eb:e7:50:37', [-75, -74, -75, -83, -74]), ('b8:27:eb:63:a1:e3', [-67, -72, -69, -59, -66, -72, -58])]
08:50:35.567429,(-70,-56,-75),(-53,-38,-66),(-67,-62,-75),(-84,-72,-90),(-75,-59,-89),(-65,-53,-73)
[('b8:27:eb:b6:43:f8', [-58, -73, -56, -72, -72, -75, -73, -75, -68]), ('b8:27:eb:d3:4c:7f', [-52, -38, -51, -51, -49, -56, -48, -66, -57, -59]), ('b8:27:eb:cd:4b:81', [-75, -67, -67, -67, -67, -62, -66, -67, -62]), ('b8:27:eb:ee:32:b8', [-72, -87, -78, -87, -89, -90, -82]), ('b8:27:eb:e7:50:37', [-76, -76, -89, -77, -59, -79, -67]), ('b8:27:eb:63:a1:e3', [-73, -70, -53, -66, -53, -72, -68, -62])]
08:50:37.464917,(-79,-70,-88),(-53,-40,-60),(-59,-44,-70),(-89,-81,-94),(-85,-75,-94),(-67,-52,-76)
[('b8:27:eb:b6:43:f8', [-78, -82, -70, -77, -88, -81, -75, -76]), ('b8:27:eb:d3:4c:7f', [-56, -55, -53, -55, -40, -49, -55, -60]), ('b8:27:eb:cd:4b:81', [-60, -44, -49, -70, -60, -64, -62]), ('b8:27:eb:ee:32:b8', [-94, -88, -85, -87, -90, -91, -81, -89]), ('b8:27:eb:e7:50:37', [-86, -90, -84, -75, -84, -81, -94]), ('b8:27:eb:63:a1:e3', [-71, -68, -57, -72, -66, -68, -52, -76])]
08:50:39.404830,(-76,-68,-81),(-63,-56,-70),(-54,-41,-60),(-87,-70,-97),(-85,-77,-95),(-77,-59,-90)
[('b8:27:eb:b6:43:f8', [-68, -77, -77, -74, -76, -81, -72, -79]), ('b8:27:eb:d3:4c:7f', [-56, -59, -61, -62, -56, -70, -64, -66, -66]), ('b8:27:eb:cd:4b:81', [-60, -60, -57, -45, -41, -55, -59, -53]), ('b8:27:eb:ee:32:b8', [-93, -89, -89, -70, -81, -97]), ('b8:27:eb:e7:50:37', [-81, -83, -77, -83, -87, -95]), ('b8:27:eb:63:a1:e3', [-68, -79, -83, -78, -78, -59, -83, -90, -74])]
08:50:41.311725,(-76,-68,-81),(-68,-45,-81),(-66,-48,-80),(-88,-80,-100),(-82,-70,-87),(-75,-62,-83)
[('b8:27:eb:b6:43:f8', [-75, -77, -68, -81, -78, -73, -74, -77]), ('b8:27:eb:d3:4c:7f', [-74, -72, -45, -72, -81, -56, -72, -70, -64]), ('b8:27:eb:cd:4b:81', [-55, -61, -76, -80, -66, -48, -70, -65]), ('b8:27:eb:ee:32:b8', [-88, -87, -89, -80, -100, -84, -85, -89]), ('b8:27:eb:e7:50:37', [-76, -86, -82, -70, -82, -85, -87]), ('b8:27:eb:63:a1:e3', [-83, -77, -62, -71, -69, -83])]
08:50:43.205368,(-73,-62,-86),(-62,-45,-71),(-54,-38,-65),(-93,-88,-97),(-76,-66,-85),(-77,-71,-82)
[('b8:27:eb:b6:43:f8', [-66, -77, -73, -86, -74, -70, -74, -62, -69]), ('b8:27:eb:d3:4c:7f', [-68, -57, -64, -60, -63, -45, -71, -66, -57, -64]), ('b8:27:eb:cd:4b:81', [-55, -45, -38, -59, -56, -65, -59]), ('b8:27:eb:ee:32:b8', [-88, -91, -92, -94, -91, -97, -93]), ('b8:27:eb:e7:50:37', [-81, -85, -66, -80, -75, -68, -76, -76, -71]), ('b8:27:eb:63:a1:e3', [-79, -82, -82, -72, -80, -73, -71])]
08:50:45.104354,(-75,-70,-80),(-48,-38,-55),(-66,-49,-82),(-86,-79,-96),(-83,-78,-89),(-71,-66,-81)
[('b8:27:eb:b6:43:f8', [-73, -76, -80, -70]), ('b8:27:eb:d3:4c:7f', [-43, -38, -46, -54, -55, -49, -54, -39]), ('b8:27:eb:cd:4b:81', [-49, -61, -82, -71, -67, -64]), ('b8:27:eb:ee:32:b8', [-79, -96, -86, -81, -88]), ('b8:27:eb:e7:50:37', [-89, -78, -83, -80]), ('b8:27:eb:63:a1:e3', [-70, -66, -67, -69, -73, -71, -81, -73, -68, -69])]
08:50:47.008327,(-70,-58,-88),(-56,-47,-64),(-60,-43,-73),(-89,-83,-95),(-85,-80,-97),(-65,-57,-73)
[('b8:27:eb:b6:43:f8', [-73, -58, -65, -58, -63, -72, -77, -62, -88, -82]), ('b8:27:eb:d3:4c:7f', [-55, -57, -59, -49, -64, -61, -52, -55, -47]), ('b8:27:eb:cd:4b:81', [-61, -73, -66, -65, -64, -43, -64, -55, -44, -59]), ('b8:27:eb:ee:32:b8', [-88, -83, -95, -87, -89, -85, -94, -86, -86]), ('b8:27:eb:e7:50:37', [-97, -82, -88, -81, -84, -80, -82]), ('b8:27:eb:63:a1:e3', [-68, -70, -64, -65, -57, -59, -70, -73, -57, -65])]
08:50:48.938124,(-80,-70,-90),(-59,-41,-79),(-57,-42,-70),(-89,-81,-99),(-82,-76,-91),(-71,-55,-85)
[('b8:27:eb:b6:43:f8', [-81, -90, -80, -81, -80, -70, -78, -75]), ('b8:27:eb:d3:4c:7f', [-57, -54, -60, -41, -66, -45, -60, -59, -79, -62]), ('b8:27:eb:cd:4b:81', [-58, -61, -65, -42, -50, -67, -70, -42, -55]), ('b8:27:eb:ee:32:b8', [-87, -99, -86, -87, -81, -86, -89, -91]), ('b8:27:eb:e7:50:37', [-78, -79, -80, -82, -84, -87, -91, -76, -81]), ('b8:27:eb:63:a1:e3', [-55, -85, -58, -72, -74, -71, -69, -72, -71, -79])]
08:50:50.901100,(-73,-56,-88),(-70,-61,-85),(-54,-34,-72),(-89,-81,-93),(-82,-67,-87),(-72,-54,-84)
[('b8:27:eb:b6:43:f8', [-75, -88, -77, -56, -69, -71]), ('b8:27:eb:d3:4c:7f', [-66, -72, -64, -77, -65, -85, -61]), ('b8:27:eb:cd:4b:81', [-43, -46, -62, -72, -64, -55, -54, -34, -53]), ('b8:27:eb:ee:32:b8', [-91, -93, -81, -90, -93, -86]), ('b8:27:eb:e7:50:37', [-81, -84, -78, -84, -80, -86, -87, -86, -67, -87]), ('b8:27:eb:63:a1:e3', [-82, -71, -56, -54, -73, -79, -84])]
08:50:52.797968,(-74,-66,-83),(-59,-40,-72),(-57,-53,-64),(-89,-82,-97),(-79,-65,-88),(-67,-52,-84)
[('b8:27:eb:b6:43:f8', [-78, -73, -71, -83, -66, -77, -68]), ('b8:27:eb:d3:4c:7f', [-67, -59, -40, -64, -72, -58, -58, -40, -68]), ('b8:27:eb:cd:4b:81', [-56, -53, -55, -60, -64, -58, -53]), ('b8:27:eb:ee:32:b8', [-94, -82, -97, -86, -82, -89, -91]), ('b8:27:eb:e7:50:37', [-82, -77, -81, -77, -79, -65, -79, -88]), ('b8:27:eb:63:a1:e3', [-64, -52, -84, -73, -69, -56, -70])]
08:50:54.732530,(-66,-53,-74),(-52,-42,-66),(-59,-50,-69),(-90,-85,-99),(-79,-69,-88),(-67,-50,-78)
[('b8:27:eb:b6:43:f8', [-74, -58, -68, -69, -62, -68, -53, -69, -73]), ('b8:27:eb:d3:4c:7f', [-58, -46, -54, -66, -48, -42, -52, -49]), ('b8:27:eb:cd:4b:81', [-55, -50, -67, -53, -56, -69]), ('b8:27:eb:ee:32:b8', [-87, -85, -88, -99, -89]), ('b8:27:eb:e7:50:37', [-69, -88, -77, -79, -78, -78]), ('b8:27:eb:63:a1:e3', [-75, -65, -57, -50, -67, -71, -78, -72])]
08:50:56.639947,(-71,-53,-81),(-57,-41,-69),(-51,-40,-69),(-85,-76,-91),(-78,-72,-81),(-63,-51,-75)
[('b8:27:eb:b6:43:f8', [-53, -72, -71, -67, -63, -81, -73, -73, -78]), ('b8:27:eb:d3:4c:7f', [-54, -55, -54, -41, -60, -69, -49, -68]), ('b8:27:eb:cd:4b:81', [-69, -59, -44, -43, -40]), ('b8:27:eb:ee:32:b8', [-85, -85, -91, -88, -81, -76, -86]), ('b8:27:eb:e7:50:37', [-78, -81, -72, -80, -78]), ('b8:27:eb:63:a1:e3', [-51, -51, -69, -68, -74, -75, -73, -57, -54, -53])]
08:50:58.540985,(-75,-60,-82),(-62,-53,-70),(-57,-52,-62),(-81,-70,-92),(-82,-78,-88),(-72,-58,-79)
[('b8:27:eb:b6:43:f8', [-76, -78, -77, -82, -60, -76, -71]), ('b8:27:eb:d3:4c:7f', [-66, -53, -70, -54, -60, -64, -54, -69, -68]), ('b8:27:eb:cd:4b:81', [-57, -52, -54, -60, -62, -54, -59]), ('b8:27:eb:ee:32:b8', [-92, -80, -74, -82, -86, -70]), ('b8:27:eb:e7:50:37', [-79, -82, -80, -81, -78, -88]), ('b8:27:eb:63:a1:e3', [-74, -75, -69, -67, -72, -75, -66, -77, -79, -58])]
08:51:00.448524,(-70,-57,-76),(-64,-45,-72),(-51,-39,-55),(-84,-78,-93),(-81,-71,-90),(-75,-71,-82)
[('b8:27:eb:b6:43:f8', [-72, -68, -57, -76, -73, -65, -73, -72, -76, -62]), ('b8:27:eb:d3:4c:7f', [-69, -66, -64, -45, -59, -72, -68, -62, -68, -62]), ('b8:27:eb:cd:4b:81', [-55, -55, -53, -54, -39, -40, -52, -52, -55]), ('b8:27:eb:ee:32:b8', [-83, -80, -93, -86, -78, -82, -82]), ('b8:27:eb:e7:50:37', [-90, -83, -78, -80, -85, -71, -77, -77]), ('b8:27:eb:63:a1:e3', [-73, -73, -71, -75, -76, -73, -74, -82, -72])]
08:51:02.338564,(-72,-56,-81),(-58,-50,-62),(-55,-38,-75),(-87,-84,-90),(-81,-77,-84),(-74,-63,-79)
[('b8:27:eb:b6:43:f8', [-76, -70, -70, -68, -56, -81, -80, -71]), ('b8:27:eb:d3:4c:7f', [-55, -58, -58, -50, -61, -62, -58]), ('b8:27:eb:cd:4b:81', [-47, -55, -38, -52, -52, -40, -62, -60, -75, -64]), ('b8:27:eb:ee:32:b8', [-85, -89, -84, -90]), ('b8:27:eb:e7:50:37', [-83, -83, -84, -83, -84, -77, -79, -77, -77, -80]), ('b8:27:eb:63:a1:e3', [-67, -76, -71, -77, -79, -74, -63, -75, -76])]
08:51:04.254354,(-73,-67,-80),(-51,-35,-62),(-64,-48,-81),(-88,-72,-96),(-82,-66,-92),(-72,-61,-82)
[('b8:27:eb:b6:43:f8', [-67, -76, -80, -67]), ('b8:27:eb:d3:4c:7f', [-57, -43, -60, -59, -48, -62, -52, -49, -35, -38]), ('b8:27:eb:cd:4b:81', [-72, -62, -70, -53, -81, -61, -58, -48]), ('b8:27:eb:ee:32:b8', [-91, -82, -72, -96, -90, -87, -88, -90, -95]), ('b8:27:eb:e7:50:37', [-66, -92, -92, -76, -85, -79]), ('b8:27:eb:63:a1:e3', [-82, -76, -73, -61, -78, -61, -70, -71])]
08:51:06.157788,(-74,-67,-81),(-52,-36,-69),(-57,-43,-68),(-86,-77,-94),(-85,-77,-92),(-70,-56,-82)
[('b8:27:eb:b6:43:f8', [-67, -68, -70, -81, -80, -78]), ('b8:27:eb:d3:4c:7f', [-36, -41, -69, -61, -62, -46, -56, -52, -40]), ('b8:27:eb:cd:4b:81', [-59, -46, -58, -43, -57, -59, -68, -64]), ('b8:27:eb:ee:32:b8', [-88, -87, -90, -94, -80, -85, -77]), ('b8:27:eb:e7:50:37', [-87, -81, -83, -79, -77, -89, -91, -92]), ('b8:27:eb:63:a1:e3', [-82, -69, -56, -71, -73, -66, -68])]
08:51:08.047461,(-76,-70,-80),(-65,-51,-73),(-58,-49,-66),(-87,-80,-91),(-84,-73,-89),(-68,-54,-74)
[('b8:27:eb:b6:43:f8', [-80, -79, -79, -70, -71, -74]), ('b8:27:eb:d3:4c:7f', [-58, -63, -59, -71, -73, -73, -67, -51]), ('b8:27:eb:cd:4b:81', [-56, -65, -66, -49, -56, -56, -57]), ('b8:27:eb:ee:32:b8', [-90, -89, -85, -80, -91]), ('b8:27:eb:e7:50:37', [-82, -84, -79, -88, -73, -84, -88, -89]), ('b8:27:eb:63:a1:e3', [-71, -66, -70, -54, -72, -64, -74, -67])]
08:51:09.963778,(-76,-66,-82),(-56,-42,-67),(-54,-44,-57),(-92,-88,-98),(-79,-58,-90),(-65,-58,-75)
[('b8:27:eb:b6:43:f8', [-79, -77, -75, -76, -82, -66]), ('b8:27:eb:d3:4c:7f', [-51, -42, -67, -53, -53, -67, -56]), ('b8:27:eb:cd:4b:81', [-55, -44, -44, -56, -57, -57, -57, -57]), ('b8:27:eb:ee:32:b8', [-96, -92, -98, -89, -89, -88, -88, -89]), ('b8:27:eb:e7:50:37', [-76, -87, -87, -58, -72, -78, -90]), ('b8:27:eb:63:a1:e3', [-70, -69, -58, -75, -62, -59, -61, -59])]
08:51:11.882439,(-73,-57,-82),(-57,-47,-65),(-59,-56,-62),(-87,-83,-89),(-80,-66,-91),(-72,-58,-80)
[('b8:27:eb:b6:43:f8', [-81, -82, -82, -73, -66, -74, -73, -69, -57]), ('b8:27:eb:d3:4c:7f', [-65, -50, -50, -62, -62, -61, -47, -57]), ('b8:27:eb:cd:4b:81', [-58, -58, -59, -60, -59, -56, -58, -58, -62]), ('b8:27:eb:ee:32:b8', [-88, -88, -89, -88, -83, -85]), ('b8:27:eb:e7:50:37', [-85, -83, -83, -91, -73, -75, -66]), ('b8:27:eb:63:a1:e3', [-69, -75, -73, -58, -80, -71, -71, -73])]
08:51:13.786194,(-73,-59,-89),(-51,-39,-56),(-67,-55,-76),(-89,-73,-101),(-75,-66,-80),(-78,-66,-102)
[('b8:27:eb:b6:43:f8', [-87, -89, -59, -72, -68, -65, -70, -72]), ('b8:27:eb:d3:4c:7f', [-52, -39, -54, -54, -56, -46]), ('b8:27:eb:cd:4b:81', [-64, -61, -76, -73, -70, -67, -65, -55]), ('b8:27:eb:ee:32:b8', [-73, -88, -90, -92, -86, -101]), ('b8:27:eb:e7:50:37', [-75, -72, -76, -66, -79, -80]), ('b8:27:eb:63:a1:e3', [-72, -70, -66, -102, -77])]
08:51:15.704987,(-76,-68,-95),(-50,-38,-61),(-52,-44,-60),(-92,-84,-97),(-84,-79,-91),(-74,-65,-82)
[('b8:27:eb:b6:43:f8', [-68, -74, -70, -79, -68, -71, -95, -78, -79]), ('b8:27:eb:d3:4c:7f', [-61, -54, -60, -40, -54, -50, -45, -38, -51, -40]), ('b8:27:eb:cd:4b:81', [-53, -60, -46, -44, -56, -59, -44]), ('b8:27:eb:ee:32:b8', [-90, -84, -97, -91, -97]), ('b8:27:eb:e7:50:37', [-81, -79, -84, -91, -82]), ('b8:27:eb:63:a1:e3', [-79, -71, -82, -70, -74, -74, -71, -65])]
08:51:17.636670,(-77,-64,-86),(-62,-52,-70),(-63,-49,-75),(-87,-79,-93),(-80,-72,-85),(-72,-62,-81)
[('b8:27:eb:b6:43:f8', [-64, -68, -85, -77, -77, -86, -81]), ('b8:27:eb:d3:4c:7f', [-54, -52, -69, -57, -57, -59, -66, -69, -70, -61]), ('b8:27:eb:cd:4b:81', [-49, -59, -75, -49, -59, -64, -72, -70, -67]), ('b8:27:eb:ee:32:b8', [-87, -86, -79, -88, -93]), ('b8:27:eb:e7:50:37', [-72, -85, -80, -82]), ('b8:27:eb:63:a1:e3', [-81, -71, -71, -68, -62, -68, -76, -76])]
08:51:19.569070,(-74,-58,-89),(-68,-60,-83),(-54,-39,-69),(-87,-80,-91),(-79,-71,-85),(-73,-56,-81)
[('b8:27:eb:b6:43:f8', [-89, -75, -69, -81, -75, -69, -79, -58, -71]), ('b8:27:eb:d3:4c:7f', [-67, -83, -60, -60]), ('b8:27:eb:cd:4b:81', [-69, -54, -60, -52, -48, -57, -57, -39, -48, -55]), ('b8:27:eb:ee:32:b8', [-84, -80, -85, -91, -89, -90, -86, -86, -89]), ('b8:27:eb:e7:50:37', [-81, -85, -75, -81, -71, -78]), ('b8:27:eb:63:a1:e3', [-73, -71, -73, -75, -81, -77, -71, -56])]
08:51:21.538143,(-70,-62,-74),(-56,-43,-63),(-57,-47,-61),(-87,-76,-94),(-79,-72,-83),(-71,-54,-82)
[('b8:27:eb:b6:43:f8', [-70, -71, -74, -68, -62, -74, -70]), ('b8:27:eb:d3:4c:7f', [-43, -60, -58, -58, -63, -54, -55]), ('b8:27:eb:cd:4b:81', [-57, -54, -47, -60, -57, -57, -61]), ('b8:27:eb:ee:32:b8', [-89, -76, -90, -94, -92, -79]), ('b8:27:eb:e7:50:37', [-76, -79, -83, -77, -83, -72, -78, -83]), ('b8:27:eb:63:a1:e3', [-56, -82, -78, -79, -71, -54, -73, -68])]
08:51:23.462462,(-68,-56,-84),(-56,-34,-68),(-61,-44,-71),(-94,-85,-99),(-83,-76,-96),(-62,-51,-69)
[('b8:27:eb:b6:43:f8', [-66, -78, -57, -74, -56, -56, -69, -84, -72]), ('b8:27:eb:d3:4c:7f', [-55, -59, -55, -52, -34, -53, -63, -63, -68]), ('b8:27:eb:cd:4b:81', [-62, -63, -68, -55, -64, -63, -71, -63, -55, -44]), ('b8:27:eb:ee:32:b8', [-98, -85, -99, -94]), ('b8:27:eb:e7:50:37', [-96, -83, -80, -90, -79, -76, -79, -81]), ('b8:27:eb:63:a1:e3', [-51, -69, -57, -51, -67, -67, -69, -67, -59])]
08:51:25.355689,(-74,-56,-86),(-66,-60,-75),(-58,-43,-73),(-79,-71,-88),(-76,-64,-98),(-67,-56,-72)
[('b8:27:eb:b6:43:f8', [-67, -56, -80, -73, -86, -77, -75]), ('b8:27:eb:d3:4c:7f', [-62, -75, -64, -63, -67, -60, -65, -66]), ('b8:27:eb:cd:4b:81', [-54, -55, -43, -73, -67, -48, -57, -60, -60, -58]), ('b8:27:eb:ee:32:b8', [-77, -72, -88, -84, -71]), ('b8:27:eb:e7:50:37', [-79, -80, -64, -82, -98, -66, -66, -77, -70]), ('b8:27:eb:63:a1:e3', [-68, -71, -56, -64, -63, -72, -71])]
08:51:27.246675,(-76,-65,-86),(-53,-38,-69),(-57,-41,-73),(-91,-84,-97),(-81,-68,-96),(-69,-60,-76)
[('b8:27:eb:b6:43:f8', [-81, -65, -71, -78, -86, -66, -71, -85]), ('b8:27:eb:d3:4c:7f', [-69, -65, -56, -40, -54, -54, -47, -38]), ('b8:27:eb:cd:4b:81', [-41, -63, -44, -63, -49, -54, -58, -73, -65, -59]), ('b8:27:eb:ee:32:b8', [-84, -90, -91, -97, -93]), ('b8:27:eb:e7:50:37', [-96, -74, -82, -83, -79, -81, -68, -79]), ('b8:27:eb:63:a1:e3', [-72, -62, -76, -75, -60, -72, -73, -68, -62])]
08:51:29.142645,(-72,-67,-77),(-57,-47,-74),(-63,-57,-68),(-89,-77,-92),(-75,-64,-81),(-69,-57,-75)
[('b8:27:eb:b6:43:f8', [-77, -70, -70, -67, -68, -72, -73, -75]), ('b8:27:eb:d3:4c:7f', [-54, -65, -51, -74, -47, -55, -55, -53]), ('b8:27:eb:cd:4b:81', [-62, -61, -68, -65, -67, -60, -57]), ('b8:27:eb:ee:32:b8', [-92, -92, -77, -85, -91, -92, -90]), ('b8:27:eb:e7:50:37', [-77, -64, -73, -78, -81, -74]), ('b8:27:eb:63:a1:e3', [-57, -71, -75, -70, -68, -72, -69, -68, -68, -69])]
08:51:31.030127,(-64,-53,-97),(-58,-48,-81),(-61,-57,-63),(-88,-73,-98),(-80,-75,-84),(-71,-52,-82)
[('b8:27:eb:b6:43:f8', [-53, -58, -59, -97, -53, -53, -70]), ('b8:27:eb:d3:4c:7f', [-52, -53, -57, -48, -81, -52, -61]), ('b8:27:eb:cd:4b:81', [-63, -62, -62, -59, -59, -62, -57]), ('b8:27:eb:ee:32:b8', [-86, -98, -91, -89, -86, -73]), ('b8:27:eb:e7:50:37', [-84, -80, -79, -75, -80, -79]), ('b8:27:eb:63:a1:e3', [-68, -66, -82, -73, -62, -80, -81, -52])]
08:51:32.924447,(-75,-60,-86),(-61,-46,-74),(-58,-45,-67),(-88,-77,-96),(-77,-70,-88),(-70,-55,-77)
[('b8:27:eb:b6:43:f8', [-78, -75, -77, -76, -68, -86, -70, -79, -60]), ('b8:27:eb:d3:4c:7f', [-62, -66, -57, -56, -74, -46]), ('b8:27:eb:cd:4b:81', [-62, -52, -45, -57, -63, -55, -67]), ('b8:27:eb:ee:32:b8', [-77, -96, -92, -82, -91, -86]), ('b8:27:eb:e7:50:37', [-88, -73, -75, -78, -78, -70]), ('b8:27:eb:63:a1:e3', [-56, -71, -77, -74, -72, -77, -55, -72])]
08:51:34.818705,(-72,-60,-88),(-65,-56,-74),(-54,-42,-61),(-88,-75,-96),(-77,-62,-90),(-71,-65,-76)
[('b8:27:eb:b6:43:f8', [-69, -60, -75, -70, -72, -69, -88]), ('b8:27:eb:d3:4c:7f', [-68, -63, -72, -74, -56, -57]), ('b8:27:eb:cd:4b:81', [-61, -54, -53, -57, -42, -55, -52, -55, -56]), ('b8:27:eb:ee:32:b8', [-89, -75, -93, -85, -83, -92, -96]), ('b8:27:eb:e7:50:37', [-71, -79, -81, -67, -62, -90, -79, -76, -81]), ('b8:27:eb:63:a1:e3', [-76, -71, -73, -70, -66, -65, -71, -71, -72])]
08:51:36.718517,(-75,-60,-92),(-56,-41,-83),(-59,-42,-78),(-91,-87,-95),(-84,-77,-88),(-73,-65,-89)
[('b8:27:eb:b6:43:f8', [-71, -73, -70, -76, -76, -60, -92, -77]), ('b8:27:eb:d3:4c:7f', [-53, -83, -61, -44, -56, -51, -41, -57]), ('b8:27:eb:cd:4b:81', [-54, -55, -43, -42, -66, -52, -78, -64, -73, -62]), ('b8:27:eb:ee:32:b8', [-93, -95, -89, -87]), ('b8:27:eb:e7:50:37', [-88, -87, -82, -78, -82, -87, -86, -77]), ('b8:27:eb:63:a1:e3', [-71, -72, -67, -74, -75, -69, -89, -65])]
08:51:38.620085,(-72,-60,-80),(-63,-58,-76),(-55,-44,-62),(-90,-89,-92),(-81,-76,-89),(-67,-60,-71)
[('b8:27:eb:b6:43:f8', [-79, -71, -72, -63, -69, -71, -71, -80, -76, -60]), ('b8:27:eb:d3:4c:7f', [-62, -61, -59, -62, -59, -76, -58, -63]), ('b8:27:eb:cd:4b:81', [-47, -50, -56, -44, -61, -62, -58, -55, -57]), ('b8:27:eb:ee:32:b8', [-89, -90, -89, -92, -90]), ('b8:27:eb:e7:50:37', [-78, -77, -81, -76, -89, -84]), ('b8:27:eb:63:a1:e3', [-71, -64, -60, -67, -70])]
08:51:40.508665,(-76,-57,-88),(-65,-54,-71),(-60,-48,-72),(-84,-66,-93),(-70,-60,-77),(-72,-67,-75)
[('b8:27:eb:b6:43:f8', [-81, -72, -75, -69, -57, -88, -79, -75, -82]), ('b8:27:eb:d3:4c:7f', [-69, -71, -58, -63, -54, -70, -68]), ('b8:27:eb:cd:4b:81', [-55, -48, -61, -51, -64, -61, -65, -72]), ('b8:27:eb:ee:32:b8', [-66, -92, -83, -79, -85, -84, -86, -93]), ('b8:27:eb:e7:50:37', [-65, -77, -74, -69, -67, -70, -76, -60]), ('b8:27:eb:63:a1:e3', [-73, -68, -74, -71, -75, -67])]
08:51:42.402468,(-73,-58,-79),(-62,-50,-79),(-62,-58,-68),(-86,-82,-93),(-75,-68,-83),(-70,-67,-72)
[('b8:27:eb:b6:43:f8', [-76, -79, -79, -73, -76, -58, -69, -73]), ('b8:27:eb:d3:4c:7f', [-58, -50, -63, -79, -61, -50, -56, -68, -67, -66]), ('b8:27:eb:cd:4b:81', [-68, -58, -58, -62, -62, -62]), ('b8:27:eb:ee:32:b8', [-86, -84, -93, -85, -89, -82, -82]), ('b8:27:eb:e7:50:37', [-76, -76, -76, -70, -68, -83, -74, -77]), ('b8:27:eb:63:a1:e3', [-68, -71, -72, -67])]
08:51:44.310606,(-69,-53,-92),(-57,-37,-73),(-57,-48,-67),(-87,-81,-95),(-82,-76,-94),(-68,-57,-77)
[('b8:27:eb:b6:43:f8', [-78, -70, -59, -72, -56, -53, -92, -57, -78]), ('b8:27:eb:d3:4c:7f', [-37, -66, -52, -59, -55, -73, -56]), ('b8:27:eb:cd:4b:81', [-67, -65, -56, -48, -53, -53, -54]), ('b8:27:eb:ee:32:b8', [-84, -81, -95, -84, -89]), ('b8:27:eb:e7:50:37', [-94, -86, -79, -84, -77, -77, -79, -76, -82]), ('b8:27:eb:63:a1:e3', [-68, -61, -77, -69, -57, -70, -70, -69])]
08:51:46.250601,(-72,-62,-85),(-50,-32,-58),(-52,-40,-57),(-86,-74,-96),(-80,-74,-85),(-66,-50,-80)
[('b8:27:eb:b6:43:f8', [-68, -68, -66, -85, -79, -67, -62, -77]), ('b8:27:eb:d3:4c:7f', [-58, -43, -40, -57, -52, -51, -55, -55, -32]), ('b8:27:eb:cd:4b:81', [-55, -57, -47, -56, -57, -56, -42, -54, -53, -40]), ('b8:27:eb:ee:32:b8', [-82, -96, -92, -74, -87, -89, -80]), ('b8:27:eb:e7:50:37', [-77, -81, -74, -79, -79, -85, -82]), ('b8:27:eb:63:a1:e3', [-53, -67, -59, -75, -72, -73, -52, -71, -80, -50])]
08:51:48.188117,(-73,-66,-77),(-60,-43,-75),(-54,-42,-64),(-77,-70,-83),(-78,-68,-88),(-71,-57,-84)
[('b8:27:eb:b6:43:f8', [-74, -70, -75, -71, -77, -66]), ('b8:27:eb:d3:4c:7f', [-48, -55, -61, -43, -61, -67, -60, -75, -67]), ('b8:27:eb:cd:4b:81', [-54, -46, -42, -55, -55, -52, -55, -64, -57]), ('b8:27:eb:ee:32:b8', [-78, -83, -70, -74]), ('b8:27:eb:e7:50:37', [-88, -79, -68, -79, -80, -77, -72]), ('b8:27:eb:63:a1:e3', [-84, -74, -80, -57, -64, -68, -72, -62])]
08:51:50.125134,(-74,-68,-80),(-57,-46,-66),(-52,-43,-57),(-86,-77,-95),(-75,-66,-84),(-74,-53,-84)
[('b8:27:eb:b6:43:f8', [-79, -80, -77, -68, -78, -69, -69, -70]), ('b8:27:eb:d3:4c:7f', [-64, -48, -66, -63, -56, -60, -46, -46]), ('b8:27:eb:cd:4b:81', [-57, -45, -55, -56, -43]), ('b8:27:eb:ee:32:b8', [-83, -91, -77, -95, -82]), ('b8:27:eb:e7:50:37', [-70, -75, -71, -66, -84, -83]), ('b8:27:eb:63:a1:e3', [-84, -79, -53, -75, -84, -71, -77, -63])]
08:51:52.033854,(-72,-60,-77),(-52,-34,-67),(-57,-46,-66),(-88,-75,-95),(-75,-69,-81),(-70,-57,-77)
[('b8:27:eb:b6:43:f8', [-77, -71, -73, -71, -60, -76, -76]), ('b8:27:eb:d3:4c:7f', [-58, -55, -67, -47, -54, -45, -50, -34]), ('b8:27:eb:cd:4b:81', [-56, -62, -55, -66, -46, -57]), ('b8:27:eb:ee:32:b8', [-86, -92, -92, -75, -85, -95]), ('b8:27:eb:e7:50:37', [-73, -70, -77, -69, -79, -73, -81]), ('b8:27:eb:63:a1:e3', [-57, -66, -77, -71, -75, -72])]
08:51:53.964313,(-76,-54,-94),(-53,-37,-68),(-56,-44,-63),(-85,-74,-95),(-82,-74,-88),(-66,-56,-76)
[('b8:27:eb:b6:43:f8', [-67, -80, -78, -81, -94, -83, -82, -54, -61]), ('b8:27:eb:d3:4c:7f', [-54, -37, -54, -55, -46, -53, -55, -68]), ('b8:27:eb:cd:4b:81', [-44, -54, -58, -56, -56, -62, -59, -63, -44]), ('b8:27:eb:ee:32:b8', [-74, -95, -80, -83, -92]), ('b8:27:eb:e7:50:37', [-84, -79, -88, -85, -78, -81, -83, -74]), ('b8:27:eb:63:a1:e3', [-65, -56, -67, -56, -76, -76])]
08:51:55.859862,(-65,-52,-81),(-64,-42,-75),(-53,-37,-59),(-90,-84,-98),(-76,-69,-83),(-66,-53,-73)
[('b8:27:eb:b6:43:f8', [-69, -72, -61, -72, -81, -56, -72, -53, -58, -52]), ('b8:27:eb:d3:4c:7f', [-66, -60, -69, -74, -67, -57, -42, -75]), ('b8:27:eb:cd:4b:81', [-57, -48, -55, -37, -59, -55, -50, -58]), ('b8:27:eb:ee:32:b8', [-84, -98, -85, -92, -88, -86, -96]), ('b8:27:eb:e7:50:37', [-69, -74, -83, -80, -71]), ('b8:27:eb:63:a1:e3', [-66, -67, -69, -60, -68, -73, -53])]
08:51:57.748240,(-69,-59,-80),(-53,-44,-59),(-56,-46,-70),(-91,-87,-94),(-78,-70,-85),(-71,-54,-84)
[('b8:27:eb:b6:43:f8', [-69, -71, -73, -70, -66, -59, -80, -59, -72]), ('b8:27:eb:d3:4c:7f', [-57, -59, -50, -59, -44, -55, -46]), ('b8:27:eb:cd:4b:81', [-70, -50, -58, -52, -59, -46]), ('b8:27:eb:ee:32:b8', [-87, -92, -94]), ('b8:27:eb:e7:50:37', [-85, -70]), ('b8:27:eb:63:a1:e3', [-84, -73, -74, -78, -74, -74, -59, -63, -54])]
08:51:59.654961,(-73,-58,-80),(-59,-38,-81),(-61,-54,-67),(-87,-71,-97),(-80,-72,-88),(-74,-64,-82)
[('b8:27:eb:b6:43:f8', [-77, -78, -68, -58, -77, -80]), ('b8:27:eb:d3:4c:7f', [-58, -53, -44, -38, -62, -64, -81, -76, -51]), ('b8:27:eb:cd:4b:81', [-56, -55, -67, -54, -56, -66, -67, -67]), ('b8:27:eb:ee:32:b8', [-93, -86, -89, -97, -71, -85, -85]), ('b8:27:eb:e7:50:37', [-85, -88, -82, -72, -74, -75, -83]), ('b8:27:eb:63:a1:e3', [-82, -80, -76, -78, -64, -64])]
