08:38:58.330638,(-51,-39,-55),(-66,-57,-74),(-67,-59,-76),(-92,-90,-93),(-89,-79,-95),(-71,-63,-78)
[('b8:27:eb:b6:43:f8', [-40, -54, -55, -54, -42, -55, -55, -55, -39, -54]), ('b8:27:eb:d3:4c:7f', [-62, -73, -62, -71, -67, -67, -57, -74, -58]), ('b8:27:eb:cd:4b:81', [-59, -76, -61, -59, -70, -75]), ('b8:27:eb:ee:32:b8', [-90, -93, -91]), ('b8:27:eb:e7:50:37', [-79, -83, -92, -95, -87, -94]), ('b8:27:eb:63:a1:e3', [-63, -71, -73, -78, -69, -71, -69])]
08:39:00.253989,(-52,-42,-55),(-67,-56,-75),(-74,-63,-83),(-88,-80,-96),(-82,-66,-94),(-74,-70,-80)
[('b8:27:eb:b6:43:f8', [-55, -54, -54, -54, -54, -54, -43, -42]), ('b8:27:eb:d3:4c:7f', [-75, -67, -59, -73, -71, -72, -65, -56, -64]), ('b8:27:eb:cd:4b:81', [-71, -83, -69, -63, -77, -78, -77]), ('b8:27:eb:ee:32:b8', [-80, -84, -96, -90, -85, -91]), ('b8:27:eb:e7:50:37', [-90, -80, -91, -66, -94, -81, -78, -74]), ('b8:27:eb:63:a1:e3', [-70, -70, -73, -78, -71, -79, -80, -70])]
08:39:02.221274,(-58,-43,-72),(-67,-50,-84),(-70,-58,-77),(-91,-83,-96),(-87,-80,-92),(-69,-57,-77)
[('b8:27:eb:b6:43:f8', [-57, -57, -61, -43, -56, -66, -72, -48]), ('b8:27:eb:d3:4c:7f', [-62, -74, -59, -50, -74, -84, -68, -60]), ('b8:27:eb:cd:4b:81', [-75, -62, -58, -77, -67, -71, -69, -67, -77]), ('b8:27:eb:ee:32:b8', [-85, -83, -96, -91, -90, -94, -93, -89]), ('b8:27:eb:e7:50:37', [-80, -84, -88, -84, -92, -90]), ('b8:27:eb:63:a1:e3', [-57, -75, -59, -59, -74, -77, -71, -75])]
08:39:04.136172,(-58,-46,-68),(-61,-48,-70),(-69,-58,-74),(-90,-85,-94),(-85,-74,-93),(-74,-53,-88)
[('b8:27:eb:b6:43:f8', [-68, -64, -56, -55, -58, -46]), ('b8:27:eb:d3:4c:7f', [-55, -48, -67, -70, -55, -60, -66, -55, -70, -64]), ('b8:27:eb:cd:4b:81', [-63, -72, -74, -65, -72, -58, -74, -71, -71]), ('b8:27:eb:ee:32:b8', [-85, -94]), ('b8:27:eb:e7:50:37', [-89, -79, -81, -93, -84, -89, -86, -74, -86]), ('b8:27:eb:63:a1:e3', [-62, -88, -53, -85, -65, -79, -84])]
08:39:06.069798,(-59,-44,-73),(-65,-49,-78),(-71,-54,-86),(-95,-91,-99),(-82,-74,-92),(-73,-61,-79)
[('b8:27:eb:b6:43:f8', [-65, -48, -44, -56, -63, -62, -60, -73]), ('b8:27:eb:d3:4c:7f', [-58, -69, -78, -59, -76, -74, -66, -52, -67, -49]), ('b8:27:eb:cd:4b:81', [-86, -54, -71, -70, -74, -71, -77, -74, -69, -62]), ('b8:27:eb:ee:32:b8', [-91, -93, -94, -99]), ('b8:27:eb:e7:50:37', [-81, -80, -92, -74]), ('b8:27:eb:63:a1:e3', [-72, -79, -66, -76, -74, -61, -77, -74, -73, -74])]
08:39:07.963927,(-62,-47,-71),(-67,-48,-75),(-65,-53,-79),(-89,-78,-94),(-79,-72,-84),(-73,-62,-78)
[('b8:27:eb:b6:43:f8', [-67, -65, -52, -66, -71, -47, -62, -63]), ('b8:27:eb:d3:4c:7f', [-71, -75, -72, -71, -71, -61, -48, -64]), ('b8:27:eb:cd:4b:81', [-67, -77, -69, -54, -79, -58, -60, -53, -67]), ('b8:27:eb:ee:32:b8', [-86, -92, -90, -94, -78, -91, -86]), ('b8:27:eb:e7:50:37', [-82, -79, -77, -72, -79, -84, -77]), ('b8:27:eb:63:a1:e3', [-71, -69, -76, -77, -72, -62, -72, -78, -77])]
08:39:09.897576,(-60,-51,-70),(-72,-64,-78),(-69,-56,-77),(-90,-86,-94),(-78,-63,-103),(-73,-67,-78)
[('b8:27:eb:b6:43:f8', [-59, -51, -70, -68, -54, -60, -55]), ('b8:27:eb:d3:4c:7f', [-64, -72, -71, -75, -70, -71, -70, -78]), ('b8:27:eb:cd:4b:81', [-70, -71, -72, -68, -56, -67, -77]), ('b8:27:eb:ee:32:b8', [-89, -94, -86]), ('b8:27:eb:e7:50:37', [-80, -63, -66, -76, -79, -75, -75, -77, -103]), ('b8:27:eb:63:a1:e3', [-73, -74, -69, -68, -72, -78, -67, -73, -75])]
08:39:11.832515,(-65,-54,-75),(-68,-55,-76),(-71,-63,-78),(-94,-88,-97),(-79,-62,-87),(-70,-52,-84)
[('b8:27:eb:b6:43:f8', [-54, -65, -56, -65, -67, -75, -64, -67, -70]), ('b8:27:eb:d3:4c:7f', [-69, -69, -74, -71, -70, -56, -55, -76, -72]), ('b8:27:eb:cd:4b:81', [-71, -68, -75, -78, -73, -68, -63]), ('b8:27:eb:ee:32:b8', [-95, -88, -94, -97, -93]), ('b8:27:eb:e7:50:37', [-75, -84, -81, -84, -78, -87, -75, -62]), ('b8:27:eb:63:a1:e3', [-69, -75, -52, -79, -70, -74, -62, -72, -60, -84])]
08:39:13.767577,(-65,-48,-78),(-67,-55,-83),(-66,-52,-78),(-93,-89,-100),(-74,-60,-87),(-71,-59,-81)
[('b8:27:eb:b6:43:f8', [-71, -60, -78, -65, -64, -65, -48]), ('b8:27:eb:d3:4c:7f', [-74, -83, -55, -69, -59, -65, -59, -66]), ('b8:27:eb:cd:4b:81', [-73, -52, -73, -55, -78, -54, -72, -65]), ('b8:27:eb:ee:32:b8', [-92, -89, -91, -91, -96, -92, -100]), ('b8:27:eb:e7:50:37', [-77, -72, -87, -77, -73, -73, -60, -67]), ('b8:27:eb:63:a1:e3', [-64, -77, -59, -72, -61, -73, -81, -74])]
08:39:15.695398,(-68,-56,-72),(-67,-50,-78),(-72,-61,-79),(-90,-78,-98),(-84,-81,-86),(-73,-62,-83)
[('b8:27:eb:b6:43:f8', [-71, -56, -63, -69, -72, -67, -71, -70]), ('b8:27:eb:d3:4c:7f', [-71, -66, -62, -77, -61, -50, -71, -68, -58, -78]), ('b8:27:eb:cd:4b:81', [-79, -73, -75, -61, -70, -73, -69, -79, -69]), ('b8:27:eb:ee:32:b8', [-89, -78, -97, -89, -93, -85, -98]), ('b8:27:eb:e7:50:37', [-82, -83, -82, -81, -86, -85, -85]), ('b8:27:eb:63:a1:e3', [-77, -62, -70, -69, -77, -71, -72, -83])]
08:39:17.593591,(-60,-45,-70),(-73,-64,-82),(-75,-56,-96),(-94,-87,-100),(-82,-66,-90),(-75,-57,-89)
[('b8:27:eb:b6:43:f8', [-49, -45, -65, -63, -63, -70]), ('b8:27:eb:d3:4c:7f', [-72, -64, -66, -81, -72, -82, -74]), ('b8:27:eb:cd:4b:81', [-70, -84, -69, -73, -81, -69, -56, -96, -74]), ('b8:27:eb:ee:32:b8', [-100, -87, -93, -95]), ('b8:27:eb:e7:50:37', [-76, -90, -66, -83, -87, -84, -85]), ('b8:27:eb:63:a1:e3', [-70, -77, -57, -59, -86, -78, -87, -89, -74, -66])]
08:39:19.484193,(-69,-53,-79),(-62,-48,-79),(-72,-58,-83),(-83,-79,-86),(-82,-65,-94),(-77,-74,-81)
[('b8:27:eb:b6:43:f8', [-69, -69, -62, -73, -53, -78, -79, -64, -64, -73]), ('b8:27:eb:d3:4c:7f', [-54, -48, -58, -58, -68, -68, -79]), ('b8:27:eb:cd:4b:81', [-82, -83, -58, -73, -59, -69, -70, -78]), ('b8:27:eb:ee:32:b8', [-79, -86, -84]), ('b8:27:eb:e7:50:37', [-81, -73, -78, -88, -86, -65, -90, -94]), ('b8:27:eb:63:a1:e3', [-74, -75, -81, -77, -81, -75, -75])]
08:39:21.409613,(-53,-43,-67),(-72,-58,-82),(-71,-57,-85),(-92,-84,-103),(-82,-69,-94),(-75,-70,-83)
[('b8:27:eb:b6:43:f8', [-67, -62, -53, -46, -54, -43, -43, -57, -49, -47]), ('b8:27:eb:d3:4c:7f', [-73, -72, -82, -72, -72, -58, -76, -67]), ('b8:27:eb:cd:4b:81', [-68, -85, -84, -64, -80, -57, -62, -66]), ('b8:27:eb:ee:32:b8', [-89, -103, -84]), ('b8:27:eb:e7:50:37', [-84, -94, -83, -75, -83, -69]), ('b8:27:eb:63:a1:e3', [-73, -77, -73, -75, -83, -70, -73, -76])]
08:39:23.307015,(-55,-52,-62),(-73,-57,-85),(-69,-58,-80),(-99,-94,-103),(-88,-77,-101),(-78,-69,-85)
[('b8:27:eb:b6:43:f8', [-52, -55, -62, -54, -55, -53, -52]), ('b8:27:eb:d3:4c:7f', [-70, -72, -85, -57, -72, -77, -71, -79]), ('b8:27:eb:cd:4b:81', [-58, -71, -59, -62, -70, -80, -72, -79, -69]), ('b8:27:eb:ee:32:b8', [-94, -94, -102, -103]), ('b8:27:eb:e7:50:37', [-84, -101, -96, -81, -94, -91, -79, -77]), ('b8:27:eb:63:a1:e3', [-82, -76, -85, -69, -73, -74, -82])]
08:39:25.265704,(-56,-40,-68),(-75,-60,-85),(-75,-58,-84),(-96,-95,-97),(-85,-70,-99),(-72,-59,-79)
[('b8:27:eb:b6:43:f8', [-68, -42, -40, -55, -56, -61, -64, -62]), ('b8:27:eb:d3:4c:7f', [-78, -71, -85, -77, -75, -60]), ('b8:27:eb:cd:4b:81', [-80, -73, -70, -84, -79, -72, -58, -79]), ('b8:27:eb:ee:32:b8', [-96, -96, -97, -96, -95]), ('b8:27:eb:e7:50:37', [-98, -81, -99, -70, -79, -80, -88, -82]), ('b8:27:eb:63:a1:e3', [-78, -59, -78, -77, -79, -66, -77, -59])]
08:39:27.232746,(-59,-49,-70),(-69,-48,-79),(-74,-66,-81),(-96,-92,-100),(-87,-70,-97),(-70,-58,-80)
[('b8:27:eb:b6:43:f8', [-70, -54, -65, -68, -49, -54, -53]), ('b8:27:eb:d3:4c:7f', [-71, -48, -70, -79, -71, -70, -69, -64, -77, -66]), ('b8:27:eb:cd:4b:81', [-71, -81, -73, -72, -81, -72, -72, -66, -72]), ('b8:27:eb:ee:32:b8', [-100, -95, -92]), ('b8:27:eb:e7:50:37', [-87, -91, -97, -95, -80, -70, -87, -90, -81]), ('b8:27:eb:63:a1:e3', [-61, -73, -80, -74, -74, -60, -71, -75, -58])]
08:39:29.158899,(-60,-55,-72),(-65,-50,-76),(-70,-59,-75),(-89,-88,-89),(-87,-83,-91),(-68,-56,-75)
[('b8:27:eb:b6:43:f8', [-55, -56, -61, -59, -55, -56, -62, -72, -66, -57]), ('b8:27:eb:d3:4c:7f', [-50, -63, -73, -57, -76, -73, -63]), ('b8:27:eb:cd:4b:81', [-69, -70, -68, -71, -73, -72, -75, -59]), ('b8:27:eb:ee:32:b8', [-88, -89]), ('b8:27:eb:e7:50:37', [-85, -85, -87, -91, -83, -87]), ('b8:27:eb:63:a1:e3', [-70, -72, -73, -73, -56, -75, -65, -63, -57, -74])]
08:39:31.089716,(-56,-49,-62),(-64,-52,-73),(-70,-61,-85),(-90,-78,-94),(-84,-72,-93),(-74,-50,-92)
[('b8:27:eb:b6:43:f8', [-55, -58, -62, -55, -55, -49, -57, -52, -59]), ('b8:27:eb:d3:4c:7f', [-71, -72, -68, -52, -55, -55, -73, -67, -60]), ('b8:27:eb:cd:4b:81', [-85, -63, -70, -61, -71, -67, -70, -71, -71]), ('b8:27:eb:ee:32:b8', [-93, -90, -90, -92, -94, -78]), ('b8:27:eb:e7:50:37', [-72, -78, -86, -90, -81, -93, -78, -87]), ('b8:27:eb:63:a1:e3', [-50, -60, -73, -83, -92, -78, -70, -79, -76, -73])]
08:39:33.021132,(-56,-44,-65),(-63,-49,-70),(-73,-58,-83),(-94,-84,-101),(-82,-77,-87),(-75,-62,-85)
[('b8:27:eb:b6:43:f8', [-44, -65, -49, -61, -55, -56, -57, -57]), ('b8:27:eb:d3:4c:7f', [-49, -65, -68, -69, -63, -70, -52, -66, -62]), ('b8:27:eb:cd:4b:81', [-77, -58, -74, -83, -82, -67, -72, -70, -67, -75]), ('b8:27:eb:ee:32:b8', [-93, -99, -84, -93, -94, -101]), ('b8:27:eb:e7:50:37', [-80, -80, -87, -83, -83, -77, -78]), ('b8:27:eb:63:a1:e3', [-72, -73, -62, -83, -71, -85])]
08:39:34.942178,(-58,-44,-71),(-62,-56,-72),(-70,-53,-83),(-94,-84,-99),(-83,-68,-94),(-74,-70,-80)
[('b8:27:eb:b6:43:f8', [-52, -54, -71, -55, -44, -65, -61, -52, -66]), ('b8:27:eb:d3:4c:7f', [-62, -72, -60, -56, -59, -60, -64]), ('b8:27:eb:cd:4b:81', [-70, -83, -69, -53, -76, -69, -68]), ('b8:27:eb:ee:32:b8', [-96, -86, -96, -99, -99, -96, -84, -95]), ('b8:27:eb:e7:50:37', [-68, -84, -76, -79, -90, -94, -84, -82, -81, -86]), ('b8:27:eb:63:a1:e3', [-78, -70, -73, -80, -72, -73, -76, -71, -72])]
08:39:36.849618,(-63,-50,-74),(-68,-57,-72),(-76,-70,-86),(-82,-79,-85),(-79,-63,-88),(-77,-68,-90)
[('b8:27:eb:b6:43:f8', [-74, -50, -66, -69, -60, -58, -54, -73, -63]), ('b8:27:eb:d3:4c:7f', [-70, -72, -57, -71, -68, -66, -70]), ('b8:27:eb:cd:4b:81', [-75, -76, -72, -86, -70, -81, -73, -75, -74]), ('b8:27:eb:ee:32:b8', [-85, -79]), ('b8:27:eb:e7:50:37', [-87, -78, -63, -73, -88, -85, -80, -71]), ('b8:27:eb:63:a1:e3', [-80, -90, -71, -76, -74, -82, -75, -68, -75])]
08:39:38.795444,(-67,-60,-71),(-63,-55,-72),(-71,-56,-77),(-91,-80,-95),(-79,-71,-87),(-73,-69,-77)
[('b8:27:eb:b6:43:f8', [-71, -61, -71, -70, -60, -65, -71, -70, -60]), ('b8:27:eb:d3:4c:7f', [-57, -72, -57, -68, -70, -55, -67, -56]), ('b8:27:eb:cd:4b:81', [-74, -77, -61, -76, -56, -74, -74]), ('b8:27:eb:ee:32:b8', [-95, -80, -91, -92, -89, -91, -91, -95]), ('b8:27:eb:e7:50:37', [-73, -71, -80, -72, -82, -79, -79, -80, -85, -87]), ('b8:27:eb:63:a1:e3', [-69, -77, -69, -74, -71, -76, -72, -71])]
08:39:40.766668,(-62,-45,-73),(-71,-58,-80),(-81,-71,-92),(-92,-84,-101),(-82,-70,-94),(-72,-59,-78)
[('b8:27:eb:b6:43:f8', [-58, -66, -67, -45, -57, -73, -62, -64]), ('b8:27:eb:d3:4c:7f', [-58, -73, -76, -59, -70, -73, -71, -72, -80, -71]), ('b8:27:eb:cd:4b:81', [-78, -89, -92, -73, -82, -88, -76, -76, -71]), ('b8:27:eb:ee:32:b8', [-101, -84, -91]), ('b8:27:eb:e7:50:37', [-89, -94, -90, -80, -72, -70, -78]), ('b8:27:eb:63:a1:e3', [-74, -78, -78, -75, -75, -59, -77, -60])]
08:39:42.728806,(-62,-46,-72),(-69,-60,-73),(-75,-70,-80),(-95,-94,-96),(-81,-70,-88),(-75,-59,-83)
[('b8:27:eb:b6:43:f8', [-56, -56, -65, -63, -62, -68, -46, -70, -72]), ('b8:27:eb:d3:4c:7f', [-71, -66, -69, -73, -71, -69, -66, -60]), ('b8:27:eb:cd:4b:81', [-79, -73, -70, -80, -72, -74, -73, -74, -79]), ('b8:27:eb:ee:32:b8', [-96, -94, -95]), ('b8:27:eb:e7:50:37', [-82, -88, -83, -83, -84, -77, -79, -70, -73, -83]), ('b8:27:eb:63:a1:e3', [-81, -70, -81, -64, -83, -59, -75, -74, -81])]
08:39:44.615072,(-64,-49,-70),(-67,-55,-80),(-76,-61,-85),(-90,-84,-94),(-85,-70,-96),(-77,-73,-79)
[('b8:27:eb:b6:43:f8', [-49, -70, -55, -67, -53, -69, -68, -69, -68]), ('b8:27:eb:d3:4c:7f', [-80, -79, -70, -69, -62, -55, -70, -55, -63]), ('b8:27:eb:cd:4b:81', [-75, -73, -75, -70, -79, -85, -82, -61, -78, -80]), ('b8:27:eb:ee:32:b8', [-94, -84, -91]), ('b8:27:eb:e7:50:37', [-86, -77, -80, -94, -70, -96, -91, -85]), ('b8:27:eb:63:a1:e3', [-76, -78, -76, -73, -78, -79, -75, -78, -79])]
08:39:46.585267,(-67,-49,-76),(-72,-63,-82),(-80,-72,-93),(-90,-85,-96),(-88,-80,-95),(-82,-78,-86)
[('b8:27:eb:b6:43:f8', [-69, -68, -69, -70, -67, -74, -76, -49, -61]), ('b8:27:eb:d3:4c:7f', [-63, -72, -69, -69, -70, -68, -82, -78, -67, -75]), ('b8:27:eb:cd:4b:81', [-72, -75, -79, -82, -80, -73, -91, -93, -75, -76]), ('b8:27:eb:ee:32:b8', [-96, -85, -91, -88]), ('b8:27:eb:e7:50:37', [-87, -80, -95, -93, -92, -92, -81, -81]), ('b8:27:eb:63:a1:e3', [-79, -84, -83, -86, -83, -84, -79, -80, -78, -81])]
08:39:48.474020,(-56,-41,-62),(-70,-62,-74),(-78,-68,-89),(-93,-84,-100),(-87,-78,-98),(-73,-57,-83)
[('b8:27:eb:b6:43:f8', [-62, -53, -62, -62, -62, -47, -60, -41, -57, -53]), ('b8:27:eb:d3:4c:7f', [-72, -73, -65, -62, -68, -73, -74, -71, -71, -63]), ('b8:27:eb:cd:4b:81', [-75, -81, -69, -85, -89, -80, -76, -68]), ('b8:27:eb:ee:32:b8', [-84, -100, -96, -91]), ('b8:27:eb:e7:50:37', [-78, -87, -95, -81, -98, -82, -88]), ('b8:27:eb:63:a1:e3', [-82, -83, -75, -73, -70, -57, -70, -73])]
08:39:50.436634,(-54,-40,-65),(-66,-47,-76),(-71,-60,-80),(-89,-79,-95),(-85,-76,-91),(-70,-57,-78)
[('b8:27:eb:b6:43:f8', [-56, -40, -57, -44, -63, -49, -50, -60, -65]), ('b8:27:eb:d3:4c:7f', [-76, -61, -73, -71, -71, -58, -67, -59, -47, -72]), ('b8:27:eb:cd:4b:81', [-80, -68, -60, -62, -67, -69, -70, -71, -78, -79]), ('b8:27:eb:ee:32:b8', [-92, -88, -89, -79, -87, -95]), ('b8:27:eb:e7:50:37', [-91, -83, -80, -76, -90, -89, -80, -85]), ('b8:27:eb:63:a1:e3', [-69, -69, -57, -69, -78, -69, -74, -76, -72, -59])]
08:39:52.324690,(-61,-44,-89),(-67,-58,-77),(-67,-49,-75),(-87,-80,-95),(-82,-73,-89),(-79,-71,-93)
[('b8:27:eb:b6:43:f8', [-59, -58, -67, -63, -44, -57, -89, -63, -44]), ('b8:27:eb:d3:4c:7f', [-69, -58, -62, -64, -69, -77]), ('b8:27:eb:cd:4b:81', [-66, -61, -49, -75, -71, -56, -74, -70, -73, -72]), ('b8:27:eb:ee:32:b8', [-80, -82, -87, -95, -89]), ('b8:27:eb:e7:50:37', [-80, -82, -73, -81, -80, -82, -89, -88]), ('b8:27:eb:63:a1:e3', [-74, -78, -74, -72, -71, -93, -87])]
08:39:54.225930,(-53,-40,-64),(-68,-54,-76),(-75,-66,-84),(-94,-92,-97),(-88,-81,-96),(-72,-59,-77)
[('b8:27:eb:b6:43:f8', [-55, -56, -56, -40, -40, -54, -52, -64]), ('b8:27:eb:d3:4c:7f', [-68, -76, -73, -74, -64, -56, -54, -73]), ('b8:27:eb:cd:4b:81', [-72, -84, -69, -76, -77, -78, -74, -66]), ('b8:27:eb:ee:32:b8', [-92, -93, -94, -97]), ('b8:27:eb:e7:50:37', [-85, -86, -94, -82, -92, -96, -81, -91, -81]), ('b8:27:eb:63:a1:e3', [-77, -75, -75, -75, -73, -62, -74, -59])]
08:39:56.138569,(-52,-41,-67),(-64,-49,-75),(-69,-54,-82),(-93,-86,-100),(-80,-76,-83),(-74,-55,-85)
[('b8:27:eb:b6:43:f8', [-52, -55, -67, -55, -47, -53, -53, -41, -45]), ('b8:27:eb:d3:4c:7f', [-53, -71, -49, -67, -56, -71, -75]), ('b8:27:eb:cd:4b:81', [-68, -67, -69, -67, -54, -72, -69, -69, -82]), ('b8:27:eb:ee:32:b8', [-90, -100, -96, -90, -91, -86, -96]), ('b8:27:eb:e7:50:37', [-77, -76, -80, -81, -83]), ('b8:27:eb:63:a1:e3', [-66, -76, -78, -85, -72, -77, -55, -78, -76])]
08:39:58.100951,(-47,-16,-60),(-68,-60,-80),(-74,-52,-88),(-95,-88,-100),(-80,-71,-90),(-74,-59,-89)
[('b8:27:eb:b6:43:f8', [-16, -47, -50, -54, -41, -57, -60]), ('b8:27:eb:d3:4c:7f', [-60, -62, -68, -75, -80, -60]), ('b8:27:eb:cd:4b:81', [-75, -67, -64, -52, -88, -80, -76, -86]), ('b8:27:eb:ee:32:b8', [-94, -95, -95, -88, -100]), ('b8:27:eb:e7:50:37', [-71, -80, -90, -78, -73, -83, -82]), ('b8:27:eb:63:a1:e3', [-59, -80, -69, -89, -74, -66, -76])]
08:40:00.012299,(-59,-49,-67),(-64,-53,-78),(-70,-55,-80),(-96,-90,-99),(-82,-65,-96),(-72,-59,-84)
[('b8:27:eb:b6:43:f8', [-67, -57, -57, -49, -67, -56, -59]), ('b8:27:eb:d3:4c:7f', [-72, -78, -66, -60, -53, -53]), ('b8:27:eb:cd:4b:81', [-80, -74, -73, -63, -67, -75, -55, -70]), ('b8:27:eb:ee:32:b8', [-90, -90, -98, -97, -95, -97, -99]), ('b8:27:eb:e7:50:37', [-87, -65, -94, -77, -96, -76, -79]), ('b8:27:eb:63:a1:e3', [-59, -81, -69, -69, -84, -59, -82])]
08:40:01.916295,(-66,-63,-71),(-73,-67,-78),(-66,-54,-74),(-94,-86,-97),(-86,-80,-96),(-73,-67,-78)
[('b8:27:eb:b6:43:f8', [-64, -67, -71, -63, -64, -63]), ('b8:27:eb:d3:4c:7f', [-78, -77, -67, -67, -72, -78, -70]), ('b8:27:eb:cd:4b:81', [-68, -69, -74, -68, -60, -54]), ('b8:27:eb:ee:32:b8', [-94, -97, -94, -95, -86, -94]), ('b8:27:eb:e7:50:37', [-82, -85, -96, -86, -86, -82, -80]), ('b8:27:eb:63:a1:e3', [-76, -68, -78, -68, -72, -67, -76, -72, -73, -71])]
08:40:03.848508,(-58,-43,-76),(-71,-56,-87),(-68,-55,-74),(-92,-86,-97),(-88,-83,-97),(-78,-72,-84)
[('b8:27:eb:b6:43:f8', [-62, -67, -50, -76, -49, -43]), ('b8:27:eb:d3:4c:7f', [-56, -69, -69, -87, -78, -60, -70, -72, -71]), ('b8:27:eb:cd:4b:81', [-65, -63, -74, -70, -70, -71, -72, -55]), ('b8:27:eb:ee:32:b8', [-95, -86, -94, -90, -89, -97, -92]), ('b8:27:eb:e7:50:37', [-88, -83, -97, -83]), ('b8:27:eb:63:a1:e3', [-72, -83, -82, -80, -75, -76, -73, -84, -75, -75])]
08:40:05.743617,(-53,-39,-72),(-70,-55,-87),(-71,-51,-82),(-90,-87,-91),(-80,-67,-85),(-73,-58,-82)
[('b8:27:eb:b6:43:f8', [-44, -63, -54, -72, -49, -49, -39, -41, -63]), ('b8:27:eb:d3:4c:7f', [-76, -76, -69, -70, -87, -55, -68, -65, -64]), ('b8:27:eb:cd:4b:81', [-77, -80, -65, -51, -82, -69, -71, -67, -65, -79]), ('b8:27:eb:ee:32:b8', [-89, -91, -90, -91, -87, -90]), ('b8:27:eb:e7:50:37', [-81, -83, -67, -76, -83, -85]), ('b8:27:eb:63:a1:e3', [-75, -82, -58, -70, -75, -77, -63, -78])]
08:40:07.657796,(-71,-62,-79),(-70,-51,-79),(-68,-53,-80),(-91,-83,-96),(-83,-73,-89),(-72,-54,-78)
[('b8:27:eb:b6:43:f8', [-71, -70, -71, -76, -62, -79, -63]), ('b8:27:eb:d3:4c:7f', [-72, -79, -51, -74, -72, -67]), ('b8:27:eb:cd:4b:81', [-68, -69, -80, -72, -66, -56, -53, -74]), ('b8:27:eb:ee:32:b8', [-94, -83, -88, -96]), ('b8:27:eb:e7:50:37', [-87, -87, -77, -83, -73, -84, -89, -80]), ('b8:27:eb:63:a1:e3', [-67, -78, -74, -78, -77, -74, -72, -73, -54, -72])]
08:40:09.612364,(-65,-49,-90),(-65,-55,-76),(-66,-56,-80),(-91,-82,-96),(-76,-62,-83),(-77,-68,-91)
[('b8:27:eb:b6:43:f8', [-61, -53, -63, -62, -49, -57, -82, -90, -66]), ('b8:27:eb:d3:4c:7f', [-70, -55, -65, -76, -59, -61]), ('b8:27:eb:cd:4b:81', [-57, -56, -66, -58, -63, -72, -71, -80, -68]), ('b8:27:eb:ee:32:b8', [-87, -82, -92, -90, -91, -93, -96]), ('b8:27:eb:e7:50:37', [-80, -83, -62, -82, -73, -80, -67, -76]), ('b8:27:eb:63:a1:e3', [-75, -68, -72, -82, -78, -91, -73, -77])]
08:40:11.518495,(-70,-60,-77),(-66,-59,-71),(-65,-52,-72),(-89,-79,-94),(-80,-78,-82),(-69,-53,-73)
[('b8:27:eb:b6:43:f8', [-70, -60, -61, -65, -69, -77, -77, -70, -77]), ('b8:27:eb:d3:4c:7f', [-62, -69, -59, -65, -71, -69, -61]), ('b8:27:eb:cd:4b:81', [-70, -52, -72, -67, -62, -68, -64, -61, -61]), ('b8:27:eb:ee:32:b8', [-93, -84, -92, -79, -94, -82, -94]), ('b8:27:eb:e7:50:37', [-79, -81, -78, -82, -80]), ('b8:27:eb:63:a1:e3', [-63, -73, -73, -70, -72, -67, -71, -72, -53])]
08:40:13.437962,(-65,-57,-73),(-66,-49,-73),(-73,-64,-81),(-92,-86,-97),(-82,-77,-91),(-70,-60,-77)
[('b8:27:eb:b6:43:f8', [-71, -73, -67, -58, -59, -59, -64, -57, -70]), ('b8:27:eb:d3:4c:7f', [-71, -49, -62, -54, -73, -73, -68, -72]), ('b8:27:eb:cd:4b:81', [-75, -64, -72, -81, -72, -74, -70]), ('b8:27:eb:ee:32:b8', [-86, -94, -90, -97]), ('b8:27:eb:e7:50:37', [-79, -80, -91, -79, -77, -82, -83]), ('b8:27:eb:63:a1:e3', [-70, -61, -76, -74, -71, -68, -77, -60, -71, -70])]
08:40:15.363708,(-59,-47,-69),(-66,-48,-76),(-69,-54,-82),(-92,-86,-97),(-74,-61,-82),(-77,-71,-94)
[('b8:27:eb:b6:43:f8', [-69, -56, -60, -47, -53, -56, -64, -63, -62]), ('b8:27:eb:d3:4c:7f', [-70, -64, -48, -70, -76, -62, -73, -72, -58, -67]), ('b8:27:eb:cd:4b:81', [-81, -72, -72, -59, -54, -70, -72, -71, -57, -82]), ('b8:27:eb:ee:32:b8', [-93, -86, -89, -97, -96, -94, -87]), ('b8:27:eb:e7:50:37', [-77, -61, -80, -76, -61, -73, -80, -82]), ('b8:27:eb:63:a1:e3', [-75, -81, -78, -79, -94, -72, -71, -75, -73, -72])]
08:40:17.297893,(-69,-55,-83),(-67,-56,-77),(-62,-56,-70),(-90,-80,-99),(-83,-71,-98),(-70,-56,-85)
[('b8:27:eb:b6:43:f8', [-63, -75, -69, -83, -60, -68, -68, -80, -55]), ('b8:27:eb:d3:4c:7f', [-76, -77, -72, -56, -57, -62, -62, -68]), ('b8:27:eb:cd:4b:81', [-56, -56, -67, -59, -70, -64]), ('b8:27:eb:ee:32:b8', [-89, -91, -91, -89, -80, -91, -99]), ('b8:27:eb:e7:50:37', [-98, -92, -81, -84, -78, -88, -77, -71, -84, -77]), ('b8:27:eb:63:a1:e3', [-85, -71, -71, -56, -68, -62, -73, -68])]
08:40:19.235503,(-68,-46,-77),(-68,-62,-73),(-66,-51,-75),(-89,-79,-93),(-81,-74,-94),(-76,-65,-83)
[('b8:27:eb:b6:43:f8', [-70, -57, -71, -77, -71, -76, -72, -68, -64, -46]), ('b8:27:eb:d3:4c:7f', [-68, -66, -62, -66, -67, -68, -73]), ('b8:27:eb:cd:4b:81', [-54, -51, -72, -65, -72, -67, -68, -75]), ('b8:27:eb:ee:32:b8', [-89, -79, -93, -88, -91, -89]), ('b8:27:eb:e7:50:37', [-80, -74, -80, -77, -78, -94]), ('b8:27:eb:63:a1:e3', [-68, -77, -80, -71, -79, -80, -72, -83, -65, -79])]
08:40:21.170365,(-67,-59,-87),(-69,-54,-77),(-71,-54,-81),(-91,-86,-95),(-75,-65,-85),(-71,-62,-80)
[('b8:27:eb:b6:43:f8', [-71, -62, -68, -87, -59, -65, -65, -59]), ('b8:27:eb:d3:4c:7f', [-71, -65, -61, -74, -74, -77, -54, -72]), ('b8:27:eb:cd:4b:81', [-81, -54, -71, -73, -76, -70, -67]), ('b8:27:eb:ee:32:b8', [-86, -95, -87, -90, -95, -91]), ('b8:27:eb:e7:50:37', [-67, -85, -65, -85, -66, -77, -81, -69]), ('b8:27:eb:63:a1:e3', [-71, -62, -73, -80, -72, -74, -66, -62, -70, -75])]
08:40:23.124889,(-75,-69,-88),(-64,-49,-77),(-71,-60,-87),(-88,-79,-94),(-73,-54,-85),(-72,-56,-79)
[('b8:27:eb:b6:43:f8', [-69, -69, -72, -76, -77, -71, -88, -73, -76]), ('b8:27:eb:d3:4c:7f', [-49, -60, -61, -62, -77, -60, -66, -70, -67]), ('b8:27:eb:cd:4b:81', [-70, -82, -71, -61, -60, -77, -67, -87, -62]), ('b8:27:eb:ee:32:b8', [-85, -92, -87, -85, -92, -79, -94]), ('b8:27:eb:e7:50:37', [-78, -54, -70, -70, -77, -85]), ('b8:27:eb:63:a1:e3', [-79, -79, -73, -71, -69, -71, -73, -72, -56])]
08:40:25.039777,(-70,-55,-89),(-64,-51,-70),(-65,-52,-78),(-86,-73,-101),(-75,-61,-84),(-68,-55,-80)
[('b8:27:eb:b6:43:f8', [-66, -55, -79, -67, -61, -89, -58, -72, -81]), ('b8:27:eb:d3:4c:7f', [-51, -70, -69, -70, -70, -66, -65, -51]), ('b8:27:eb:cd:4b:81', [-78, -52, -66, -60, -60, -66, -63, -74]), ('b8:27:eb:ee:32:b8', [-101, -92, -79, -77, -89, -88, -73]), ('b8:27:eb:e7:50:37', [-61, -81, -84, -73, -78, -71]), ('b8:27:eb:63:a1:e3', [-55, -67, -66, -71, -69, -66, -72, -80, -60])]
08:40:26.924890,(-66,-51,-81),(-67,-55,-81),(-75,-57,-86),(-91,-85,-99),(-71,-57,-82),(-72,-56,-76)
[('b8:27:eb:b6:43:f8', [-77, -69, -56, -81, -63, -54, -77, -64, -51]), ('b8:27:eb:d3:4c:7f', [-61, -62, -81, -71, -69, -58, -75, -55, -67]), ('b8:27:eb:cd:4b:81', [-73, -68, -57, -77, -75, -83, -86, -70, -83]), ('b8:27:eb:ee:32:b8', [-99, -85, -95, -91, -88, -86]), ('b8:27:eb:e7:50:37', [-66, -72, -71, -74, -73, -82, -57, -68]), ('b8:27:eb:63:a1:e3', [-69, -73, -76, -71, -75, -56, -75, -76, -72, -73])]
08:40:28.842928,(-70,-58,-78),(-66,-61,-72),(-69,-55,-85),(-93,-92,-93),(-73,-56,-88),(-73,-66,-79)
[('b8:27:eb:b6:43:f8', [-67, -70, -70, -68, -78, -72, -76, -58]), ('b8:27:eb:d3:4c:7f', [-61, -68, -62, -68, -64, -72]), ('b8:27:eb:cd:4b:81', [-67, -66, -85, -61, -74, -69, -71, -74, -55, -65]), ('b8:27:eb:ee:32:b8', [-93, -92, -92]), ('b8:27:eb:e7:50:37', [-67, -80, -72, -74, -72, -71, -56, -74, -88]), ('b8:27:eb:63:a1:e3', [-72, -72, -67, -66, -76, -79, -69, -75, -79, -66])]
08:40:30.758616,(-69,-50,-79),(-61,-47,-74),(-74,-67,-86),(-88,-77,-95),(-75,-67,-86),(-61,-48,-72)
[('b8:27:eb:b6:43:f8', [-73, -74, -73, -50, -75, -58, -79]), ('b8:27:eb:d3:4c:7f', [-74, -64, -47, -57, -60, -69, -62, -54, -63, -59]), ('b8:27:eb:cd:4b:81', [-70, -86, -67, -78, -70, -69, -73]), ('b8:27:eb:ee:32:b8', [-86, -92, -95, -77, -88, -87]), ('b8:27:eb:e7:50:37', [-76, -67, -86, -69, -75, -82, -68]), ('b8:27:eb:63:a1:e3', [-68, -50, -60, -72, -48, -67])]
08:40:32.644163,(-65,-58,-71),(-66,-51,-81),(-68,-58,-75),(-86,-74,-90),(-73,-51,-84),(-63,-53,-74)
[('b8:27:eb:b6:43:f8', [-67, -61, -65, -58, -68, -71]), ('b8:27:eb:d3:4c:7f', [-51, -67, -66, -65, -80, -81, -63, -51, -66]), ('b8:27:eb:cd:4b:81', [-59, -75, -70, -69, -72, -58, -66, -69, -70]), ('b8:27:eb:ee:32:b8', [-90, -88, -74, -86, -86, -87]), ('b8:27:eb:e7:50:37', [-81, -72, -51, -66, -80, -78, -84, -76, -60, -75]), ('b8:27:eb:63:a1:e3', [-66, -63, -60, -64, -57, -65, -60, -74, -59, -53])]
08:40:34.553762,(-71,-62,-82),(-66,-49,-73),(-63,-49,-75),(-85,-75,-91),(-74,-62,-84),(-61,-44,-82)
[('b8:27:eb:b6:43:f8', [-65, -69, -67, -82, -75, -73, -62, -68]), ('b8:27:eb:d3:4c:7f', [-66, -73, -71, -49, -66, -63, -73]), ('b8:27:eb:cd:4b:81', [-72, -56, -54, -67, -58, -67, -49, -75, -71, -61]), ('b8:27:eb:ee:32:b8', [-87, -91, -75, -87]), ('b8:27:eb:e7:50:37', [-74, -71, -70, -73, -62, -80, -84]), ('b8:27:eb:63:a1:e3', [-63, -57, -60, -47, -44, -58, -62, -82, -69])]
08:40:36.482168,(-69,-54,-76),(-58,-44,-67),(-68,-52,-76),(-90,-78,-97),(-79,-69,-95),(-69,-55,-79)
[('b8:27:eb:b6:43:f8', [-72, -72, -69, -76, -63, -66, -64, -54, -76, -73]), ('b8:27:eb:d3:4c:7f', [-65, -58, -67, -53, -61, -63, -44, -49]), ('b8:27:eb:cd:4b:81', [-76, -65, -66, -52, -56, -76, -72, -72, -75]), ('b8:27:eb:ee:32:b8', [-88, -89, -78, -89, -91, -92, -96, -97]), ('b8:27:eb:e7:50:37', [-83, -95, -83, -70, -74, -79, -78, -69]), ('b8:27:eb:63:a1:e3', [-72, -68, -73, -79, -76, -55, -67, -55])]
08:40:38.415610,(-69,-56,-74),(-65,-51,-74),(-77,-62,-92),(-86,-77,-92),(-76,-59,-94),(-62,-46,-68)
[('b8:27:eb:b6:43:f8', [-56, -72, -67, -74, -72, -66, -68, -68, -71, -72]), ('b8:27:eb:d3:4c:7f', [-66, -69, -65, -59, -70, -62, -51, -74, -66]), ('b8:27:eb:cd:4b:81', [-73, -74, -62, -72, -80, -92, -73, -79, -86]), ('b8:27:eb:ee:32:b8', [-85, -92, -92, -89, -86, -77, -81]), ('b8:27:eb:e7:50:37', [-83, -62, -85, -77, -73, -94, -59, -84, -79, -60]), ('b8:27:eb:63:a1:e3', [-66, -62, -68, -46, -65])]
08:40:40.341243,(-71,-56,-85),(-60,-56,-62),(-68,-52,-77),(-92,-87,-96),(-76,-61,-87),(-65,-49,-80)
[('b8:27:eb:b6:43:f8', [-65, -66, -64, -69, -85, -74, -79, -73, -56]), ('b8:27:eb:d3:4c:7f', [-57, -57, -59, -56, -62, -62, -61]), ('b8:27:eb:cd:4b:81', [-74, -59, -52, -75, -57, -77, -69, -72, -72]), ('b8:27:eb:ee:32:b8', [-96, -92, -87]), ('b8:27:eb:e7:50:37', [-78, -74, -83, -75, -76, -71, -61, -87, -73, -81]), ('b8:27:eb:63:a1:e3', [-49, -61, -60, -68, -68, -69, -80])]
08:40:42.276703,(-68,-53,-76),(-58,-43,-67),(-64,-54,-74),(-88,-77,-96),(-76,-71,-78),(-71,-53,-95)
[('b8:27:eb:b6:43:f8', [-76, -53, -68, -70, -61, -63, -73, -74]), ('b8:27:eb:d3:4c:7f', [-67, -43, -60, -56, -63, -62, -59, -47, -62]), ('b8:27:eb:cd:4b:81', [-55, -54, -67, -74, -61, -73]), ('b8:27:eb:ee:32:b8', [-85, -86, -96, -77, -87, -96]), ('b8:27:eb:e7:50:37', [-78, -71, -74, -78, -77, -74, -74]), ('b8:27:eb:63:a1:e3', [-67, -67, -71, -53, -81, -95, -75, -70, -55])]
08:40:44.198798,(-68,-53,-73),(-65,-49,-74),(-72,-58,-78),(-86,-68,-95),(-75,-63,-80),(-70,-54,-93)
[('b8:27:eb:b6:43:f8', [-70, -53, -73, -71, -73, -71, -60, -68]), ('b8:27:eb:d3:4c:7f', [-49, -72, -49, -70, -58, -72, -73, -74, -63]), ('b8:27:eb:cd:4b:81', [-73, -78, -66, -73, -73, -78, -78, -71, -58]), ('b8:27:eb:ee:32:b8', [-89, -87, -82, -95, -92, -68]), ('b8:27:eb:e7:50:37', [-77, -80, -75, -75, -63, -75, -73, -78]), ('b8:27:eb:63:a1:e3', [-66, -65, -64, -72, -77, -67, -93, -72, -54])]
08:40:46.082619,(-68,-49,-82),(-63,-58,-71),(-68,-54,-85),(-86,-75,-93),(-75,-59,-83),(-66,-55,-80)
[('b8:27:eb:b6:43:f8', [-82, -65, -49, -65, -67, -74, -76, -66, -66, -67]), ('b8:27:eb:d3:4c:7f', [-61, -64, -67, -59, -58, -59, -60, -71]), ('b8:27:eb:cd:4b:81', [-68, -54, -71, -85, -72, -56]), ('b8:27:eb:ee:32:b8', [-93, -82, -75, -93, -86, -83]), ('b8:27:eb:e7:50:37', [-80, -77, -77, -62, -74, -76, -82, -59, -83]), ('b8:27:eb:63:a1:e3', [-70, -60, -61, -58, -70, -55, -66, -68, -80])]
08:40:47.977395,(-71,-57,-79),(-64,-57,-79),(-67,-53,-73),(-88,-75,-96),(-76,-71,-83),(-61,-45,-70)
[('b8:27:eb:b6:43:f8', [-58, -57, -68, -79, -72, -75, -63, -77, -76, -77]), ('b8:27:eb:d3:4c:7f', [-61, -61, -72, -57, -62, -79, -60, -64, -60]), ('b8:27:eb:cd:4b:81', [-53, -66, -73, -72, -69, -62, -73]), ('b8:27:eb:ee:32:b8', [-96, -75, -93, -94, -76, -93]), ('b8:27:eb:e7:50:37', [-78, -71, -76, -83, -73, -72, -75]), ('b8:27:eb:63:a1:e3', [-70, -67, -61, -45, -51, -68])]
08:40:49.893693,(-67,-50,-87),(-67,-46,-79),(-73,-61,-77),(-88,-79,-97),(-76,-60,-85),(-72,-62,-82)
[('b8:27:eb:b6:43:f8', [-59, -75, -72, -50, -75, -63, -62, -69, -87, -58]), ('b8:27:eb:d3:4c:7f', [-69, -46, -67, -68, -66, -68, -79, -70]), ('b8:27:eb:cd:4b:81', [-61, -77, -77, -72, -76, -74, -69]), ('b8:27:eb:ee:32:b8', [-89, -84, -87, -91, -97, -79]), ('b8:27:eb:e7:50:37', [-83, -72, -74, -73, -85, -69, -60, -83, -77]), ('b8:27:eb:63:a1:e3', [-82, -78, -62, -68, -72, -69, -74, -69])]
08:40:51.835668,(-67,-57,-74),(-58,-47,-70),(-74,-71,-76),(-88,-76,-97),(-80,-68,-88),(-70,-58,-76)
[('b8:27:eb:b6:43:f8', [-67, -70, -71, -74, -59, -57, -67]), ('b8:27:eb:d3:4c:7f', [-55, -50, -61, -61, -47, -63, -54, -70, -60, -59]), ('b8:27:eb:cd:4b:81', [-74, -76, -73, -71, -75, -73, -73]), ('b8:27:eb:ee:32:b8', [-94, -76, -91, -80, -93, -83, -90, -97, -80]), ('b8:27:eb:e7:50:37', [-82, -82, -68, -88, -82, -82, -74, -80, -77]), ('b8:27:eb:63:a1:e3', [-69, -74, -70, -74, -76, -69, -71, -69, -58])]
08:40:53.768088,(-68,-50,-80),(-65,-50,-74),(-66,-47,-77),(-89,-79,-101),(-76,-59,-87),(-66,-50,-73)
[('b8:27:eb:b6:43:f8', [-65, -73, -56, -73, -70, -50, -72, -80, -70, -71]), ('b8:27:eb:d3:4c:7f', [-63, -58, -66, -62, -66, -74, -70, -50, -73]), ('b8:27:eb:cd:4b:81', [-66, -72, -68, -70, -69, -47, -49, -77, -74]), ('b8:27:eb:ee:32:b8', [-79, -83, -84, -88, -93, -88, -92, -92, -101]), ('b8:27:eb:e7:50:37', [-78, -77, -87, -87, -59, -76, -80, -62]), ('b8:27:eb:63:a1:e3', [-65, -69, -73, -62, -50, -72, -69])]
08:40:55.735619,(-62,-47,-73),(-63,-49,-79),(-69,-55,-83),(-93,-85,-99),(-77,-60,-85),(-76,-68,-84)
[('b8:27:eb:b6:43:f8', [-69, -47, -72, -55, -73, -50, -66]), ('b8:27:eb:d3:4c:7f', [-68, -71, -68, -50, -49, -64, -58, -62, -79, -56]), ('b8:27:eb:cd:4b:81', [-55, -75, -71, -75, -83, -58, -57, -75, -80, -55]), ('b8:27:eb:ee:32:b8', [-92, -93, -97, -99, -91, -85, -89]), ('b8:27:eb:e7:50:37', [-80, -83, -85, -60, -81, -71, -74]), ('b8:27:eb:63:a1:e3', [-79, -75, -75, -84, -68, -72, -77, -76, -78])]
08:40:57.670298,(-63,-44,-78),(-64,-52,-74),(-71,-58,-82),(-91,-77,-96),(-77,-66,-85),(-69,-53,-90)
[('b8:27:eb:b6:43:f8', [-63, -63, -78, -44, -54, -70, -66, -64]), ('b8:27:eb:d3:4c:7f', [-66, -68, -68, -55, -66, -63, -52, -64, -74]), ('b8:27:eb:cd:4b:81', [-58, -66, -70, -77, -72, -69, -82, -60, -79]), ('b8:27:eb:ee:32:b8', [-77, -91, -94, -96, -94, -95, -88]), ('b8:27:eb:e7:50:37', [-74, -85, -66, -83, -81, -67, -74, -81, -69, -85]), ('b8:27:eb:63:a1:e3', [-70, -67, -90, -65, -73, -59, -53])]
08:40:59.635648,(-60,-50,-73),(-67,-59,-82),(-73,-52,-88),(-95,-91,-100),(-86,-81,-92),(-73,-59,-82)
[('b8:27:eb:b6:43:f8', [-51, -64, -66, -51, -50, -52, -73, -68]), ('b8:27:eb:d3:4c:7f', [-82, -72, -67, -63, -66, -59, -63, -63, -63]), ('b8:27:eb:cd:4b:81', [-78, -66, -72, -52, -62, -76, -80, -88, -79]), ('b8:27:eb:ee:32:b8', [-91, -100, -94]), ('b8:27:eb:e7:50:37', [-92, -81, -84, -85, -86, -84, -86]), ('b8:27:eb:63:a1:e3', [-77, -78, -82, -62, -72, -75, -71, -59, -76])]
08:41:01.599182,(-62,-49,-68),(-65,-48,-77),(-71,-59,-80),(-91,-83,-97),(-81,-69,-92),(-73,-65,-85)
[('b8:27:eb:b6:43:f8', [-64, -65, -62, -68, -67, -56, -57, -63, -67, -49]), ('b8:27:eb:d3:4c:7f', [-48, -53, -72, -69, -67, -63, -71, -77]), ('b8:27:eb:cd:4b:81', [-80, -69, -59, -79, -79, -73, -73, -61, -66]), ('b8:27:eb:ee:32:b8', [-87, -92, -95, -97, -83, -91]), ('b8:27:eb:e7:50:37', [-78, -83, -92, -69, -81, -82]), ('b8:27:eb:63:a1:e3', [-71, -65, -85, -70, -68, -68, -78, -73])]
08:41:03.507463,(-56,-45,-67),(-68,-56,-77),(-78,-58,-89),(-92,-83,-99),(-78,-70,-87),(-71,-58,-82)
[('b8:27:eb:b6:43:f8', [-57, -51, -56, -45, -50, -67, -61]), ('b8:27:eb:d3:4c:7f', [-56, -67, -69, -70, -77, -68, -67, -74, -57]), ('b8:27:eb:cd:4b:81', [-80, -58, -73, -73, -85, -75, -87, -89]), ('b8:27:eb:ee:32:b8', [-83, -90, -96, -99, -87, -97]), ('b8:27:eb:e7:50:37', [-72, -87, -78, -78, -76, -70, -82]), ('b8:27:eb:63:a1:e3', [-67, -82, -58, -81, -61, -73])]
08:41:05.414330,(-59,-55,-64),(-72,-56,-90),(-70,-66,-76),(-91,-80,-96),(-77,-61,-94),(-75,-61,-92)
[('b8:27:eb:b6:43:f8', [-57, -55, -58, -57, -64, -60, -56]), ('b8:27:eb:d3:4c:7f', [-76, -56, -70, -73, -71, -69, -90, -67, -70]), ('b8:27:eb:cd:4b:81', [-67, -66, -68, -66, -75, -70, -76]), ('b8:27:eb:ee:32:b8', [-96, -93, -80, -95, -89, -90]), ('b8:27:eb:e7:50:37', [-94, -82, -81, -65, -85, -70, -61, -77]), ('b8:27:eb:63:a1:e3', [-72, -61, -75, -80, -92, -73, -71])]
08:41:07.351869,(-57,-41,-66),(-64,-45,-82),(-70,-56,-80),(-88,-79,-98),(-78,-63,-89),(-69,-55,-84)
[('b8:27:eb:b6:43:f8', [-41, -60, -48, -66, -50, -65, -58, -64]), ('b8:27:eb:d3:4c:7f', [-56, -71, -74, -82, -67, -55, -54, -66, -45]), ('b8:27:eb:cd:4b:81', [-69, -78, -72, -67, -66, -80, -56]), ('b8:27:eb:ee:32:b8', [-79, -98, -91, -88, -80, -95, -80]), ('b8:27:eb:e7:50:37', [-63, -75, -77, -78, -89, -77, -82, -77]), ('b8:27:eb:63:a1:e3', [-57, -60, -76, -72, -55, -66, -75, -75, -84])]
08:41:09.288827,(-66,-56,-71),(-70,-61,-87),(-69,-57,-79),(-87,-75,-96),(-69,-58,-79),(-70,-58,-83)
[('b8:27:eb:b6:43:f8', [-71, -66, -64, -66, -56, -71]), ('b8:27:eb:d3:4c:7f', [-87, -73, -74, -70, -66, -71, -63, -61, -64, -68]), ('b8:27:eb:cd:4b:81', [-61, -57, -79, -79, -76, -72, -58]), ('b8:27:eb:ee:32:b8', [-89, -96, -89, -83, -85, -89, -90, -75]), ('b8:27:eb:e7:50:37', [-79, -63, -72, -61, -58, -74, -75, -69, -68]), ('b8:27:eb:63:a1:e3', [-83, -68, -58, -64, -69, -73, -73])]
08:41:11.250533,(-71,-58,-83),(-61,-45,-74),(-68,-56,-76),(-91,-79,-98),(-68,-57,-74),(-66,-52,-78)
[('b8:27:eb:b6:43:f8', [-83, -74, -76, -75, -58, -61, -69]), ('b8:27:eb:d3:4c:7f', [-70, -57, -66, -62, -66, -74, -70, -48, -45, -49]), ('b8:27:eb:cd:4b:81', [-76, -72, -65, -70, -71, -67, -56, -60]), ('b8:27:eb:ee:32:b8', [-90, -85, -79, -89, -89, -97, -98, -96]), ('b8:27:eb:e7:50:37', [-73, -66, -61, -69, -74, -57, -72]), ('b8:27:eb:63:a1:e3', [-77, -64, -68, -73, -65, -57, -62, -78, -52, -60])]
08:41:13.184315,(-66,-53,-75),(-66,-53,-76),(-71,-51,-82),(-92,-83,-98),(-75,-66,-88),(-64,-48,-73)
[('b8:27:eb:b6:43:f8', [-71, -56, -56, -75, -73, -74, -66, -53]), ('b8:27:eb:d3:4c:7f', [-53, -70, -70, -55, -76, -68, -66, -63]), ('b8:27:eb:cd:4b:81', [-82, -73, -69, -76, -70, -51, -70]), ('b8:27:eb:ee:32:b8', [-98, -96, -89, -83, -89, -91, -94]), ('b8:27:eb:e7:50:37', [-76, -67, -86, -70, -79, -70, -88, -66, -69]), ('b8:27:eb:63:a1:e3', [-70, -63, -48, -68, -54, -69, -73, -54, -70])]
08:41:15.108770,(-61,-48,-69),(-64,-61,-67),(-66,-56,-78),(-90,-82,-95),(-80,-73,-88),(-74,-58,-81)
[('b8:27:eb:b6:43:f8', [-69, -68, -55, -55, -61, -68, -63, -57, -48]), ('b8:27:eb:d3:4c:7f', [-66, -62, -63, -64, -63, -61, -67, -66]), ('b8:27:eb:cd:4b:81', [-62, -57, -56, -65, -73, -78, -71]), ('b8:27:eb:ee:32:b8', [-94, -95, -82, -87, -85, -90, -92, -95]), ('b8:27:eb:e7:50:37', [-75, -80, -73, -80, -81, -82, -88]), ('b8:27:eb:63:a1:e3', [-68, -70, -78, -77, -58, -81, -74, -80])]
08:41:17.026439,(-66,-54,-74),(-63,-49,-74),(-69,-50,-73),(-92,-83,-96),(-85,-75,-94),(-77,-63,-90)
[('b8:27:eb:b6:43:f8', [-60, -68, -72, -72, -68, -60, -74, -54]), ('b8:27:eb:d3:4c:7f', [-66, -71, -67, -55, -74, -58, -71, -52, -49]), ('b8:27:eb:cd:4b:81', [-73, -72, -69, -68, -73, -71, -50, -70, -71]), ('b8:27:eb:ee:32:b8', [-96, -93, -83, -90, -95]), ('b8:27:eb:e7:50:37', [-82, -82, -75, -88, -94, -89]), ('b8:27:eb:63:a1:e3', [-74, -71, -90, -76, -88, -82, -71, -74, -63])]
08:41:18.961557,(-60,-46,-71),(-74,-58,-85),(-71,-56,-86),(-94,-81,-101),(-82,-75,-85),(-77,-72,-84)
[('b8:27:eb:b6:43:f8', [-60, -63, -62, -71, -58, -61, -48, -71, -46]), ('b8:27:eb:d3:4c:7f', [-58, -82, -85, -80, -70, -66, -72, -79]), ('b8:27:eb:cd:4b:81', [-74, -73, -80, -57, -56, -70, -86, -64, -73]), ('b8:27:eb:ee:32:b8', [-101, -98, -100, -88, -81]), ('b8:27:eb:e7:50:37', [-85, -79, -85, -82, -84, -80, -75, -82]), ('b8:27:eb:63:a1:e3', [-72, -73, -76, -84, -83, -75, -75])]
08:41:20.901502,(-61,-41,-82),(-70,-54,-88),(-72,-52,-81),(-93,-78,-101),(-85,-81,-95),(-73,-60,-81)
[('b8:27:eb:b6:43:f8', [-64, -68, -70, -82, -54, -47, -41, -56]), ('b8:27:eb:d3:4c:7f', [-88, -69, -54, -71, -76, -74, -62, -69, -62]), ('b8:27:eb:cd:4b:81', [-77, -68, -76, -81, -75, -72, -76, -52, -69]), ('b8:27:eb:ee:32:b8', [-101, -97, -98, -79, -94, -94, -96, -78, -94]), ('b8:27:eb:e7:50:37', [-83, -84, -83, -82, -89, -81, -95, -83]), ('b8:27:eb:63:a1:e3', [-79, -80, -77, -81, -67, -75, -76, -70, -62, -60])]
08:41:22.833520,(-56,-47,-66),(-72,-58,-80),(-62,-48,-75),(-90,-80,-99),(-82,-75,-88),(-71,-58,-89)
[('b8:27:eb:b6:43:f8', [-58, -48, -63, -47, -48, -66, -55, -57, -59]), ('b8:27:eb:d3:4c:7f', [-72, -78, -71, -71, -80, -73, -58, -67, -74]), ('b8:27:eb:cd:4b:81', [-62, -53, -75, -68, -61, -61, -48, -65]), ('b8:27:eb:ee:32:b8', [-80, -86, -94, -86, -91, -99, -91]), ('b8:27:eb:e7:50:37', [-81, -88, -79, -87, -75, -83, -85, -78]), ('b8:27:eb:63:a1:e3', [-58, -89, -74, -72, -72, -70, -70, -59, -71])]
08:41:24.782665,(-60,-43,-72),(-64,-50,-77),(-78,-68,-88),(-93,-91,-99),(-78,-63,-85),(-72,-66,-81)
[('b8:27:eb:b6:43:f8', [-65, -43, -59, -65, -50, -59, -67, -72, -58, -55]), ('b8:27:eb:d3:4c:7f', [-68, -67, -62, -62, -55, -77, -65, -50]), ('b8:27:eb:cd:4b:81', [-68, -83, -80, -70, -81, -70, -88]), ('b8:27:eb:ee:32:b8', [-93, -91, -91, -92, -99, -92, -92]), ('b8:27:eb:e7:50:37', [-75, -79, -78, -79, -63, -74, -85, -84]), ('b8:27:eb:63:a1:e3', [-81, -67, -75, -69, -66, -72, -72])]
08:41:26.686249,(-70,-60,-76),(-67,-54,-82),(-71,-66,-76),(-90,-80,-105),(-77,-69,-82),(-68,-57,-79)
[('b8:27:eb:b6:43:f8', [-70, -65, -70, -60, -71, -76, -72]), ('b8:27:eb:d3:4c:7f', [-62, -67, -69, -82, -54, -73, -63, -61]), ('b8:27:eb:cd:4b:81', [-76, -70, -66, -69, -66, -68, -76]), ('b8:27:eb:ee:32:b8', [-80, -80, -91, -105, -94]), ('b8:27:eb:e7:50:37', [-69, -74, -77, -80, -80, -82, -79, -79, -70]), ('b8:27:eb:63:a1:e3', [-79, -57, -76, -74, -67, -67, -59, -73, -58])]
08:41:28.624112,(-72,-54,-78),(-60,-52,-71),(-66,-52,-79),(-89,-78,-93),(-74,-61,-87),(-70,-62,-79)
[('b8:27:eb:b6:43:f8', [-76, -54, -75, -66, -68, -75, -78, -78]), ('b8:27:eb:d3:4c:7f', [-55, -70, -52, -64, -62, -52, -57, -54, -71]), ('b8:27:eb:cd:4b:81', [-58, -68, -69, -71, -76, -58, -57, -72, -79, -52]), ('b8:27:eb:ee:32:b8', [-93, -78, -93, -85, -89, -91]), ('b8:27:eb:e7:50:37', [-69, -76, -74, -74, -70, -61, -78, -87, -70]), ('b8:27:eb:63:a1:e3', [-64, -66, -73, -74, -72, -69, -63, -79, -62])]
08:41:30.541538,(-63,-50,-80),(-61,-47,-73),(-71,-63,-76),(-89,-84,-94),(-71,-57,-77),(-74,-58,-85)
[('b8:27:eb:b6:43:f8', [-60, -72, -50, -62, -54, -68, -53, -80]), ('b8:27:eb:d3:4c:7f', [-71, -62, -47, -73, -48, -63, -68, -51]), ('b8:27:eb:cd:4b:81', [-76, -76, -63, -71, -66, -71]), ('b8:27:eb:ee:32:b8', [-94, -90, -87, -88, -88, -84, -88, -91, -89]), ('b8:27:eb:e7:50:37', [-71, -72, -70, -57, -76, -77, -69, -72]), ('b8:27:eb:63:a1:e3', [-85, -82, -73, -64, -58, -76, -72, -73, -75])]
08:41:32.491253,(-66,-55,-76),(-70,-58,-83),(-72,-57,-87),(-94,-88,-97),(-79,-63,-88),(-81,-71,-87)
[('b8:27:eb:b6:43:f8', [-57, -62, -62, -68, -68, -71, -76, -72, -55]), ('b8:27:eb:d3:4c:7f', [-67, -83, -75, -69, -71, -70, -63, -71, -58]), ('b8:27:eb:cd:4b:81', [-57, -61, -77, -71, -87, -80, -69, -74, -72]), ('b8:27:eb:ee:32:b8', [-91, -88, -96, -92, -97, -96]), ('b8:27:eb:e7:50:37', [-77, -73, -63, -68, -87, -86, -88, -86]), ('b8:27:eb:63:a1:e3', [-85, -71, -79, -75, -87, -84])]
08:41:34.405617,(-69,-58,-81),(-65,-49,-77),(-70,-62,-74),(-92,-90,-94),(-74,-66,-81),(-72,-61,-82)
[('b8:27:eb:b6:43:f8', [-61, -79, -60, -62, -58, -75, -74, -81, -69]), ('b8:27:eb:d3:4c:7f', [-54, -73, -71, -77, -69, -71, -74, -61, -51, -49]), ('b8:27:eb:cd:4b:81', [-69, -69, -68, -74, -72, -69, -73, -73, -62]), ('b8:27:eb:ee:32:b8', [-91, -94, -90, -93]), ('b8:27:eb:e7:50:37', [-68, -81, -73, -78, -79, -71, -66]), ('b8:27:eb:63:a1:e3', [-76, -71, -71, -76, -82, -66, -68, -61, -77])]
08:41:36.341414,(-68,-51,-72),(-62,-51,-71),(-66,-49,-72),(-88,-82,-96),(-74,-59,-80),(-70,-55,-88)
[('b8:27:eb:b6:43:f8', [-72, -72, -72, -64, -51, -72, -71, -69]), ('b8:27:eb:d3:4c:7f', [-63, -53, -70, -61, -62, -71, -51]), ('b8:27:eb:cd:4b:81', [-71, -66, -56, -71, -72, -68, -68, -49]), ('b8:27:eb:ee:32:b8', [-83, -82, -96, -91]), ('b8:27:eb:e7:50:37', [-59, -80, -79, -77, -80, -68]), ('b8:27:eb:63:a1:e3', [-72, -88, -77, -69, -64, -55, -60, -75, -69])]
08:41:38.246372,(-68,-57,-77),(-59,-44,-74),(-68,-50,-78),(-90,-81,-98),(-75,-65,-85),(-74,-60,-86)
[('b8:27:eb:b6:43:f8', [-57, -74, -69, -77, -62, -72, -64]), ('b8:27:eb:d3:4c:7f', [-49, -49, -74, -44, -72, -68, -52, -61, -58, -61]), ('b8:27:eb:cd:4b:81', [-71, -50, -73, -78, -68]), ('b8:27:eb:ee:32:b8', [-81, -98]), ('b8:27:eb:e7:50:37', [-73, -75, -78, -65, -74, -85]), ('b8:27:eb:63:a1:e3', [-71, -71, -72, -86, -77, -60, -78])]
08:41:40.188255,(-66,-49,-82),(-68,-56,-82),(-72,-61,-76),(-93,-84,-97),(-82,-69,-93),(-72,-60,-87)
[('b8:27:eb:b6:43:f8', [-67, -73, -68, -50, -49, -82, -66, -69]), ('b8:27:eb:d3:4c:7f', [-64, -57, -56, -65, -81, -82, -58, -67, -81]), ('b8:27:eb:cd:4b:81', [-73, -74, -76, -75, -61, -73]), ('b8:27:eb:ee:32:b8', [-97, -84, -97]), ('b8:27:eb:e7:50:37', [-69, -79, -88, -84, -69, -78, -84, -93, -87]), ('b8:27:eb:63:a1:e3', [-77, -87, -61, -60, -75, -69, -69, -69, -76])]
08:41:42.153284,(-58,-40,-74),(-67,-55,-72),(-66,-57,-75),(-92,-87,-95),(-82,-72,-93),(-75,-61,-86)
[('b8:27:eb:b6:43:f8', [-74, -56, -53, -60, -53, -67, -40]), ('b8:27:eb:d3:4c:7f', [-65, -72, -55, -67, -69, -67, -71]), ('b8:27:eb:cd:4b:81', [-70, -57, -67, -75, -67, -57]), ('b8:27:eb:ee:32:b8', [-87, -95, -93]), ('b8:27:eb:e7:50:37', [-77, -87, -83, -92, -93, -72, -73, -79]), ('b8:27:eb:63:a1:e3', [-70, -61, -78, -86, -74, -78, -62, -78, -82])]
08:41:44.122172,(-58,-40,-76),(-69,-65,-72),(-72,-67,-81),(-88,-77,-95),(-82,-61,-88),(-77,-67,-90)
[('b8:27:eb:b6:43:f8', [-73, -76, -55, -56, -65, -46, -40, -64, -44]), ('b8:27:eb:d3:4c:7f', [-65, -70, -67, -67, -72, -71, -67]), ('b8:27:eb:cd:4b:81', [-70, -73, -67, -68, -68, -81]), ('b8:27:eb:ee:32:b8', [-95, -90, -89, -90, -77, -81, -88]), ('b8:27:eb:e7:50:37', [-80, -86, -83, -81, -88, -87, -86, -61, -80, -83]), ('b8:27:eb:63:a1:e3', [-86, -90, -71, -75, -76, -71, -67])]
08:41:46.048927,(-56,-40,-68),(-72,-66,-77),(-71,-58,-89),(-89,-84,-95),(-75,-59,-84),(-72,-59,-81)
[('b8:27:eb:b6:43:f8', [-68, -58, -40, -55, -44, -63, -58, -52, -61]), ('b8:27:eb:d3:4c:7f', [-72, -71, -74, -77, -68, -72, -66]), ('b8:27:eb:cd:4b:81', [-66, -69, -58, -68, -82, -89, -69, -68, -64]), ('b8:27:eb:ee:32:b8', [-84, -95, -88]), ('b8:27:eb:e7:50:37', [-76, -62, -83, -76, -59, -84, -84]), ('b8:27:eb:63:a1:e3', [-75, -81, -76, -59, -73, -78, -72, -62])]
08:41:47.937129,(-68,-53,-86),(-66,-53,-72),(-71,-61,-86),(-90,-79,-100),(-75,-66,-86),(-70,-58,-77)
[('b8:27:eb:b6:43:f8', [-67, -68, -80, -64, -86, -59, -71, -53, -64]), ('b8:27:eb:d3:4c:7f', [-72, -69, -63, -72, -72, -53, -53, -71]), ('b8:27:eb:cd:4b:81', [-86, -66, -61, -73, -65, -75, -67]), ('b8:27:eb:ee:32:b8', [-79, -90, -100, -86, -93, -88, -89]), ('b8:27:eb:e7:50:37', [-86, -68, -76, -82, -78, -66, -69]), ('b8:27:eb:63:a1:e3', [-72, -69, -74, -58, -68, -72, -72, -69, -68, -77])]
08:41:49.867250,(-63,-51,-72),(-71,-60,-79),(-74,-62,-90),(-92,-82,-98),(-78,-67,-87),(-74,-57,-83)
[('b8:27:eb:b6:43:f8', [-61, -62, -60, -72, -65, -68, -51, -60]), ('b8:27:eb:d3:4c:7f', [-71, -73, -75, -79, -63, -79, -61, -60]), ('b8:27:eb:cd:4b:81', [-62, -76, -68, -80, -72, -76, -90, -73, -69]), ('b8:27:eb:ee:32:b8', [-92, -98, -82, -92, -93, -91]), ('b8:27:eb:e7:50:37', [-76, -84, -69, -73, -87, -67, -86]), ('b8:27:eb:63:a1:e3', [-61, -83, -57, -74, -80, -74, -78, -82, -71])]
08:41:51.778954,(-62,-52,-69),(-59,-45,-79),(-63,-53,-74),(-94,-89,-98),(-78,-65,-92),(-72,-61,-80)
[('b8:27:eb:b6:43:f8', [-69, -52, -67, -66, -55]), ('b8:27:eb:d3:4c:7f', [-51, -62, -53, -45, -56, -79, -63, -61, -59]), ('b8:27:eb:cd:4b:81', [-59, -54, -74, -64, -53, -67, -65]), ('b8:27:eb:ee:32:b8', [-93, -98, -95, -89]), ('b8:27:eb:e7:50:37', [-84, -69, -65, -78, -82, -92, -85, -71, -72, -76]), ('b8:27:eb:63:a1:e3', [-61, -72, -65, -74, -80, -67, -75, -79, -68])]
08:41:53.701675,(-69,-56,-79),(-71,-61,-87),(-70,-55,-81),(-91,-82,-98),(-72,-61,-81),(-67,-52,-75)
[('b8:27:eb:b6:43:f8', [-70, -70, -70, -69, -79, -67, -56]), ('b8:27:eb:d3:4c:7f', [-61, -79, -87, -63, -68, -71, -64]), ('b8:27:eb:cd:4b:81', [-73, -55, -70, -67, -75, -81, -61, -77]), ('b8:27:eb:ee:32:b8', [-96, -88, -95, -89, -82, -88, -90, -93, -98]), ('b8:27:eb:e7:50:37', [-73, -61, -81, -74, -62, -71, -79, -72]), ('b8:27:eb:63:a1:e3', [-75, -68, -52, -73, -71, -59, -59, -71, -70])]
08:41:55.650264,(-65,-52,-75),(-66,-50,-74),(-74,-67,-84),(-95,-87,-99),(-84,-78,-89),(-72,-58,-80)
[('b8:27:eb:b6:43:f8', [-52, -64, -67, -68, -56, -64, -75, -56, -75]), ('b8:27:eb:d3:4c:7f', [-73, -74, -50, -64, -65, -66, -69, -65]), ('b8:27:eb:cd:4b:81', [-77, -84, -69, -67, -71, -73]), ('b8:27:eb:ee:32:b8', [-94, -87, -99, -93, -95, -99]), ('b8:27:eb:e7:50:37', [-78, -81, -89, -78, -86, -86, -82, -85]), ('b8:27:eb:63:a1:e3', [-71, -77, -75, -80, -67, -58])]
08:41:57.559211,(-67,-51,-84),(-67,-63,-70),(-73,-64,-83),(-95,-89,-97),(-76,-72,-81),(-69,-58,-79)
[('b8:27:eb:b6:43:f8', [-71, -62, -64, -66, -51, -84, -66, -71]), ('b8:27:eb:d3:4c:7f', [-66, -64, -63, -70, -65, -69]), ('b8:27:eb:cd:4b:81', [-68, -67, -75, -75, -83, -64, -73]), ('b8:27:eb:ee:32:b8', [-97, -89, -94, -97]), ('b8:27:eb:e7:50:37', [-73, -81, -72]), ('b8:27:eb:63:a1:e3', [-73, -68, -58, -79, -64, -73, -75, -75, -60, -65])]
08:41:59.452739,(-72,-66,-79),(-65,-51,-74),(-70,-58,-79),(-91,-83,-98),(-78,-63,-86),(-75,-67,-89)
[('b8:27:eb:b6:43:f8', [-69, -67, -70, -79, -66, -72, -72, -76]), ('b8:27:eb:d3:4c:7f', [-72, -51, -67, -61, -62, -64, -71, -56, -74]), ('b8:27:eb:cd:4b:81', [-79, -58, -67, -68, -70, -74, -67, -72]), ('b8:27:eb:ee:32:b8', [-98, -91, -83, -90]), ('b8:27:eb:e7:50:37', [-85, -82, -63, -84, -86, -64, -79]), ('b8:27:eb:63:a1:e3', [-69, -70, -82, -89, -67, -69])]
08:42:01.375329,(-76,-57,-92),(-67,-58,-74),(-68,-57,-72),(-92,-91,-93),(-73,-62,-79),(-69,-53,-90)
[('b8:27:eb:b6:43:f8', [-83, -73, -83, -57, -70, -92, -89, -58]), ('b8:27:eb:d3:4c:7f', [-64, -74, -67, -64, -68, -70, -58]), ('b8:27:eb:cd:4b:81', [-69, -68, -72, -57, -72, -71, -70, -72, -57, -70]), ('b8:27:eb:ee:32:b8', [-91, -91, -93, -91, -92]), ('b8:27:eb:e7:50:37', [-78, -79, -78, -79, -62, -62]), ('b8:27:eb:63:a1:e3', [-69, -53, -66, -68, -69, -67, -67, -90, -72])]
