08:30:54.236473,(-81,-72,-87),(-71,-56,-79),(-78,-67,-88),(-82,-75,-96),(-70,-59,-80),(-65,-48,-73)
[('b8:27:eb:b6:43:f8', [-78, -72, -80, -87, -81, -80, -85, -77, -79, -82]), ('b8:27:eb:d3:4c:7f', [-61, -73, -71, -70, -56, -73, -77, -76, -79]), ('b8:27:eb:cd:4b:81', [-84, -73, -88, -82, -76, -76, -81, -80, -70, -67]), ('b8:27:eb:ee:32:b8', [-75, -76, -78, -96, -81, -85, -79]), ('b8:27:eb:e7:50:37', [-59, -59, -80, -67, -71, -76, -72, -76]), ('b8:27:eb:63:a1:e3', [-72, -69, -56, -73, -63, -63, -72, -48])]
08:30:56.133512,(-80,-61,-93),(-70,-58,-79),(-81,-75,-93),(-72,-64,-84),(-67,-52,-82),(-53,-37,-67)
[('b8:27:eb:b6:43:f8', [-61, -93, -80, -86, -81, -69, -86]), ('b8:27:eb:d3:4c:7f', [-72, -66, -68, -79, -72, -58, -69]), ('b8:27:eb:cd:4b:81', [-80, -81, -75, -76, -83, -77, -93]), ('b8:27:eb:ee:32:b8', [-71, -84, -64, -68]), ('b8:27:eb:e7:50:37', [-72, -71, -56, -82, -62, -70, -67, -76, -52, -61]), ('b8:27:eb:63:a1:e3', [-58, -55, -58, -55, -54, -39, -37, -67])]
08:30:58.048889,(-79,-67,-94),(-70,-51,-82),(-76,-60,-84),(-75,-67,-81),(-73,-58,-87),(-55,-39,-63)
[('b8:27:eb:b6:43:f8', [-94, -73, -72, -75, -85, -83, -67, -78, -80]), ('b8:27:eb:d3:4c:7f', [-71, -51, -73, -72, -66, -70, -68, -82]), ('b8:27:eb:cd:4b:81', [-83, -76, -75, -60, -76, -72, -79, -84]), ('b8:27:eb:ee:32:b8', [-67, -74, -79, -72, -75, -81, -78, -73]), ('b8:27:eb:e7:50:37', [-87, -70, -58, -58, -78, -73, -71, -85]), ('b8:27:eb:63:a1:e3', [-60, -63, -62, -52, -52, -49, -54, -55, -39, -58])]
08:30:59.958280,(-83,-78,-88),(-68,-56,-79),(-78,-61,-86),(-73,-63,-83),(-69,-56,-77),(-62,-43,-74)
[('b8:27:eb:b6:43:f8', [-83, -88, -78, -80, -85]), ('b8:27:eb:d3:4c:7f', [-70, -67, -56, -57, -77, -79, -64]), ('b8:27:eb:cd:4b:81', [-81, -74, -86, -84, -77, -61, -80, -82, -77]), ('b8:27:eb:ee:32:b8', [-70, -83, -72, -72, -75, -75, -75, -63, -71]), ('b8:27:eb:e7:50:37', [-73, -58, -74, -77, -56, -66, -76]), ('b8:27:eb:63:a1:e3', [-72, -57, -60, -62, -74, -60, -43, -60, -67, -61])]
08:31:01.845883,(-84,-71,-96),(-71,-59,-77),(-78,-67,-83),(-77,-60,-97),(-74,-69,-81),(-61,-51,-65)
[('b8:27:eb:b6:43:f8', [-86, -71, -96, -83, -83, -84]), ('b8:27:eb:d3:4c:7f', [-59, -75, -62, -75, -77, -71, -75, -68, -72]), ('b8:27:eb:cd:4b:81', [-73, -79, -67, -83, -78, -83]), ('b8:27:eb:ee:32:b8', [-66, -87, -63, -78, -80, -87, -97, -73, -74, -60]), ('b8:27:eb:e7:50:37', [-70, -71, -79, -71, -72, -81, -69, -76, -74]), ('b8:27:eb:63:a1:e3', [-51, -64, -63, -56, -60, -62, -58, -64, -65])]
08:31:03.744738,(-84,-70,-89),(-72,-59,-84),(-75,-62,-80),(-73,-60,-84),(-71,-58,-81),(-50,-41,-61)
[('b8:27:eb:b6:43:f8', [-88, -86, -89, -88, -79, -85, -70, -85, -78]), ('b8:27:eb:d3:4c:7f', [-74, -75, -84, -75, -77, -59, -70, -72, -60]), ('b8:27:eb:cd:4b:81', [-76, -80, -69, -79, -74, -77, -62, -77]), ('b8:27:eb:ee:32:b8', [-69, -60, -75, -81, -72, -84, -72, -67, -77, -73]), ('b8:27:eb:e7:50:37', [-67, -70, -80, -72, -81, -58, -71, -72, -68, -70]), ('b8:27:eb:63:a1:e3', [-60, -41, -49, -42, -49, -42, -61])]
08:31:05.640328,(-83,-75,-88),(-74,-56,-83),(-79,-68,-91),(-76,-58,-85),(-75,-63,-87),(-65,-49,-77)
[('b8:27:eb:b6:43:f8', [-86, -88, -87, -87, -75, -77, -80, -84]), ('b8:27:eb:d3:4c:7f', [-73, -73, -77, -73, -78, -56, -83, -73]), ('b8:27:eb:cd:4b:81', [-82, -78, -68, -77, -75, -91]), ('b8:27:eb:ee:32:b8', [-66, -58, -80, -83, -73, -85, -82, -74]), ('b8:27:eb:e7:50:37', [-70, -87, -75, -84, -74, -75, -75, -71, -63]), ('b8:27:eb:63:a1:e3', [-70, -58, -49, -67, -63, -77, -71])]
08:31:07.553455,(-83,-75,-87),(-72,-56,-83),(-77,-66,-82),(-85,-74,-91),(-70,-62,-76),(-49,-37,-54)
[('b8:27:eb:b6:43:f8', [-87, -86, -82, -75, -81, -84, -79, -83, -80, -85]), ('b8:27:eb:d3:4c:7f', [-78, -83, -81, -75, -56, -72, -68, -61, -75, -67]), ('b8:27:eb:cd:4b:81', [-76, -81, -82, -73, -81, -66, -75]), ('b8:27:eb:ee:32:b8', [-74, -87, -83, -87, -91, -83, -84, -86]), ('b8:27:eb:e7:50:37', [-73, -68, -62, -73, -69, -76, -64]), ('b8:27:eb:63:a1:e3', [-51, -41, -54, -54, -50, -37, -52, -46])]
08:31:09.451438,(-82,-64,-94),(-71,-60,-79),(-77,-62,-88),(-82,-75,-89),(-65,-52,-84),(-56,-35,-81)
[('b8:27:eb:b6:43:f8', [-75, -82, -81, -64, -91, -85, -94, -79]), ('b8:27:eb:d3:4c:7f', [-69, -60, -79, -69, -78, -79, -62]), ('b8:27:eb:cd:4b:81', [-88, -74, -78, -62, -80, -73, -77, -70, -82, -85]), ('b8:27:eb:ee:32:b8', [-79, -83, -82, -87, -75, -77, -89]), ('b8:27:eb:e7:50:37', [-55, -63, -52, -68, -54, -70, -70, -84]), ('b8:27:eb:63:a1:e3', [-53, -35, -50, -54, -48, -60, -66, -81])]
08:31:11.382625,(-85,-71,-91),(-74,-58,-82),(-79,-68,-82),(-78,-67,-86),(-68,-57,-78),(-70,-56,-84)
[('b8:27:eb:b6:43:f8', [-91, -89, -89, -85, -84, -88, -71, -80, -84]), ('b8:27:eb:d3:4c:7f', [-82, -72, -58, -78, -76, -78, -69]), ('b8:27:eb:cd:4b:81', [-79, -82, -82, -81, -68, -79]), ('b8:27:eb:ee:32:b8', [-72, -80, -81, -72, -67, -79, -78, -75, -86, -81]), ('b8:27:eb:e7:50:37', [-78, -62, -57, -67, -75, -66, -69]), ('b8:27:eb:63:a1:e3', [-73, -71, -66, -56, -67, -84, -72, -69, -72])]
08:31:13.270780,(-83,-76,-91),(-70,-66,-73),(-86,-76,-102),(-84,-75,-99),(-69,-60,-80),(-62,-47,-82)
[('b8:27:eb:b6:43:f8', [-88, -82, -76, -79, -80, -91]), ('b8:27:eb:d3:4c:7f', [-72, -73, -66, -70, -66, -71, -72, -67]), ('b8:27:eb:cd:4b:81', [-91, -76, -98, -78, -77, -78, -83, -102]), ('b8:27:eb:ee:32:b8', [-84, -84, -77, -88, -82, -83, -75, -83, -99]), ('b8:27:eb:e7:50:37', [-72, -63, -67, -75, -70, -80, -60, -62]), ('b8:27:eb:63:a1:e3', [-82, -47, -56, -58, -60, -64, -61, -65])]
08:31:15.204624,(-86,-81,-90),(-67,-55,-78),(-77,-62,-86),(-81,-72,-93),(-76,-69,-93),(-48,-35,-63)
[('b8:27:eb:b6:43:f8', [-81, -81, -89, -88, -90, -86]), ('b8:27:eb:d3:4c:7f', [-78, -58, -56, -77, -56, -76, -55, -74, -73]), ('b8:27:eb:cd:4b:81', [-68, -78, -79, -80, -81, -79, -86, -75, -62]), ('b8:27:eb:ee:32:b8', [-93, -82, -85, -75, -74, -87, -72, -79, -80]), ('b8:27:eb:e7:50:37', [-69, -70, -93, -78, -78, -76, -73, -69]), ('b8:27:eb:63:a1:e3', [-63, -58, -37, -35, -47])]
08:31:17.092892,(-81,-74,-88),(-69,-51,-77),(-79,-70,-85),(-82,-73,-95),(-80,-73,-92),(-64,-45,-83)
[('b8:27:eb:b6:43:f8', [-75, -83, -80, -88, -81, -74]), ('b8:27:eb:d3:4c:7f', [-61, -51, -77, -74, -68, -72, -72, -73]), ('b8:27:eb:cd:4b:81', [-70, -77, -73, -85, -83, -83]), ('b8:27:eb:ee:32:b8', [-79, -84, -95, -73, -74, -83, -82]), ('b8:27:eb:e7:50:37', [-82, -74, -77, -73, -80, -92]), ('b8:27:eb:63:a1:e3', [-45, -65, -58, -64, -67, -71, -68, -57, -56, -83])]
08:31:19.026242,(-82,-76,-89),(-72,-67,-78),(-80,-72,-90),(-80,-76,-83),(-68,-56,-76),(-60,-46,-68)
[('b8:27:eb:b6:43:f8', [-86, -81, -78, -80, -80, -82, -76, -89, -79, -81]), ('b8:27:eb:d3:4c:7f', [-74, -68, -72, -75, -69, -78, -67, -72]), ('b8:27:eb:cd:4b:81', [-78, -78, -81, -81, -79, -82, -72, -78, -76, -90]), ('b8:27:eb:ee:32:b8', [-79, -83, -83, -76, -76, -76, -78, -81, -83]), ('b8:27:eb:e7:50:37', [-71, -68, -56, -69, -57, -76, -74]), ('b8:27:eb:63:a1:e3', [-68, -54, -61, -58, -67, -61, -63, -46])]
08:31:20.966440,(-81,-69,-86),(-73,-68,-79),(-79,-70,-86),(-79,-72,-86),(-71,-55,-80),(-61,-54,-66)
[('b8:27:eb:b6:43:f8', [-83, -81, -69, -86, -81, -79, -86]), ('b8:27:eb:d3:4c:7f', [-75, -72, -68, -72, -71, -79, -74]), ('b8:27:eb:cd:4b:81', [-74, -82, -86, -78, -70, -80]), ('b8:27:eb:ee:32:b8', [-76, -86, -79, -74, -81, -72, -81]), ('b8:27:eb:e7:50:37', [-70, -74, -80, -76, -69, -71, -68, -55]), ('b8:27:eb:63:a1:e3', [-61, -55, -64, -54, -66, -63])]
08:31:22.880277,(-83,-73,-88),(-77,-70,-91),(-80,-60,-93),(-78,-66,-89),(-68,-56,-80),(-61,-47,-69)
[('b8:27:eb:b6:43:f8', [-77, -86, -88, -87, -84, -82, -73]), ('b8:27:eb:d3:4c:7f', [-75, -71, -73, -79, -70, -83, -73, -91, -73, -75]), ('b8:27:eb:cd:4b:81', [-78, -78, -78, -86, -60, -81, -77, -93, -85]), ('b8:27:eb:ee:32:b8', [-76, -66, -74, -89, -82, -71, -86, -74]), ('b8:27:eb:e7:50:37', [-58, -72, -67, -69, -71, -80, -56]), ('b8:27:eb:63:a1:e3', [-69, -68, -62, -47, -60, -67, -55, -54, -59])]
08:31:24.806143,(-85,-79,-90),(-69,-55,-78),(-75,-61,-84),(-82,-69,-90),(-67,-57,-76),(-59,-46,-70)
[('b8:27:eb:b6:43:f8', [-90, -82, -84, -84, -84, -79, -87]), ('b8:27:eb:d3:4c:7f', [-78, -60, -59, -75, -73, -72, -55, -72, -75]), ('b8:27:eb:cd:4b:81', [-83, -70, -82, -75, -61, -84, -67, -71]), ('b8:27:eb:ee:32:b8', [-87, -90, -69, -86, -89, -87, -72, -71, -84]), ('b8:27:eb:e7:50:37', [-70, -73, -72, -72, -57, -57, -57, -76]), ('b8:27:eb:63:a1:e3', [-67, -52, -70, -60, -65, -46, -58, -49])]
08:31:26.731181,(-84,-76,-91),(-72,-64,-91),(-79,-73,-86),(-84,-75,-95),(-71,-64,-75),(-65,-50,-71)
[('b8:27:eb:b6:43:f8', [-85, -80, -87, -80, -76, -85, -87, -89, -80, -91]), ('b8:27:eb:d3:4c:7f', [-67, -72, -66, -68, -64, -74, -70, -91, -73]), ('b8:27:eb:cd:4b:81', [-80, -83, -73, -74, -75, -76, -78, -81, -86, -78]), ('b8:27:eb:ee:32:b8', [-77, -85, -95, -75, -87, -84, -85, -80]), ('b8:27:eb:e7:50:37', [-65, -64, -71, -70, -72, -72, -75, -72]), ('b8:27:eb:63:a1:e3', [-68, -50, -62, -71, -66, -64, -71])]
08:31:28.623631,(-86,-83,-91),(-76,-61,-85),(-81,-68,-94),(-75,-61,-88),(-69,-63,-71),(-68,-54,-85)
[('b8:27:eb:b6:43:f8', [-85, -85, -83, -91]), ('b8:27:eb:d3:4c:7f', [-61, -74, -77, -85, -82, -80, -68]), ('b8:27:eb:cd:4b:81', [-80, -80, -68, -89, -94, -83, -69, -79]), ('b8:27:eb:ee:32:b8', [-71, -77, -71, -78, -61, -79, -61, -73, -86, -88]), ('b8:27:eb:e7:50:37', [-69, -68, -63, -71, -70, -68, -70, -67, -71]), ('b8:27:eb:63:a1:e3', [-71, -59, -63, -70, -85, -54, -69])]
08:31:30.526076,(-86,-81,-91),(-71,-57,-81),(-79,-66,-85),(-77,-70,-90),(-72,-58,-85),(-65,-58,-74)
[('b8:27:eb:b6:43:f8', [-81, -88, -83, -91, -86]), ('b8:27:eb:d3:4c:7f', [-81, -75, -71, -79, -60, -57, -72]), ('b8:27:eb:cd:4b:81', [-76, -82, -84, -77, -73, -85, -84, -66]), ('b8:27:eb:ee:32:b8', [-75, -90, -75, -80, -70, -76, -70, -79]), ('b8:27:eb:e7:50:37', [-68, -59, -66, -58, -83, -63, -85, -77, -74, -78]), ('b8:27:eb:63:a1:e3', [-67, -58, -58, -63, -74, -60, -73])]
08:31:32.419735,(-84,-74,-94),(-72,-56,-84),(-77,-67,-83),(-85,-73,-92),(-70,-56,-91),(-58,-44,-64)
[('b8:27:eb:b6:43:f8', [-74, -94, -83, -82, -85]), ('b8:27:eb:d3:4c:7f', [-76, -75, -71, -72, -73, -74, -63, -84, -56]), ('b8:27:eb:cd:4b:81', [-82, -72, -75, -82, -80, -83, -74, -67, -76, -78]), ('b8:27:eb:ee:32:b8', [-89, -73, -88, -92, -82, -90, -78]), ('b8:27:eb:e7:50:37', [-91, -73, -56, -57, -68, -81, -61]), ('b8:27:eb:63:a1:e3', [-61, -64, -44, -46, -62, -59, -58, -64])]
08:31:34.327895,(-79,-67,-87),(-66,-54,-76),(-76,-61,-84),(-90,-85,-96),(-73,-69,-77),(-67,-57,-72)
[('b8:27:eb:b6:43:f8', [-81, -79, -70, -81, -87, -87, -73, -67]), ('b8:27:eb:d3:4c:7f', [-76, -54, -71, -75, -69, -56, -75, -62, -54]), ('b8:27:eb:cd:4b:81', [-70, -77, -76, -61, -73, -79, -74, -81, -77, -84]), ('b8:27:eb:ee:32:b8', [-96, -85, -90, -90, -88]), ('b8:27:eb:e7:50:37', [-74, -69, -73, -71, -73, -71, -72, -77]), ('b8:27:eb:63:a1:e3', [-63, -67, -66, -57, -69, -67, -72, -70, -71])]
08:31:36.253787,(-85,-69,-94),(-69,-59,-78),(-78,-62,-99),(-81,-65,-88),(-67,-56,-75),(-68,-55,-78)
[('b8:27:eb:b6:43:f8', [-85, -69, -91, -78, -81, -82, -94, -90, -91]), ('b8:27:eb:d3:4c:7f', [-59, -67, -66, -78, -62, -66, -66, -75, -77, -72]), ('b8:27:eb:cd:4b:81', [-62, -79, -88, -74, -82, -69, -62, -99, -80]), ('b8:27:eb:ee:32:b8', [-78, -81, -86, -88, -65, -84, -86, -82, -78]), ('b8:27:eb:e7:50:37', [-75, -59, -71, -56, -67, -72]), ('b8:27:eb:63:a1:e3', [-57, -71, -67, -55, -78, -68, -71, -73, -67])]
08:31:38.182945,(-87,-75,-97),(-75,-59,-98),(-79,-69,-89),(-79,-64,-87),(-70,-60,-78),(-71,-56,-88)
[('b8:27:eb:b6:43:f8', [-75, -86, -85, -92, -97, -83]), ('b8:27:eb:d3:4c:7f', [-75, -98, -76, -72, -59, -75, -69]), ('b8:27:eb:cd:4b:81', [-80, -80, -77, -69, -77, -76, -89, -82, -73]), ('b8:27:eb:ee:32:b8', [-87, -87, -87, -78, -83, -72, -75, -64, -77, -71]), ('b8:27:eb:e7:50:37', [-70, -71, -74, -74, -70, -60, -78, -61]), ('b8:27:eb:63:a1:e3', [-88, -61, -66, -56, -74, -77, -72])]
08:31:40.084919,(-88,-82,-95),(-76,-70,-86),(-76,-62,-85),(-80,-71,-86),(-72,-61,-77),(-75,-55,-87)
[('b8:27:eb:b6:43:f8', [-88, -95, -88, -83, -82, -91, -91, -86]), ('b8:27:eb:d3:4c:7f', [-70, -70, -73, -75, -79, -76, -86, -74, -76]), ('b8:27:eb:cd:4b:81', [-79, -66, -75, -85, -80, -73, -62, -78, -78]), ('b8:27:eb:ee:32:b8', [-80, -84, -80, -78, -75, -83, -82, -86, -71]), ('b8:27:eb:e7:50:37', [-76, -77, -71, -74, -77, -61, -73, -74, -65, -63]), ('b8:27:eb:63:a1:e3', [-72, -87, -81, -71, -87, -77, -74, -55, -63])]
08:31:41.968429,(-82,-72,-88),(-66,-55,-75),(-72,-59,-80),(-80,-71,-87),(-76,-60,-83),(-67,-49,-72)
[('b8:27:eb:b6:43:f8', [-85, -81, -88, -72, -80, -84, -77, -88]), ('b8:27:eb:d3:4c:7f', [-60, -67, -73, -65, -75, -55, -61, -71]), ('b8:27:eb:cd:4b:81', [-73, -59, -72, -80, -74, -69]), ('b8:27:eb:ee:32:b8', [-81, -82, -83, -76, -71, -80, -87]), ('b8:27:eb:e7:50:37', [-69, -60, -74, -83, -75, -80, -80, -80]), ('b8:27:eb:63:a1:e3', [-63, -49, -70, -64, -71, -69, -72, -71])]
08:31:43.854815,(-88,-83,-101),(-70,-56,-87),(-75,-67,-80),(-78,-67,-83),(-76,-70,-84),(-73,-54,-83)
[('b8:27:eb:b6:43:f8', [-83, -83, -101, -84, -88, -85, -90, -86, -92]), ('b8:27:eb:d3:4c:7f', [-56, -72, -87, -73, -69, -58, -76, -59, -74, -68]), ('b8:27:eb:cd:4b:81', [-75, -80, -67, -72, -78]), ('b8:27:eb:ee:32:b8', [-71, -77, -77, -67, -83, -83, -83, -77]), ('b8:27:eb:e7:50:37', [-80, -84, -75, -71, -71, -70]), ('b8:27:eb:63:a1:e3', [-79, -77, -54, -73, -81, -83, -59])]
08:31:45.778390,(-90,-82,-95),(-76,-61,-91),(-78,-70,-87),(-77,-68,-92),(-75,-62,-87),(-65,-46,-74)
[('b8:27:eb:b6:43:f8', [-88, -85, -90, -82, -94, -90, -95]), ('b8:27:eb:d3:4c:7f', [-91, -70, -82, -81, -72, -74, -76, -61]), ('b8:27:eb:cd:4b:81', [-71, -73, -79, -87, -81, -84, -70]), ('b8:27:eb:ee:32:b8', [-81, -69, -92, -71, -68]), ('b8:27:eb:e7:50:37', [-73, -62, -87, -79, -81, -74, -68, -76]), ('b8:27:eb:63:a1:e3', [-74, -71, -52, -67, -61, -67, -69, -65, -69, -46])]
08:31:47.690893,(-83,-70,-100),(-76,-68,-89),(-78,-67,-82),(-83,-76,-91),(-73,-61,-92),(-67,-54,-70)
[('b8:27:eb:b6:43:f8', [-100, -70, -83, -85, -77, -74, -86, -86]), ('b8:27:eb:d3:4c:7f', [-77, -82, -74, -69, -75, -68, -75, -89, -68]), ('b8:27:eb:cd:4b:81', [-79, -67, -82, -81, -72, -82, -75, -81, -80]), ('b8:27:eb:ee:32:b8', [-91, -84, -83, -80, -76, -84, -78]), ('b8:27:eb:e7:50:37', [-86, -70, -92, -67, -70, -66, -61, -66]), ('b8:27:eb:63:a1:e3', [-70, -69, -69, -54, -68, -70])]
08:31:49.592923,(-81,-74,-86),(-71,-60,-75),(-82,-76,-88),(-79,-68,-86),(-71,-60,-81),(-59,-52,-69)
[('b8:27:eb:b6:43:f8', [-82, -78, -83, -86, -86, -80, -74, -78]), ('b8:27:eb:d3:4c:7f', [-71, -60, -71, -68, -75, -67, -75, -74, -71, -72]), ('b8:27:eb:cd:4b:81', [-76, -82, -79, -86, -88, -84, -85, -81, -76]), ('b8:27:eb:ee:32:b8', [-79, -81, -68, -79, -81, -75, -81, -86]), ('b8:27:eb:e7:50:37', [-72, -60, -68, -67, -68, -73, -74, -73, -69, -81]), ('b8:27:eb:63:a1:e3', [-69, -52, -53, -62, -56, -58])]
08:31:51.479522,(-84,-70,-93),(-69,-56,-86),(-81,-68,-95),(-76,-63,-88),(-72,-56,-80),(-67,-51,-77)
[('b8:27:eb:b6:43:f8', [-77, -83, -90, -89, -90, -70, -76, -93]), ('b8:27:eb:d3:4c:7f', [-73, -56, -56, -70, -73, -86]), ('b8:27:eb:cd:4b:81', [-75, -79, -80, -78, -95, -94, -76, -83, -68]), ('b8:27:eb:ee:32:b8', [-77, -63, -74, -76, -79, -79, -75, -88, -70]), ('b8:27:eb:e7:50:37', [-75, -56, -78, -72, -64, -74, -80, -71, -76]), ('b8:27:eb:63:a1:e3', [-64, -51, -73, -71, -62, -76, -72, -77, -52])]
08:31:53.377798,(-88,-79,-97),(-70,-55,-78),(-77,-60,-88),(-83,-68,-90),(-71,-57,-78),(-69,-63,-75)
[('b8:27:eb:b6:43:f8', [-82, -87, -82, -79, -89, -83, -96, -97, -95, -89]), ('b8:27:eb:d3:4c:7f', [-55, -78, -73, -71, -76, -66, -72, -75, -62]), ('b8:27:eb:cd:4b:81', [-67, -72, -87, -88, -60, -86, -73, -83, -74]), ('b8:27:eb:ee:32:b8', [-85, -86, -79, -89, -90, -85, -80, -68]), ('b8:27:eb:e7:50:37', [-75, -78, -74, -57, -68, -72]), ('b8:27:eb:63:a1:e3', [-66, -73, -75, -63, -68])]
08:31:55.336677,(-80,-67,-95),(-80,-73,-89),(-84,-72,-91),(-84,-71,-90),(-69,-55,-84),(-63,-53,-73)
[('b8:27:eb:b6:43:f8', [-75, -95, -74, -82, -85, -67, -79, -75, -86]), ('b8:27:eb:d3:4c:7f', [-81, -89, -73, -74, -77, -79, -81]), ('b8:27:eb:cd:4b:81', [-72, -87, -81, -80, -91, -89]), ('b8:27:eb:ee:32:b8', [-87, -80, -90, -90, -71, -88, -75, -85]), ('b8:27:eb:e7:50:37', [-70, -84, -73, -69, -56, -72, -55, -74, -72, -56]), ('b8:27:eb:63:a1:e3', [-53, -69, -55, -67, -57, -73])]
08:31:57.273543,(-81,-67,-93),(-71,-59,-76),(-78,-66,-86),(-80,-61,-86),(-72,-61,-79),(-63,-44,-72)
[('b8:27:eb:b6:43:f8', [-67, -83, -73, -75, -93, -85, -84, -86, -77]), ('b8:27:eb:d3:4c:7f', [-73, -71, -73, -69, -59, -70, -72, -76]), ('b8:27:eb:cd:4b:81', [-70, -83, -66, -86, -79, -81, -82, -70]), ('b8:27:eb:ee:32:b8', [-77, -84, -86, -79, -61, -84, -84, -82, -81]), ('b8:27:eb:e7:50:37', [-67, -71, -74, -61, -75, -68, -79, -79, -70, -75]), ('b8:27:eb:63:a1:e3', [-72, -70, -65, -69, -66, -56, -70, -67, -48, -44])]
08:31:59.175932,(-87,-82,-89),(-69,-56,-72),(-79,-71,-89),(-79,-73,-85),(-73,-57,-82),(-67,-55,-76)
[('b8:27:eb:b6:43:f8', [-87, -89, -82, -87]), ('b8:27:eb:d3:4c:7f', [-68, -69, -71, -56, -71, -71, -72]), ('b8:27:eb:cd:4b:81', [-71, -71, -89, -85, -79]), ('b8:27:eb:ee:32:b8', [-73, -85]), ('b8:27:eb:e7:50:37', [-79, -60, -82, -77, -81, -57, -72, -77, -66]), ('b8:27:eb:63:a1:e3', [-55, -70, -76, -58, -75, -67, -63])]
08:32:01.095375,(-85,-78,-92),(-72,-52,-87),(-74,-55,-84),(-87,-77,-95),(-72,-52,-83),(-68,-59,-80)
[('b8:27:eb:b6:43:f8', [-88, -80, -78, -92]), ('b8:27:eb:d3:4c:7f', [-60, -81, -67, -75, -87, -52, -80, -70]), ('b8:27:eb:cd:4b:81', [-75, -84, -68, -74, -55, -82, -77, -73]), ('b8:27:eb:ee:32:b8', [-95, -92, -79, -83, -95, -83, -86, -77]), ('b8:27:eb:e7:50:37', [-73, -52, -75, -68, -78, -72, -83, -72]), ('b8:27:eb:63:a1:e3', [-61, -76, -80, -59, -59, -65, -71, -68, -68])]
08:32:03.017941,(-84,-67,-99),(-72,-61,-78),(-76,-59,-88),(-82,-76,-89),(-73,-55,-83),(-65,-51,-80)
[('b8:27:eb:b6:43:f8', [-79, -99, -84, -87, -84, -82, -92, -74, -90, -67]), ('b8:27:eb:d3:4c:7f', [-78, -72, -61, -76, -77, -70, -61, -74, -73, -78]), ('b8:27:eb:cd:4b:81', [-88, -78, -78, -61, -82, -59, -76, -82, -80]), ('b8:27:eb:ee:32:b8', [-89, -82, -79, -86, -76, -76, -85, -83]), ('b8:27:eb:e7:50:37', [-71, -82, -68, -68, -79, -83, -72, -55]), ('b8:27:eb:63:a1:e3', [-66, -68, -72, -70, -65, -80, -68, -52, -51, -54])]
08:32:04.957943,(-83,-70,-91),(-73,-59,-87),(-75,-67,-80),(-82,-70,-90),(-72,-64,-79),(-71,-64,-79)
[('b8:27:eb:b6:43:f8', [-91, -79, -70, -88, -88, -85, -74, -87]), ('b8:27:eb:d3:4c:7f', [-73, -87, -75, -66, -76, -72, -72, -75, -72, -59]), ('b8:27:eb:cd:4b:81', [-76, -79, -77, -69, -67, -80, -75]), ('b8:27:eb:ee:32:b8', [-89, -83, -90, -82, -88, -75, -70, -73, -84]), ('b8:27:eb:e7:50:37', [-75, -71, -72, -71, -64, -69, -73, -71, -79]), ('b8:27:eb:63:a1:e3', [-72, -64, -72, -70, -70, -73, -67, -66, -79])]
08:32:06.900827,(-89,-77,-96),(-75,-62,-82),(-77,-60,-87),(-81,-71,-90),(-73,-56,-83),(-67,-48,-89)
[('b8:27:eb:b6:43:f8', [-88, -91, -86, -92, -89, -84, -91, -96, -77]), ('b8:27:eb:d3:4c:7f', [-78, -78, -71, -70, -62, -82, -72, -79, -75]), ('b8:27:eb:cd:4b:81', [-77, -71, -81, -82, -78, -87, -60]), ('b8:27:eb:ee:32:b8', [-80, -86, -85, -76, -77, -90, -76, -84, -71]), ('b8:27:eb:e7:50:37', [-78, -62, -83, -71, -56, -79, -79, -74, -73]), ('b8:27:eb:63:a1:e3', [-89, -69, -58, -66, -67, -67, -48])]
08:32:08.808910,(-84,-70,-96),(-70,-57,-76),(-82,-67,-91),(-79,-65,-91),(-70,-53,-79),(-57,-42,-63)
[('b8:27:eb:b6:43:f8', [-82, -92, -81, -70, -96, -82, -86, -80]), ('b8:27:eb:d3:4c:7f', [-67, -72, -67, -76, -68, -76, -57, -74]), ('b8:27:eb:cd:4b:81', [-88, -80, -79, -91, -67, -86, -79]), ('b8:27:eb:ee:32:b8', [-91, -78, -65, -78, -76, -83]), ('b8:27:eb:e7:50:37', [-76, -68, -53, -72, -79]), ('b8:27:eb:63:a1:e3', [-54, -63, -61, -62, -42, -57])]
08:32:10.736506,(-77,-69,-83),(-72,-56,-82),(-76,-62,-81),(-82,-73,-93),(-79,-74,-84),(-67,-51,-80)
[('b8:27:eb:b6:43:f8', [-73, -71, -82, -69, -83, -81, -80]), ('b8:27:eb:d3:4c:7f', [-82, -71, -56, -78, -73, -67, -71]), ('b8:27:eb:cd:4b:81', [-71, -81, -81, -80, -74, -79, -62]), ('b8:27:eb:ee:32:b8', [-79, -80, -84, -93, -73, -82, -83]), ('b8:27:eb:e7:50:37', [-76, -79, -74, -79, -78, -84, -79]), ('b8:27:eb:63:a1:e3', [-60, -65, -51, -68, -74, -70, -62, -80, -71])]
08:32:12.635264,(-84,-69,-93),(-74,-59,-85),(-79,-75,-86),(-80,-73,-84),(-74,-57,-81),(-70,-59,-81)
[('b8:27:eb:b6:43:f8', [-93, -83, -89, -69]), ('b8:27:eb:d3:4c:7f', [-59, -70, -66, -82, -80, -61, -85, -84]), ('b8:27:eb:cd:4b:81', [-76, -79, -75, -78, -86]), ('b8:27:eb:ee:32:b8', [-81, -84, -83, -81, -73, -73, -80, -80]), ('b8:27:eb:e7:50:37', [-72, -81, -72, -57, -71, -76, -72, -79, -78]), ('b8:27:eb:63:a1:e3', [-67, -59, -65, -81, -69, -77, -60, -78])]
08:32:14.524029,(-86,-79,-89),(-75,-61,-81),(-75,-68,-83),(-82,-73,-87),(-64,-55,-70),(-67,-47,-79)
[('b8:27:eb:b6:43:f8', [-85, -87, -89, -88, -79]), ('b8:27:eb:d3:4c:7f', [-61, -79, -81, -74, -74, -79, -74, -71]), ('b8:27:eb:cd:4b:81', [-73, -75, -68, -74, -83, -76]), ('b8:27:eb:ee:32:b8', [-87, -79, -77, -82, -85, -84, -86, -73, -85, -80]), ('b8:27:eb:e7:50:37', [-70, -59, -66, -55, -56, -70, -67]), ('b8:27:eb:63:a1:e3', [-47, -74, -69, -57, -68, -69, -67, -67, -79])]
08:32:16.454316,(-85,-73,-92),(-74,-63,-80),(-76,-72,-81),(-83,-72,-96),(-77,-69,-83),(-69,-51,-78)
[('b8:27:eb:b6:43:f8', [-80, -83, -86, -89, -87, -73, -92]), ('b8:27:eb:d3:4c:7f', [-73, -67, -76, -63, -71, -76, -73, -76, -78, -80]), ('b8:27:eb:cd:4b:81', [-72, -80, -81, -73, -72]), ('b8:27:eb:ee:32:b8', [-72, -96, -74, -91, -81, -76, -87]), ('b8:27:eb:e7:50:37', [-83, -72, -76, -79, -80, -74, -69]), ('b8:27:eb:63:a1:e3', [-71, -74, -75, -55, -51, -78, -75, -73])]
08:32:18.377624,(-76,-70,-82),(-72,-57,-80),(-81,-73,-91),(-83,-81,-84),(-72,-59,-83),(-64,-50,-73)
[('b8:27:eb:b6:43:f8', [-70, -82, -77, -74]), ('b8:27:eb:d3:4c:7f', [-74, -61, -57, -80, -73, -79, -72, -71, -75]), ('b8:27:eb:cd:4b:81', [-76, -83, -73, -79, -91, -79]), ('b8:27:eb:ee:32:b8', [-81, -84, -82]), ('b8:27:eb:e7:50:37', [-73, -75, -76, -79, -83, -60, -74, -59, -69]), ('b8:27:eb:63:a1:e3', [-73, -72, -73, -64, -61, -64, -50, -63, -53])]
08:32:20.297025,(-87,-71,-97),(-69,-57,-88),(-80,-75,-87),(-77,-60,-85),(-73,-51,-94),(-70,-64,-77)
[('b8:27:eb:b6:43:f8', [-71, -97, -87, -91]), ('b8:27:eb:d3:4c:7f', [-88, -71, -70, -57, -59, -71, -67, -68, -66, -68]), ('b8:27:eb:cd:4b:81', [-77, -78, -86, -76, -75, -76, -81, -79, -87, -79]), ('b8:27:eb:ee:32:b8', [-60, -79, -85, -77, -85, -82, -71]), ('b8:27:eb:e7:50:37', [-87, -55, -75, -77, -80, -72, -80, -94, -51, -57]), ('b8:27:eb:63:a1:e3', [-74, -67, -64, -77, -70, -66, -66, -69, -73])]
08:32:22.228114,(-83,-72,-86),(-79,-64,-87),(-75,-56,-85),(-84,-73,-90),(-74,-54,-85),(-66,-50,-74)
[('b8:27:eb:b6:43:f8', [-86, -86, -84, -82, -84, -72]), ('b8:27:eb:d3:4c:7f', [-87, -83, -64, -73, -85, -79, -85, -73]), ('b8:27:eb:cd:4b:81', [-70, -56, -84, -85, -72, -76, -79, -71, -74]), ('b8:27:eb:ee:32:b8', [-87, -73, -90, -86, -90, -82, -90, -74]), ('b8:27:eb:e7:50:37', [-68, -85, -83, -83, -85, -70, -74, -58, -74, -54]), ('b8:27:eb:63:a1:e3', [-73, -50, -52, -67, -74, -61, -69, -74, -74])]
08:32:24.163837,(-82,-76,-84),(-72,-58,-82),(-79,-67,-89),(-83,-80,-87),(-68,-54,-80),(-66,-51,-74)
[('b8:27:eb:b6:43:f8', [-84, -84, -77, -83, -84, -76]), ('b8:27:eb:d3:4c:7f', [-75, -79, -82, -73, -79, -58, -72, -62, -78, -60]), ('b8:27:eb:cd:4b:81', [-80, -67, -74, -82, -89, -83, -78]), ('b8:27:eb:ee:32:b8', [-80, -83, -83, -82, -87]), ('b8:27:eb:e7:50:37', [-66, -73, -60, -69, -70, -67, -80, -54, -72]), ('b8:27:eb:63:a1:e3', [-52, -74, -51, -71, -69, -69, -64, -68, -67, -67])]
08:32:26.105032,(-82,-74,-91),(-69,-59,-77),(-79,-64,-96),(-84,-75,-89),(-68,-55,-81),(-60,-47,-70)
[('b8:27:eb:b6:43:f8', [-91, -76, -84, -80, -74, -78, -83, -85]), ('b8:27:eb:d3:4c:7f', [-73, -67, -61, -77, -75, -69, -59, -70]), ('b8:27:eb:cd:4b:81', [-96, -76, -87, -85, -76, -64, -66, -79, -75]), ('b8:27:eb:ee:32:b8', [-85, -75, -89, -83, -88, -82, -84]), ('b8:27:eb:e7:50:37', [-55, -68, -73, -71, -64, -74, -59, -78, -57, -81]), ('b8:27:eb:63:a1:e3', [-62, -63, -62, -47, -58, -55, -70])]
08:32:28.038730,(-84,-72,-96),(-72,-61,-81),(-73,-60,-84),(-84,-74,-92),(-75,-60,-81),(-72,-57,-84)
[('b8:27:eb:b6:43:f8', [-81, -88, -72, -75, -81, -85, -89, -90, -96, -80]), ('b8:27:eb:d3:4c:7f', [-70, -67, -73, -72, -81, -71, -72, -80, -61]), ('b8:27:eb:cd:4b:81', [-82, -60, -67, -63, -84, -62, -83, -83]), ('b8:27:eb:ee:32:b8', [-86, -86, -82, -92, -74, -76, -85, -85]), ('b8:27:eb:e7:50:37', [-81, -79, -75, -81, -60, -70, -73]), ('b8:27:eb:63:a1:e3', [-57, -73, -84, -77, -68, -73, -72, -66])]
08:32:29.971224,(-85,-76,-89),(-75,-65,-81),(-80,-68,-87),(-87,-83,-89),(-71,-55,-80),(-69,-60,-81)
[('b8:27:eb:b6:43:f8', [-76, -85, -81, -89, -89, -87]), ('b8:27:eb:d3:4c:7f', [-72, -81, -75, -65, -79, -75]), ('b8:27:eb:cd:4b:81', [-79, -68, -82, -87, -75, -83, -84, -80, -82]), ('b8:27:eb:ee:32:b8', [-88, -83, -88, -87, -87, -86, -89]), ('b8:27:eb:e7:50:37', [-73, -55, -71, -80, -67, -75, -68, -76, -74]), ('b8:27:eb:63:a1:e3', [-68, -62, -66, -69, -76, -69, -81, -60, -66])]
08:32:31.870102,(-84,-75,-94),(-72,-53,-84),(-76,-66,-81),(-81,-66,-91),(-72,-64,-78),(-74,-66,-84)
[('b8:27:eb:b6:43:f8', [-75, -80, -83, -93, -86, -94, -84, -77]), ('b8:27:eb:d3:4c:7f', [-62, -58, -81, -82, -84, -53, -72, -75, -73]), ('b8:27:eb:cd:4b:81', [-75, -81, -66, -79, -66, -80, -80, -77]), ('b8:27:eb:ee:32:b8', [-91, -85, -85, -70, -66, -82, -85, -76, -84]), ('b8:27:eb:e7:50:37', [-71, -78, -69, -64, -74, -69, -74, -75]), ('b8:27:eb:63:a1:e3', [-84, -83, -73, -68, -80, -72, -66, -66])]
08:32:33.797586,(-86,-76,-94),(-77,-62,-85),(-80,-71,-90),(-86,-80,-91),(-63,-54,-77),(-72,-64,-84)
[('b8:27:eb:b6:43:f8', [-76, -86, -82, -90, -94, -83, -86]), ('b8:27:eb:d3:4c:7f', [-74, -75, -82, -62, -81, -79, -85, -77, -76]), ('b8:27:eb:cd:4b:81', [-76, -74, -75, -71, -71, -90, -89, -89]), ('b8:27:eb:ee:32:b8', [-87, -91, -90, -90, -84, -80, -83, -81, -82]), ('b8:27:eb:e7:50:37', [-73, -54, -57, -59, -54, -77]), ('b8:27:eb:63:a1:e3', [-71, -66, -84, -71, -64, -77, -67])]
08:32:35.699479,(-84,-70,-99),(-76,-59,-94),(-77,-65,-83),(-81,-74,-88),(-75,-58,-85),(-70,-56,-77)
[('b8:27:eb:b6:43:f8', [-99, -84, -87, -70, -87, -91, -72, -82, -73, -88]), ('b8:27:eb:d3:4c:7f', [-72, -74, -94, -59, -69, -85]), ('b8:27:eb:cd:4b:81', [-75, -78, -65, -83, -82, -82, -68]), ('b8:27:eb:ee:32:b8', [-86, -83, -75, -85, -80, -77, -88, -74, -80]), ('b8:27:eb:e7:50:37', [-77, -58, -76, -75, -85, -75, -73]), ('b8:27:eb:63:a1:e3', [-69, -70, -69, -76, -56, -71, -61, -74, -77])]
08:32:37.626939,(-84,-73,-91),(-73,-59,-85),(-76,-63,-83),(-84,-72,-97),(-69,-55,-80),(-65,-54,-72)
[('b8:27:eb:b6:43:f8', [-86, -81, -83, -87, -73, -91]), ('b8:27:eb:d3:4c:7f', [-62, -59, -80, -85, -70, -76, -69, -77, -73]), ('b8:27:eb:cd:4b:81', [-76, -71, -72, -80, -80, -83, -63, -81]), ('b8:27:eb:ee:32:b8', [-75, -92, -97, -87, -72, -82, -79]), ('b8:27:eb:e7:50:37', [-80, -56, -69, -76, -57, -77, -69, -68, -55, -76]), ('b8:27:eb:63:a1:e3', [-72, -70, -69, -62, -63, -59, -54, -72, -60, -65])]
08:32:39.514554,(-85,-75,-90),(-71,-58,-82),(-79,-67,-98),(-86,-80,-92),(-75,-55,-88),(-63,-49,-73)
[('b8:27:eb:b6:43:f8', [-87, -90, -75, -90, -84, -78, -89, -80]), ('b8:27:eb:d3:4c:7f', [-69, -75, -82, -68, -74, -58, -72, -60, -73]), ('b8:27:eb:cd:4b:81', [-85, -77, -74, -78, -98, -82, -71, -67, -73]), ('b8:27:eb:ee:32:b8', [-85, -89, -92, -87, -81, -84, -80]), ('b8:27:eb:e7:50:37', [-76, -55, -73, -87, -76, -88, -67, -68, -70, -83]), ('b8:27:eb:63:a1:e3', [-66, -49, -63, -61, -71, -64, -67, -62, -73, -52])]
08:32:41.428090,(-86,-81,-89),(-74,-67,-78),(-82,-73,-92),(-80,-67,-96),(-72,-68,-75),(-64,-56,-71)
[('b8:27:eb:b6:43:f8', [-89, -81, -87, -84]), ('b8:27:eb:d3:4c:7f', [-75, -67, -73, -78, -75]), ('b8:27:eb:cd:4b:81', [-73, -83, -79, -92, -79, -75, -87, -83]), ('b8:27:eb:ee:32:b8', [-96, -75, -75, -88, -76, -77, -67]), ('b8:27:eb:e7:50:37', [-69, -72, -71, -68, -75, -73]), ('b8:27:eb:63:a1:e3', [-57, -65, -61, -66, -71, -66, -67, -65, -56, -62])]
08:32:43.335659,(-88,-79,-93),(-79,-70,-85),(-83,-74,-88),(-77,-61,-84),(-74,-59,-81),(-65,-51,-74)
[('b8:27:eb:b6:43:f8', [-81, -90, -79, -92, -86, -90, -93]), ('b8:27:eb:d3:4c:7f', [-83, -77, -76, -76, -75, -84, -70, -85]), ('b8:27:eb:cd:4b:81', [-74, -88, -80, -87, -88, -88, -81, -79, -80]), ('b8:27:eb:ee:32:b8', [-83, -80, -84, -79, -83, -69, -77, -61]), ('b8:27:eb:e7:50:37', [-79, -71, -59, -69, -79, -77, -81, -70]), ('b8:27:eb:63:a1:e3', [-64, -71, -51, -65, -60, -64, -67, -74])]
08:32:45.292516,(-85,-76,-95),(-79,-73,-88),(-79,-60,-88),(-81,-59,-92),(-76,-58,-92),(-68,-54,-82)
[('b8:27:eb:b6:43:f8', [-76, -90, -78, -89, -86, -85, -95, -76]), ('b8:27:eb:d3:4c:7f', [-79, -88, -73, -75]), ('b8:27:eb:cd:4b:81', [-72, -88, -77, -82, -79, -85, -82, -60]), ('b8:27:eb:ee:32:b8', [-59, -86, -89, -92, -75, -72, -83, -83, -83]), ('b8:27:eb:e7:50:37', [-75, -70, -79, -77, -58, -81, -92]), ('b8:27:eb:63:a1:e3', [-72, -58, -82, -70, -78, -71, -69, -54, -55])]
08:32:47.221153,(-83,-75,-91),(-74,-68,-79),(-79,-70,-88),(-83,-76,-89),(-65,-52,-81),(-66,-50,-85)
[('b8:27:eb:b6:43:f8', [-91, -78, -84, -75, -86, -84]), ('b8:27:eb:d3:4c:7f', [-70, -77, -68, -78, -79, -75, -69]), ('b8:27:eb:cd:4b:81', [-83, -75, -83, -77, -77, -88, -83, -70, -74]), ('b8:27:eb:ee:32:b8', [-76, -85, -83, -89, -81]), ('b8:27:eb:e7:50:37', [-58, -59, -69, -62, -81, -71, -52]), ('b8:27:eb:63:a1:e3', [-50, -85, -71, -53, -66, -76, -64, -55, -72])]
08:32:49.152835,(-84,-76,-89),(-77,-72,-82),(-79,-60,-89),(-84,-75,-96),(-69,-57,-74),(-60,-55,-63)
[('b8:27:eb:b6:43:f8', [-85, -84, -78, -84, -89, -81, -76, -89, -82]), ('b8:27:eb:d3:4c:7f', [-72, -82, -73, -74, -79, -78]), ('b8:27:eb:cd:4b:81', [-78, -84, -89, -68, -88, -60, -89, -76, -86, -68]), ('b8:27:eb:ee:32:b8', [-88, -76, -96, -83, -88, -89, -81, -79, -75]), ('b8:27:eb:e7:50:37', [-74, -68, -74, -57, -66, -71, -64, -72, -71, -72]), ('b8:27:eb:63:a1:e3', [-61, -63, -63, -55, -60, -57, -57, -63])]
08:32:51.061899,(-77,-65,-89),(-74,-70,-75),(-77,-61,-88),(-85,-75,-95),(-68,-59,-71),(-60,-47,-69)
[('b8:27:eb:b6:43:f8', [-65, -77, -70, -78, -70, -79, -87, -89]), ('b8:27:eb:d3:4c:7f', [-70, -75, -75, -73, -73, -72, -73, -75]), ('b8:27:eb:cd:4b:81', [-88, -75, -78, -66, -77, -81, -81, -78, -61]), ('b8:27:eb:ee:32:b8', [-95, -79, -93, -84, -87, -75, -83, -87, -79]), ('b8:27:eb:e7:50:37', [-59, -69, -71, -71, -68, -69, -61, -70]), ('b8:27:eb:63:a1:e3', [-47, -61, -65, -52, -63, -61, -65, -49, -63, -69])]
08:32:52.976162,(-83,-78,-87),(-78,-73,-83),(-78,-67,-85),(-76,-60,-85),(-73,-60,-79),(-66,-55,-79)
[('b8:27:eb:b6:43:f8', [-84, -87, -85, -85, -78, -80, -86, -79]), ('b8:27:eb:d3:4c:7f', [-73, -78, -83, -79, -75, -75]), ('b8:27:eb:cd:4b:81', [-81, -83, -67, -68, -83, -85, -75]), ('b8:27:eb:ee:32:b8', [-81, -85, -75, -83, -60, -74, -68, -75, -76]), ('b8:27:eb:e7:50:37', [-71, -70, -69, -74, -75, -77, -60, -75, -79]), ('b8:27:eb:63:a1:e3', [-65, -78, -79, -58, -69, -55, -58, -67, -64])]
08:32:54.873376,(-80,-62,-91),(-69,-58,-89),(-73,-71,-75),(-72,-59,-80),(-59,-43,-67),(-55,-43,-64)
[('b8:27:eb:b6:43:f8', [-84, -81, -84, -76, -78, -81, -62, -91, -80, -78]), ('b8:27:eb:d3:4c:7f', [-59, -69, -89, -58, -66]), ('b8:27:eb:cd:4b:81', [-72, -72, -73, -72, -74, -71, -75]), ('b8:27:eb:ee:32:b8', [-78, -72, -71, -69, -68, -74, -75, -59, -80]), ('b8:27:eb:e7:50:37', [-67, -66, -48, -43, -61, -62, -59, -60, -59]), ('b8:27:eb:63:a1:e3', [-64, -56, -54, -52, -43, -58, -58])]
08:32:56.762985,(-79,-66,-84),(-66,-51,-73),(-77,-68,-91),(-73,-62,-87),(-59,-46,-64),(-56,-44,-68)
[('b8:27:eb:b6:43:f8', [-82, -82, -72, -80, -76, -83, -66, -78, -84]), ('b8:27:eb:d3:4c:7f', [-66, -66, -63, -51, -67, -66, -72, -65, -67, -73]), ('b8:27:eb:cd:4b:81', [-91, -68, -79, -76, -71, -69, -77, -77, -79]), ('b8:27:eb:ee:32:b8', [-70, -81, -64, -62, -68, -76, -87, -72, -70]), ('b8:27:eb:e7:50:37', [-46, -63, -58, -60, -64, -51, -60, -62, -64]), ('b8:27:eb:63:a1:e3', [-44, -57, -54, -56, -46, -64, -68, -50, -65])]
08:32:58.654565,(-71,-62,-79),(-65,-59,-75),(-75,-64,-91),(-77,-70,-84),(-70,-66,-73),(-60,-55,-75)
[('b8:27:eb:b6:43:f8', [-76, -67, -79, -62, -75, -74, -62, -69]), ('b8:27:eb:d3:4c:7f', [-75, -60, -70, -59, -69, -61, -67, -59]), ('b8:27:eb:cd:4b:81', [-77, -64, -67, -91, -71, -77]), ('b8:27:eb:ee:32:b8', [-84, -75, -83, -74, -78, -72, -70, -72, -80]), ('b8:27:eb:e7:50:37', [-70, -73, -66, -70, -73, -67]), ('b8:27:eb:63:a1:e3', [-75, -57, -65, -61, -57, -56, -56, -58, -55])]
08:33:00.582749,(-74,-66,-84),(-64,-50,-71),(-68,-59,-77),(-78,-72,-85),(-66,-56,-73),(-56,-48,-67)
[('b8:27:eb:b6:43:f8', [-84, -66, -74, -82, -66, -68]), ('b8:27:eb:d3:4c:7f', [-63, -65, -50, -61, -67, -61, -71, -69]), ('b8:27:eb:cd:4b:81', [-61, -59, -67, -72, -72, -77]), ('b8:27:eb:ee:32:b8', [-72, -74, -80, -75, -80, -75, -77, -85, -81]), ('b8:27:eb:e7:50:37', [-66, -59, -56, -73, -73, -72, -61]), ('b8:27:eb:63:a1:e3', [-67, -64, -58, -53, -52, -48, -56, -55, -49])]
08:33:02.478971,(-79,-77,-81),(-69,-58,-79),(-75,-61,-85),(-74,-62,-79),(-70,-65,-77),(-56,-41,-69)
[('b8:27:eb:b6:43:f8', [-77, -77, -81, -79]), ('b8:27:eb:d3:4c:7f', [-73, -58, -72, -62, -79, -67, -71]), ('b8:27:eb:cd:4b:81', [-82, -61, -73, -67, -80, -85]), ('b8:27:eb:ee:32:b8', [-75, -76, -70, -76, -74, -62, -79]), ('b8:27:eb:e7:50:37', [-74, -68, -66, -77, -65, -69, -67]), ('b8:27:eb:63:a1:e3', [-63, -55, -54, -41, -51, -60, -64, -69, -47])]
08:33:04.367430,(-78,-72,-84),(-67,-58,-72),(-79,-60,-90),(-75,-66,-81),(-65,-56,-78),(-62,-56,-66)
[('b8:27:eb:b6:43:f8', [-78, -76, -73, -74, -72, -82, -78, -84, -78]), ('b8:27:eb:d3:4c:7f', [-59, -58, -67, -70, -72, -67, -70, -72]), ('b8:27:eb:cd:4b:81', [-86, -88, -90, -71, -60, -78]), ('b8:27:eb:ee:32:b8', [-76, -81, -66]), ('b8:27:eb:e7:50:37', [-56, -78, -64, -71, -68, -62, -61, -56]), ('b8:27:eb:63:a1:e3', [-66, -62, -66, -57, -56, -57, -61, -64])]
08:33:06.261826,(-80,-69,-85),(-67,-53,-76),(-77,-75,-80),(-78,-68,-82),(-65,-45,-78),(-58,-51,-66)
[('b8:27:eb:b6:43:f8', [-85, -81, -80, -79, -69, -83, -80]), ('b8:27:eb:d3:4c:7f', [-74, -76, -65, -75, -53, -72, -57, -57]), ('b8:27:eb:cd:4b:81', [-76, -78, -76, -80, -76, -75, -75, -79]), ('b8:27:eb:ee:32:b8', [-81, -79, -79, -78, -68, -82, -80, -74]), ('b8:27:eb:e7:50:37', [-69, -62, -78, -70, -73, -67, -45, -55, -59]), ('b8:27:eb:63:a1:e3', [-55, -57, -57, -63, -66, -51, -51, -63])]
08:33:08.159444,(-80,-74,-84),(-66,-56,-76),(-77,-67,-86),(-73,-62,-82),(-61,-51,-73),(-62,-47,-70)
[('b8:27:eb:b6:43:f8', [-82, -74, -80, -84, -79]), ('b8:27:eb:d3:4c:7f', [-56, -71, -76, -58]), ('b8:27:eb:cd:4b:81', [-81, -75, -77, -75, -74, -67, -86, -80]), ('b8:27:eb:ee:32:b8', [-71, -73, -82, -75, -75, -73, -77, -62, -67]), ('b8:27:eb:e7:50:37', [-51, -73, -57, -64, -58]), ('b8:27:eb:63:a1:e3', [-65, -70, -65, -66, -47, -57, -68, -59, -53])]
08:33:10.043341,(-81,-73,-89),(-65,-55,-77),(-77,-62,-86),(-74,-61,-85),(-65,-50,-71),(-59,-44,-66)
[('b8:27:eb:b6:43:f8', [-76, -73, -82, -89, -85, -83, -74]), ('b8:27:eb:d3:4c:7f', [-55, -56, -69, -67, -72, -62, -56, -77]), ('b8:27:eb:cd:4b:81', [-78, -62, -80, -73, -86, -73, -86, -78]), ('b8:27:eb:ee:32:b8', [-73, -61, -76, -76, -61, -85, -84, -74]), ('b8:27:eb:e7:50:37', [-69, -66, -50, -64, -66, -65, -71, -64]), ('b8:27:eb:63:a1:e3', [-66, -53, -58, -66, -44, -59, -59, -61])]
08:33:11.940648,(-78,-70,-87),(-73,-62,-87),(-76,-58,-82),(-71,-57,-87),(-59,-50,-71),(-60,-45,-69)
[('b8:27:eb:b6:43:f8', [-80, -78, -80, -71, -80, -80, -70, -72, -87, -81]), ('b8:27:eb:d3:4c:7f', [-87, -69, -73, -71, -73, -62, -71]), ('b8:27:eb:cd:4b:81', [-80, -81, -76, -58, -82, -75, -78]), ('b8:27:eb:ee:32:b8', [-60, -75, -63, -57, -72, -87, -81]), ('b8:27:eb:e7:50:37', [-65, -67, -71, -50, -50, -51, -63, -50, -61]), ('b8:27:eb:63:a1:e3', [-57, -57, -69, -58, -63, -63, -45, -63])]
08:33:13.855895,(-79,-69,-91),(-67,-52,-74),(-81,-70,-93),(-70,-55,-78),(-65,-52,-75),(-57,-49,-67)
[('b8:27:eb:b6:43:f8', [-76, -73, -71, -79, -84, -69, -91, -86]), ('b8:27:eb:d3:4c:7f', [-74, -59, -68, -52, -72, -71, -61, -72, -72, -61]), ('b8:27:eb:cd:4b:81', [-79, -87, -93, -70, -76, -75, -79, -82, -80]), ('b8:27:eb:ee:32:b8', [-55, -78, -76, -66, -74, -71, -73, -78, -57]), ('b8:27:eb:e7:50:37', [-52, -60, -75, -61, -67, -71]), ('b8:27:eb:63:a1:e3', [-67, -49, -60, -59, -63, -49, -49, -54])]
08:33:15.764878,(-87,-77,-95),(-67,-62,-75),(-74,-68,-77),(-74,-57,-84),(-60,-50,-72),(-67,-57,-83)
[('b8:27:eb:b6:43:f8', [-81, -89, -85, -77, -87, -95, -91, -87]), ('b8:27:eb:d3:4c:7f', [-62, -75, -69, -71, -66, -66, -62, -65]), ('b8:27:eb:cd:4b:81', [-76, -73, -77, -68, -76, -71]), ('b8:27:eb:ee:32:b8', [-75, -71, -74, -76, -57, -79, -76, -84]), ('b8:27:eb:e7:50:37', [-72, -65, -60, -63, -50, -52, -53]), ('b8:27:eb:63:a1:e3', [-61, -71, -63, -64, -63, -83, -57, -67])]
08:33:17.661443,(-76,-67,-85),(-64,-55,-71),(-70,-60,-83),(-77,-62,-95),(-67,-54,-75),(-58,-49,-67)
[('b8:27:eb:b6:43:f8', [-85, -67, -76, -75, -74]), ('b8:27:eb:d3:4c:7f', [-55, -55, -71, -68, -70, -70, -57]), ('b8:27:eb:cd:4b:81', [-61, -62, -67, -73, -83, -60, -78, -74]), ('b8:27:eb:ee:32:b8', [-95, -69, -73, -62, -84, -70, -73, -81, -79, -76]), ('b8:27:eb:e7:50:37', [-75, -67, -72, -54, -70, -71, -65, -59, -67]), ('b8:27:eb:63:a1:e3', [-63, -49, -52, -60, -67, -50, -62, -57])]
08:33:19.556970,(-75,-67,-78),(-65,-46,-76),(-77,-71,-88),(-81,-78,-84),(-65,-54,-77),(-56,-46,-64)
[('b8:27:eb:b6:43:f8', [-76, -67, -77, -78, -73, -77, -74]), ('b8:27:eb:d3:4c:7f', [-69, -63, -69, -76, -72, -63, -46, -63, -61]), ('b8:27:eb:cd:4b:81', [-73, -88, -71, -77, -74, -72, -72, -86]), ('b8:27:eb:ee:32:b8', [-79, -78, -82, -82, -79, -78, -84]), ('b8:27:eb:e7:50:37', [-77, -67, -67, -54, -67, -55, -64]), ('b8:27:eb:63:a1:e3', [-48, -63, -63, -64, -46, -63, -51, -50])]
08:33:21.443426,(-77,-60,-88),(-68,-58,-84),(-70,-54,-78),(-77,-61,-86),(-68,-61,-73),(-60,-42,-70)
[('b8:27:eb:b6:43:f8', [-75, -60, -68, -81, -69, -88, -80, -87, -77]), ('b8:27:eb:d3:4c:7f', [-63, -58, -63, -69, -68, -84]), ('b8:27:eb:cd:4b:81', [-73, -54, -70, -65, -78, -72, -78]), ('b8:27:eb:ee:32:b8', [-81, -69, -80, -79, -61, -86, -76, -81]), ('b8:27:eb:e7:50:37', [-73, -73, -67, -65, -61, -69, -69, -65]), ('b8:27:eb:63:a1:e3', [-42, -58, -64, -65, -65, -70, -50])]
08:33:23.400072,(-81,-69,-91),(-73,-67,-78),(-80,-70,-88),(-79,-70,-86),(-64,-61,-68),(-56,-45,-64)
[('b8:27:eb:b6:43:f8', [-69, -78, -78, -86, -91, -79, -80]), ('b8:27:eb:d3:4c:7f', [-78, -72, -67, -73, -77, -68]), ('b8:27:eb:cd:4b:81', [-76, -76, -83, -70, -82, -88]), ('b8:27:eb:ee:32:b8', [-86, -84, -79, -73, -79, -80, -78, -70, -79]), ('b8:27:eb:e7:50:37', [-64, -68, -63, -61, -61, -66, -64]), ('b8:27:eb:63:a1:e3', [-59, -59, -45, -57, -64, -57, -52, -64, -46])]
08:33:25.336442,(-81,-72,-92),(-67,-51,-79),(-79,-73,-91),(-77,-69,-87),(-65,-51,-72),(-58,-45,-70)
[('b8:27:eb:b6:43:f8', [-76, -72, -92, -85, -79]), ('b8:27:eb:d3:4c:7f', [-71, -57, -51, -69, -73, -79, -67]), ('b8:27:eb:cd:4b:81', [-76, -91, -80, -73, -74, -78]), ('b8:27:eb:ee:32:b8', [-78, -77, -74, -72, -69, -87, -77]), ('b8:27:eb:e7:50:37', [-51, -63, -67, -65, -66, -72, -61, -72, -70, -57]), ('b8:27:eb:63:a1:e3', [-59, -60, -58, -45, -59, -49, -64, -70])]
08:33:27.272822,(-79,-66,-85),(-63,-49,-72),(-71,-57,-78),(-82,-70,-90),(-66,-51,-73),(-53,-44,-63)
[('b8:27:eb:b6:43:f8', [-66, -74, -75, -84, -82, -81, -85, -78, -81, -83]), ('b8:27:eb:d3:4c:7f', [-65, -67, -63, -49, -72, -61]), ('b8:27:eb:cd:4b:81', [-71, -74, -70, -77, -78, -61, -73, -57, -76]), ('b8:27:eb:ee:32:b8', [-83, -70, -90, -76, -82, -84, -83]), ('b8:27:eb:e7:50:37', [-73, -66, -60, -51, -69, -68, -69]), ('b8:27:eb:63:a1:e3', [-55, -47, -44, -45, -47, -63, -63, -54])]
08:33:29.176534,(-78,-61,-89),(-59,-49,-69),(-71,-58,-76),(-82,-69,-85),(-68,-51,-79),(-59,-44,-71)
[('b8:27:eb:b6:43:f8', [-68, -82, -76, -84, -87, -79, -73, -61, -89]), ('b8:27:eb:d3:4c:7f', [-61, -68, -69, -51, -55, -49, -58, -57]), ('b8:27:eb:cd:4b:81', [-74, -58, -68, -76, -76, -67, -76]), ('b8:27:eb:ee:32:b8', [-84, -81, -85, -85, -81, -83, -85, -69]), ('b8:27:eb:e7:50:37', [-79, -71, -62, -63, -75, -66, -51, -68, -78, -65]), ('b8:27:eb:63:a1:e3', [-56, -57, -58, -61, -44, -65, -71, -55])]
08:33:31.084584,(-84,-78,-91),(-72,-51,-84),(-80,-72,-92),(-73,-58,-85),(-66,-49,-75),(-58,-49,-62)
[('b8:27:eb:b6:43:f8', [-83, -90, -83, -84, -80, -78, -91, -84, -79]), ('b8:27:eb:d3:4c:7f', [-51, -68, -78, -71, -84, -72, -69, -81]), ('b8:27:eb:cd:4b:81', [-76, -84, -74, -72, -92]), ('b8:27:eb:ee:32:b8', [-74, -62, -74, -74, -58, -85, -82, -70]), ('b8:27:eb:e7:50:37', [-56, -73, -49, -68, -72, -67, -75]), ('b8:27:eb:63:a1:e3', [-62, -61, -57, -57, -49])]
08:33:32.997400,(-81,-74,-89),(-68,-52,-81),(-76,-62,-83),(-70,-56,-74),(-67,-62,-73),(-62,-42,-82)
[('b8:27:eb:b6:43:f8', [-74, -76, -81, -81, -81, -89, -75, -84]), ('b8:27:eb:d3:4c:7f', [-74, -67, -81, -71, -69, -56, -52, -70]), ('b8:27:eb:cd:4b:81', [-74, -83, -73, -82, -82, -62, -80, -67]), ('b8:27:eb:ee:32:b8', [-56, -74, -73, -74, -73, -61, -74]), ('b8:27:eb:e7:50:37', [-72, -62, -63, -64, -73, -63, -72]), ('b8:27:eb:63:a1:e3', [-42, -61, -60, -54, -59, -82, -72, -60])]
08:33:34.932232,(-82,-72,-97),(-67,-58,-73),(-74,-61,-86),(-82,-73,-91),(-72,-63,-90),(-61,-41,-72)
[('b8:27:eb:b6:43:f8', [-82, -72, -97, -83, -80, -78]), ('b8:27:eb:d3:4c:7f', [-68, -67, -58, -68, -73]), ('b8:27:eb:cd:4b:81', [-77, -74, -86, -74, -74, -61, -78, -62, -75]), ('b8:27:eb:ee:32:b8', [-81, -73, -82, -91, -81, -81]), ('b8:27:eb:e7:50:37', [-90, -69, -63, -72, -81, -64, -69, -65]), ('b8:27:eb:63:a1:e3', [-67, -72, -41, -55, -60, -62, -67])]
08:33:36.856175,(-80,-74,-86),(-64,-51,-73),(-77,-75,-78),(-83,-74,-87),(-65,-50,-83),(-64,-47,-72)
[('b8:27:eb:b6:43:f8', [-82, -81, -74, -78, -77, -86]), ('b8:27:eb:d3:4c:7f', [-51, -66, -73, -63, -59, -70]), ('b8:27:eb:cd:4b:81', [-78, -75]), ('b8:27:eb:ee:32:b8', [-74, -82, -87, -81, -87]), ('b8:27:eb:e7:50:37', [-67, -55, -64, -50, -57, -71, -72, -83]), ('b8:27:eb:63:a1:e3', [-57, -69, -72, -72, -71, -64, -47, -61, -63])]
08:33:38.792213,(-81,-74,-90),(-68,-56,-74),(-80,-75,-86),(-77,-69,-86),(-65,-54,-75),(-54,-41,-59)
[('b8:27:eb:b6:43:f8', [-79, -85, -74, -90, -79, -78]), ('b8:27:eb:d3:4c:7f', [-74, -63, -69, -69, -56, -72, -67, -71, -67]), ('b8:27:eb:cd:4b:81', [-76, -76, -75, -85, -86]), ('b8:27:eb:ee:32:b8', [-86, -81, -69, -82, -80, -70, -73, -69]), ('b8:27:eb:e7:50:37', [-59, -72, -67, -54, -67, -75, -58, -65]), ('b8:27:eb:63:a1:e3', [-58, -57, -43, -59, -52, -59, -41, -59])]
08:33:40.727361,(-79,-67,-90),(-70,-56,-84),(-77,-61,-89),(-79,-71,-88),(-69,-54,-77),(-52,-30,-62)
[('b8:27:eb:b6:43:f8', [-80, -88, -90, -82, -72, -67, -77, -67, -86, -79]), ('b8:27:eb:d3:4c:7f', [-76, -77, -71, -69, -57, -71, -56, -67, -84]), ('b8:27:eb:cd:4b:81', [-87, -72, -79, -78, -79, -89, -61, -69]), ('b8:27:eb:ee:32:b8', [-75, -72, -77, -81, -84, -88, -71, -84, -79]), ('b8:27:eb:e7:50:37', [-63, -59, -72, -70, -73, -76, -75, -77, -54]), ('b8:27:eb:63:a1:e3', [-59, -57, -58, -62, -54, -38, -30, -53, -50])]
08:33:42.658324,(-83,-70,-87),(-73,-67,-79),(-75,-62,-79),(-81,-70,-89),(-63,-56,-70),(-58,-41,-73)
[('b8:27:eb:b6:43:f8', [-86, -87, -79, -70, -83, -86, -86, -84]), ('b8:27:eb:d3:4c:7f', [-71, -67, -69, -68, -79, -77, -76]), ('b8:27:eb:cd:4b:81', [-79, -77, -62, -76, -75, -79]), ('b8:27:eb:ee:32:b8', [-80, -77, -82, -89, -80, -78, -70, -89, -82, -83]), ('b8:27:eb:e7:50:37', [-66, -63, -56, -56, -67, -57, -70]), ('b8:27:eb:63:a1:e3', [-41, -51, -52, -73, -56, -67, -61])]
08:33:44.588318,(-88,-75,-97),(-77,-62,-83),(-84,-71,-92),(-82,-76,-89),(-68,-59,-83),(-68,-58,-77)
[('b8:27:eb:b6:43:f8', [-85, -90, -97, -94, -83, -75, -85, -91]), ('b8:27:eb:d3:4c:7f', [-83, -75, -74, -82, -78, -81, -62, -72, -79]), ('b8:27:eb:cd:4b:81', [-72, -84, -90, -89, -84, -71, -92, -83]), ('b8:27:eb:ee:32:b8', [-88, -78, -76, -82, -86, -78, -78, -89, -80]), ('b8:27:eb:e7:50:37', [-61, -77, -59, -68, -59, -83, -70, -67]), ('b8:27:eb:63:a1:e3', [-62, -58, -75, -77, -65])]
08:33:46.513580,(-80,-70,-89),(-78,-71,-94),(-76,-62,-83),(-78,-66,-92),(-72,-54,-94),(-61,-41,-74)
[('b8:27:eb:b6:43:f8', [-78, -70, -81, -78, -80, -82, -89]), ('b8:27:eb:d3:4c:7f', [-71, -94, -78, -78, -81, -74, -83, -75, -71, -71]), ('b8:27:eb:cd:4b:81', [-79, -74, -77, -78, -83, -77, -62, -72, -78]), ('b8:27:eb:ee:32:b8', [-85, -78, -92, -72, -79, -75, -74, -73, -77, -66]), ('b8:27:eb:e7:50:37', [-54, -56, -60, -79, -72, -78, -94, -72, -80]), ('b8:27:eb:63:a1:e3', [-55, -57, -65, -58, -70, -41, -74, -56, -65])]
08:33:48.446584,(-82,-74,-90),(-74,-59,-83),(-78,-60,-85),(-76,-61,-88),(-75,-68,-81),(-57,-43,-67)
[('b8:27:eb:b6:43:f8', [-83, -82, -90, -81, -74, -74, -86, -79]), ('b8:27:eb:d3:4c:7f', [-59, -77, -80, -70, -83, -69, -68, -81]), ('b8:27:eb:cd:4b:81', [-83, -85, -81, -77, -60]), ('b8:27:eb:ee:32:b8', [-79, -88, -75, -71, -67, -79, -87, -61]), ('b8:27:eb:e7:50:37', [-81, -77, -72, -77, -76, -74, -77, -73, -69, -68]), ('b8:27:eb:63:a1:e3', [-67, -61, -46, -65, -60, -61, -43, -47])]
08:33:50.359087,(-84,-69,-95),(-74,-61,-89),(-81,-70,-88),(-82,-70,-95),(-66,-55,-74),(-58,-45,-68)
[('b8:27:eb:b6:43:f8', [-91, -81, -92, -69, -95, -88, -78, -78]), ('b8:27:eb:d3:4c:7f', [-76, -76, -62, -72, -61, -89, -84, -77, -67]), ('b8:27:eb:cd:4b:81', [-77, -79, -88, -85, -70, -83]), ('b8:27:eb:ee:32:b8', [-70, -86, -80, -85, -76, -95, -76]), ('b8:27:eb:e7:50:37', [-66, -73, -55, -67, -68, -65, -58, -74, -71, -58]), ('b8:27:eb:63:a1:e3', [-46, -65, -49, -67, -63, -45, -68])]
08:33:52.249080,(-84,-77,-90),(-74,-60,-87),(-76,-60,-85),(-73,-59,-93),(-65,-49,-73),(-62,-44,-73)
[('b8:27:eb:b6:43:f8', [-80, -84, -83, -88, -90, -80, -77, -88]), ('b8:27:eb:d3:4c:7f', [-78, -80, -67, -82, -87, -60, -73, -67, -67]), ('b8:27:eb:cd:4b:81', [-60, -85, -82, -77]), ('b8:27:eb:ee:32:b8', [-68, -59, -75, -61, -81, -73, -93]), ('b8:27:eb:e7:50:37', [-73, -70, -67, -69, -68, -49, -53]), ('b8:27:eb:63:a1:e3', [-57, -61, -72, -64, -61, -73, -44, -58])]
