08:27:25.887547,(-76,-61,-83),(-72,-60,-77),(-77,-69,-81),(-76,-67,-93),(-61,-45,-66),(-64,-59,-79)
[('b8:27:eb:b6:43:f8', [-82, -78, -83, -77, -70, -80, -61, -70, -71, -83]), ('b8:27:eb:d3:4c:7f', [-60, -77, -70, -76, -67, -74, -70, -75]), ('b8:27:eb:cd:4b:81', [-78, -80, -72, -76, -77, -69, -80, -81, -81, -69]), ('b8:27:eb:ee:32:b8', [-73, -69, -70, -69, -77, -67, -86, -93, -77, -79]), ('b8:27:eb:e7:50:37', [-66, -64, -45, -59, -63, -64, -60, -61]), ('b8:27:eb:63:a1:e3', [-63, -70, -63, -60, -59, -79, -62, -59, -61])]
08:27:27.799788,(-82,-76,-89),(-67,-56,-72),(-77,-68,-84),(-81,-76,-85),(-65,-60,-72),(-57,-44,-65)
[('b8:27:eb:b6:43:f8', [-85, -84, -89, -79, -76, -77, -80]), ('b8:27:eb:d3:4c:7f', [-66, -61, -72, -71, -71, -56, -67]), ('b8:27:eb:cd:4b:81', [-84, -82, -72, -68, -79]), ('b8:27:eb:ee:32:b8', [-80, -78, -85, -76, -84, -82, -81]), ('b8:27:eb:e7:50:37', [-62, -64, -62, -63, -72, -64, -68, -67, -60]), ('b8:27:eb:63:a1:e3', [-63, -64, -44, -61, -48, -46, -62, -65])]
08:27:29.734951,(-77,-71,-89),(-67,-53,-76),(-74,-61,-84),(-80,-71,-87),(-59,-44,-75),(-62,-51,-72)
[('b8:27:eb:b6:43:f8', [-81, -75, -77, -74, -89, -71, -72, -74]), ('b8:27:eb:d3:4c:7f', [-53, -56, -74, -70, -60, -68, -72, -76]), ('b8:27:eb:cd:4b:81', [-79, -84, -69, -63, -79, -78, -65, -70, -84, -61]), ('b8:27:eb:ee:32:b8', [-71, -79, -77, -78, -87, -77, -78, -78, -87]), ('b8:27:eb:e7:50:37', [-56, -62, -65, -64, -75, -55, -57, -44, -61, -45]), ('b8:27:eb:63:a1:e3', [-56, -72, -68, -61, -60, -63, -51, -66, -60])]
08:27:31.659125,(-74,-59,-86),(-75,-55,-81),(-82,-67,-97),(-84,-80,-89),(-62,-48,-71),(-61,-43,-81)
[('b8:27:eb:b6:43:f8', [-79, -86, -67, -85, -62, -74, -59, -73]), ('b8:27:eb:d3:4c:7f', [-76, -80, -72, -55, -76, -80, -81]), ('b8:27:eb:cd:4b:81', [-71, -95, -97, -80, -77, -67, -88, -80, -83]), ('b8:27:eb:ee:32:b8', [-82, -80, -82, -88, -80, -84, -89]), ('b8:27:eb:e7:50:37', [-63, -51, -71, -56, -71, -65, -64, -48]), ('b8:27:eb:63:a1:e3', [-60, -43, -62, -52, -59, -64, -52, -63, -81, -69])]
08:27:33.574126,(-80,-65,-88),(-71,-66,-76),(-77,-62,-90),(-73,-65,-83),(-55,-41,-73),(-67,-59,-77)
[('b8:27:eb:b6:43:f8', [-80, -88, -82, -78, -79, -85, -65]), ('b8:27:eb:d3:4c:7f', [-72, -75, -75, -67, -76, -67, -66, -67]), ('b8:27:eb:cd:4b:81', [-90, -80, -76, -79, -77, -62, -84, -71, -64, -80]), ('b8:27:eb:ee:32:b8', [-65, -68, -76, -79, -67, -83]), ('b8:27:eb:e7:50:37', [-59, -66, -45, -55, -41, -44, -54, -55, -73]), ('b8:27:eb:63:a1:e3', [-77, -69, -61, -71, -71, -59, -68, -64, -62])]
08:27:35.468950,(-74,-65,-86),(-72,-60,-81),(-76,-67,-86),(-79,-63,-89),(-62,-56,-71),(-70,-53,-77)
[('b8:27:eb:b6:43:f8', [-69, -72, -65, -73, -86, -68, -81, -73]), ('b8:27:eb:d3:4c:7f', [-66, -72, -81, -77, -74, -73, -73, -68, -60]), ('b8:27:eb:cd:4b:81', [-67, -68, -81, -85, -68, -74, -86]), ('b8:27:eb:ee:32:b8', [-63, -80, -87, -81, -89, -77, -74, -75, -82]), ('b8:27:eb:e7:50:37', [-58, -71, -61, -56, -66, -58]), ('b8:27:eb:63:a1:e3', [-74, -69, -77, -53, -74])]
08:27:37.355759,(-81,-78,-85),(-67,-52,-82),(-74,-70,-79),(-83,-74,-88),(-62,-48,-72),(-59,-48,-67)
[('b8:27:eb:b6:43:f8', [-85, -81, -78, -78, -79]), ('b8:27:eb:d3:4c:7f', [-65, -59, -70, -61, -66, -82, -77, -52, -70]), ('b8:27:eb:cd:4b:81', [-70, -79, -71, -76]), ('b8:27:eb:ee:32:b8', [-85, -88, -85, -81, -74]), ('b8:27:eb:e7:50:37', [-48, -67, -49, -68, -72, -66, -62, -62, -57]), ('b8:27:eb:63:a1:e3', [-64, -59, -56, -57, -48, -59, -61, -67, -52])]
08:27:39.244268,(-76,-59,-91),(-74,-64,-86),(-77,-68,-83),(-81,-76,-86),(-61,-45,-70),(-66,-54,-75)
[('b8:27:eb:b6:43:f8', [-91, -81, -89, -67, -81, -62, -59]), ('b8:27:eb:d3:4c:7f', [-86, -79, -64, -65, -76, -73]), ('b8:27:eb:cd:4b:81', [-75, -78, -68, -81, -83]), ('b8:27:eb:ee:32:b8', [-77, -80, -82, -86, -76]), ('b8:27:eb:e7:50:37', [-45, -62, -49, -66, -64, -70, -61, -64, -64]), ('b8:27:eb:63:a1:e3', [-71, -66, -69, -61, -54, -70, -75, -58])]
08:27:41.134828,(-75,-63,-83),(-74,-69,-86),(-78,-65,-88),(-78,-61,-89),(-55,-43,-67),(-62,-48,-77)
[('b8:27:eb:b6:43:f8', [-82, -66, -79, -63, -72, -69, -83, -81]), ('b8:27:eb:d3:4c:7f', [-70, -72, -69, -76, -70, -71, -71, -86]), ('b8:27:eb:cd:4b:81', [-65, -76, -88, -80, -75, -88, -72, -77]), ('b8:27:eb:ee:32:b8', [-89, -81, -61, -81, -84, -79, -76, -71]), ('b8:27:eb:e7:50:37', [-48, -57, -48, -53, -43, -60, -62, -54, -67]), ('b8:27:eb:63:a1:e3', [-61, -48, -50, -72, -68, -49, -70, -77])]
08:27:43.019241,(-76,-66,-80),(-72,-55,-88),(-80,-63,-89),(-79,-58,-88),(-60,-42,-68),(-67,-51,-87)
[('b8:27:eb:b6:43:f8', [-70, -66, -80, -79, -77, -79, -76, -77]), ('b8:27:eb:d3:4c:7f', [-75, -60, -55, -77, -75, -70, -88]), ('b8:27:eb:cd:4b:81', [-89, -81, -83, -84, -63, -74, -74, -85]), ('b8:27:eb:ee:32:b8', [-83, -83, -84, -82, -68, -88, -58, -80, -79]), ('b8:27:eb:e7:50:37', [-55, -56, -42, -60, -68, -66, -63, -63, -59, -66]), ('b8:27:eb:63:a1:e3', [-51, -63, -64, -69, -64, -71, -62, -87, -65])]
08:27:44.943394,(-78,-68,-89),(-69,-56,-76),(-77,-68,-84),(-77,-70,-91),(-62,-42,-82),(-65,-59,-70)
[('b8:27:eb:b6:43:f8', [-68, -75, -78, -68, -82, -74, -86, -89]), ('b8:27:eb:d3:4c:7f', [-71, -73, -65, -75, -76, -72, -70, -62, -56]), ('b8:27:eb:cd:4b:81', [-84, -68, -75, -78, -74, -79, -79, -70, -78]), ('b8:27:eb:ee:32:b8', [-74, -70, -78, -80, -71, -79, -91, -72, -79, -76]), ('b8:27:eb:e7:50:37', [-63, -42, -46, -43, -72, -72, -82, -73]), ('b8:27:eb:63:a1:e3', [-67, -66, -60, -67, -59, -69, -60, -62, -70])]
08:27:46.837668,(-78,-66,-87),(-68,-53,-89),(-74,-62,-78),(-76,-67,-84),(-70,-63,-81),(-60,-53,-65)
[('b8:27:eb:b6:43:f8', [-66, -73, -87, -78, -72, -85, -78, -78, -85, -77]), ('b8:27:eb:d3:4c:7f', [-68, -89, -71, -76, -56, -67, -53, -57]), ('b8:27:eb:cd:4b:81', [-75, -73, -75, -78, -62, -75, -75]), ('b8:27:eb:ee:32:b8', [-81, -84, -67, -82, -70, -72, -77, -69, -75]), ('b8:27:eb:e7:50:37', [-70, -81, -76, -64, -65, -74, -72, -67, -63, -65]), ('b8:27:eb:63:a1:e3', [-65, -63, -59, -53, -61, -62, -63, -54, -57])]
08:27:48.753191,(-81,-69,-93),(-76,-67,-89),(-77,-70,-90),(-82,-73,-89),(-60,-41,-72),(-61,-46,-72)
[('b8:27:eb:b6:43:f8', [-84, -69, -78, -87, -93, -70, -85, -81, -82]), ('b8:27:eb:d3:4c:7f', [-74, -89, -69, -79, -67]), ('b8:27:eb:cd:4b:81', [-70, -76, -90, -76, -75, -79, -71]), ('b8:27:eb:ee:32:b8', [-82, -89, -88, -81, -73, -81, -82, -79]), ('b8:27:eb:e7:50:37', [-57, -61, -62, -41, -69, -68, -72, -53, -62, -55]), ('b8:27:eb:63:a1:e3', [-57, -46, -72, -58, -69, -70, -58, -47, -65, -65])]
08:27:50.671854,(-74,-62,-81),(-78,-67,-87),(-75,-58,-91),(-71,-63,-78),(-62,-53,-76),(-61,-49,-72)
[('b8:27:eb:b6:43:f8', [-74, -62, -77, -75, -81, -76, -73, -73]), ('b8:27:eb:d3:4c:7f', [-87, -79, -75, -84, -74, -86, -70, -67, -76]), ('b8:27:eb:cd:4b:81', [-91, -78, -68, -79, -79, -61, -74, -58, -81]), ('b8:27:eb:ee:32:b8', [-78, -67, -66, -63, -68, -77, -66, -76, -77]), ('b8:27:eb:e7:50:37', [-64, -53, -76, -63, -64, -56, -55, -61]), ('b8:27:eb:63:a1:e3', [-72, -62, -58, -49, -55, -65, -52, -69])]
08:27:52.599531,(-78,-73,-84),(-74,-62,-93),(-79,-69,-91),(-73,-62,-77),(-63,-52,-75),(-58,-50,-67)
[('b8:27:eb:b6:43:f8', [-73, -81, -75, -75, -84, -76, -75, -82]), ('b8:27:eb:d3:4c:7f', [-62, -71, -76, -67, -74, -93]), ('b8:27:eb:cd:4b:81', [-81, -74, -71, -83, -91, -71, -69, -90, -73]), ('b8:27:eb:ee:32:b8', [-77, -76, -68, -77, -62, -77, -66, -77]), ('b8:27:eb:e7:50:37', [-56, -53, -52, -75, -72, -66]), ('b8:27:eb:63:a1:e3', [-56, -66, -50, -65, -50, -50, -67])]
08:27:54.493333,(-80,-66,-86),(-85,-63,-99),(-74,-64,-81),(-73,-61,-80),(-64,-52,-72),(-64,-49,-73)
[('b8:27:eb:b6:43:f8', [-76, -86, -73, -83, -85, -66, -85, -80]), ('b8:27:eb:d3:4c:7f', [-98, -83, -99, -75, -88, -63]), ('b8:27:eb:cd:4b:81', [-81, -74, -79, -75, -76, -64, -64]), ('b8:27:eb:ee:32:b8', [-77, -77, -75, -77, -76, -61, -69, -61, -80, -75]), ('b8:27:eb:e7:50:37', [-64, -52, -67, -65, -68, -68, -67, -65, -72, -52]), ('b8:27:eb:63:a1:e3', [-63, -66, -67, -69, -54, -49, -73, -69])]
08:27:56.453304,(-80,-63,-89),(-75,-68,-82),(-79,-60,-91),(-84,-71,-93),(-64,-56,-69),(-69,-61,-72)
[('b8:27:eb:b6:43:f8', [-77, -84, -82, -89, -81, -87, -83, -63, -71]), ('b8:27:eb:d3:4c:7f', [-80, -68, -82, -75, -77, -71, -77, -72, -76, -71]), ('b8:27:eb:cd:4b:81', [-67, -60, -83, -91, -90, -79, -79, -79]), ('b8:27:eb:ee:32:b8', [-71, -88, -86, -93, -75, -91, -80]), ('b8:27:eb:e7:50:37', [-59, -69, -63, -64, -56, -63, -68]), ('b8:27:eb:63:a1:e3', [-65, -69, -70, -71, -72, -72, -61, -65])]
08:27:58.376898,(-75,-59,-87),(-77,-67,-84),(-80,-68,-96),(-81,-72,-86),(-60,-47,-68),(-68,-54,-80)
[('b8:27:eb:b6:43:f8', [-59, -72, -65, -75, -67, -78, -84, -87, -87]), ('b8:27:eb:d3:4c:7f', [-73, -76, -80, -83, -73, -77, -67, -84]), ('b8:27:eb:cd:4b:81', [-80, -88, -82, -76, -68, -69, -77, -96, -88, -72]), ('b8:27:eb:ee:32:b8', [-86, -83, -79, -82, -72, -81, -82]), ('b8:27:eb:e7:50:37', [-62, -68, -65, -64, -52, -63, -62, -47, -54]), ('b8:27:eb:63:a1:e3', [-61, -80, -70, -54, -68, -65, -71, -73, -69])]
08:28:00.336745,(-78,-65,-93),(-78,-74,-87),(-75,-63,-88),(-84,-74,-88),(-64,-49,-70),(-64,-52,-73)
[('b8:27:eb:b6:43:f8', [-86, -78, -65, -75, -76, -68, -81, -93]), ('b8:27:eb:d3:4c:7f', [-80, -74, -87, -74, -76, -75]), ('b8:27:eb:cd:4b:81', [-73, -69, -68, -78, -88, -79, -79, -63]), ('b8:27:eb:ee:32:b8', [-82, -86, -83, -74, -85, -84, -86, -88, -87]), ('b8:27:eb:e7:50:37', [-68, -64, -65, -66, -70, -49, -64, -65]), ('b8:27:eb:63:a1:e3', [-66, -71, -73, -60, -55, -56, -70, -72, -52])]
08:28:02.246285,(-76,-65,-86),(-77,-69,-83),(-77,-72,-82),(-78,-67,-84),(-65,-50,-79),(-67,-50,-76)
[('b8:27:eb:b6:43:f8', [-65, -71, -77, -77, -84, -65, -77, -86]), ('b8:27:eb:d3:4c:7f', [-70, -79, -83, -78, -69, -74, -81, -80]), ('b8:27:eb:cd:4b:81', [-82, -81, -72, -73]), ('b8:27:eb:ee:32:b8', [-67, -84, -78, -81, -80]), ('b8:27:eb:e7:50:37', [-50, -66, -66, -75, -64, -62, -79, -54, -55, -74]), ('b8:27:eb:63:a1:e3', [-64, -70, -50, -69, -76, -68, -66, -69, -70])]
08:28:04.166445,(-75,-61,-85),(-77,-61,-81),(-76,-61,-85),(-81,-69,-85),(-61,-47,-69),(-68,-54,-75)
[('b8:27:eb:b6:43:f8', [-66, -74, -77, -74, -74, -82, -84, -68, -61, -85]), ('b8:27:eb:d3:4c:7f', [-77, -81, -61, -79, -81, -76, -79]), ('b8:27:eb:cd:4b:81', [-61, -75, -75, -85, -80, -76, -75]), ('b8:27:eb:ee:32:b8', [-69, -81, -79, -81, -84, -85, -84]), ('b8:27:eb:e7:50:37', [-69, -69, -47, -68, -55, -68, -61, -61, -49]), ('b8:27:eb:63:a1:e3', [-67, -71, -54, -71, -75, -74, -63, -69])]
08:28:06.099453,(-80,-67,-96),(-75,-66,-79),(-77,-70,-84),(-82,-73,-95),(-57,-47,-67),(-65,-56,-73)
[('b8:27:eb:b6:43:f8', [-67, -88, -75, -78, -77, -96, -77]), ('b8:27:eb:d3:4c:7f', [-79, -77, -73, -78, -78, -73, -66]), ('b8:27:eb:cd:4b:81', [-75, -75, -79, -84, -70, -76, -76]), ('b8:27:eb:ee:32:b8', [-73, -82, -80, -95, -80]), ('b8:27:eb:e7:50:37', [-62, -62, -49, -51, -47, -62, -67, -52]), ('b8:27:eb:63:a1:e3', [-73, -56, -61, -64, -59, -64, -70, -72])]
08:28:08.063326,(-75,-58,-83),(-69,-58,-78),(-76,-64,-83),(-82,-70,-90),(-61,-47,-69),(-72,-67,-74)
[('b8:27:eb:b6:43:f8', [-68, -78, -78, -81, -83, -58]), ('b8:27:eb:d3:4c:7f', [-59, -78, -73, -62, -76, -58, -71, -73]), ('b8:27:eb:cd:4b:81', [-76, -64, -83, -82, -79, -72]), ('b8:27:eb:ee:32:b8', [-81, -89, -70, -80, -90, -83, -83, -79]), ('b8:27:eb:e7:50:37', [-65, -66, -69, -56, -47, -56, -61, -66]), ('b8:27:eb:63:a1:e3', [-71, -67, -73, -72, -73, -68, -71, -74])]
08:28:10.028220,(-77,-66,-84),(-70,-56,-79),(-78,-62,-91),(-82,-75,-87),(-59,-47,-68),(-64,-50,-74)
[('b8:27:eb:b6:43:f8', [-73, -82, -77, -84, -66, -72, -72, -84]), ('b8:27:eb:d3:4c:7f', [-72, -77, -78, -79, -56, -62, -72, -70, -62]), ('b8:27:eb:cd:4b:81', [-84, -86, -91, -76, -70, -76, -76, -62]), ('b8:27:eb:ee:32:b8', [-87, -81, -75, -78, -80, -86, -84, -81, -85]), ('b8:27:eb:e7:50:37', [-62, -47, -65, -57, -57, -55, -57, -68]), ('b8:27:eb:63:a1:e3', [-65, -68, -64, -50, -63, -68, -74, -56])]
08:28:11.945437,(-78,-68,-89),(-72,-60,-84),(-79,-66,-86),(-81,-70,-94),(-61,-46,-73),(-64,-50,-71)
[('b8:27:eb:b6:43:f8', [-71, -76, -77, -87, -68, -75, -79, -89]), ('b8:27:eb:d3:4c:7f', [-71, -80, -60, -62, -63, -84, -75, -71, -81]), ('b8:27:eb:cd:4b:81', [-85, -86, -66, -78, -79, -80]), ('b8:27:eb:ee:32:b8', [-85, -90, -76, -70, -94, -75, -72]), ('b8:27:eb:e7:50:37', [-67, -73, -65, -46, -62, -59, -47, -58, -66]), ('b8:27:eb:63:a1:e3', [-71, -50, -59, -66, -65, -70, -63])]
08:28:13.876681,(-80,-75,-84),(-70,-60,-81),(-83,-75,-93),(-78,-75,-80),(-60,-45,-76),(-65,-55,-77)
[('b8:27:eb:b6:43:f8', [-83, -77, -78, -80, -76, -75, -84, -80, -79]), ('b8:27:eb:d3:4c:7f', [-61, -77, -61, -75, -65, -76, -81, -60, -67, -70]), ('b8:27:eb:cd:4b:81', [-85, -87, -93, -76, -85, -83, -75, -81, -79]), ('b8:27:eb:ee:32:b8', [-75, -76, -78, -80]), ('b8:27:eb:e7:50:37', [-76, -60, -53, -60, -68, -53, -67, -45, -54]), ('b8:27:eb:63:a1:e3', [-71, -58, -77, -69, -69, -63, -56, -55])]
08:28:15.801976,(-84,-66,-93),(-70,-57,-74),(-75,-66,-88),(-76,-66,-84),(-64,-51,-78),(-63,-47,-73)
[('b8:27:eb:b6:43:f8', [-93, -77, -66, -91, -89]), ('b8:27:eb:d3:4c:7f', [-71, -74, -70, -66, -73, -57, -74]), ('b8:27:eb:cd:4b:81', [-74, -66, -85, -79, -75, -68, -66, -88, -72]), ('b8:27:eb:ee:32:b8', [-84, -74, -76, -75, -79, -76, -66, -73]), ('b8:27:eb:e7:50:37', [-61, -72, -51, -68, -67, -56, -78, -53]), ('b8:27:eb:63:a1:e3', [-60, -62, -47, -67, -73, -64, -58, -68, -61])]
08:28:17.763636,(-82,-61,-92),(-72,-57,-81),(-75,-65,-84),(-78,-74,-80),(-64,-51,-81),(-63,-49,-81)
[('b8:27:eb:b6:43:f8', [-82, -81, -92, -92, -75, -84, -82, -61]), ('b8:27:eb:d3:4c:7f', [-69, -70, -73, -71, -76, -81, -57, -76, -75]), ('b8:27:eb:cd:4b:81', [-66, -68, -78, -76, -84, -65, -67, -82, -83]), ('b8:27:eb:ee:32:b8', [-80, -79, -77, -74, -80]), ('b8:27:eb:e7:50:37', [-71, -68, -51, -61, -63, -51, -64, -64, -81]), ('b8:27:eb:63:a1:e3', [-62, -49, -49, -56, -71, -49, -77, -72, -81])]
08:28:19.725893,(-77,-59,-84),(-76,-57,-87),(-82,-67,-90),(-76,-62,-87),(-64,-55,-70),(-64,-52,-72)
[('b8:27:eb:b6:43:f8', [-83, -80, -83, -84, -59, -75, -73]), ('b8:27:eb:d3:4c:7f', [-57, -74, -70, -74, -77, -87, -87, -80]), ('b8:27:eb:cd:4b:81', [-85, -84, -90, -77, -90, -88, -76, -73, -67]), ('b8:27:eb:ee:32:b8', [-87, -84, -74, -62, -76, -69, -80]), ('b8:27:eb:e7:50:37', [-62, -66, -56, -55, -70, -67, -55, -69, -69, -69]), ('b8:27:eb:63:a1:e3', [-57, -52, -64, -65, -67, -72, -68, -66])]
08:28:21.659453,(-78,-61,-90),(-76,-65,-83),(-78,-67,-94),(-78,-70,-81),(-70,-55,-82),(-66,-58,-71)
[('b8:27:eb:b6:43:f8', [-75, -61, -90, -62, -76, -90, -82, -78, -90, -75]), ('b8:27:eb:d3:4c:7f', [-66, -78, -83, -65, -80, -79, -78]), ('b8:27:eb:cd:4b:81', [-79, -77, -94, -76, -67, -75, -78, -78]), ('b8:27:eb:ee:32:b8', [-75, -80, -81, -70, -79, -81]), ('b8:27:eb:e7:50:37', [-55, -73, -62, -69, -72, -82, -77]), ('b8:27:eb:63:a1:e3', [-66, -65, -66, -67, -71, -58, -65, -67])]
08:28:23.619671,(-81,-74,-90),(-76,-71,-85),(-83,-75,-93),(-83,-78,-93),(-70,-60,-79),(-66,-53,-77)
[('b8:27:eb:b6:43:f8', [-83, -88, -90, -80, -78, -74, -79, -76, -76]), ('b8:27:eb:d3:4c:7f', [-76, -77, -78, -76, -71, -85, -75, -73, -73]), ('b8:27:eb:cd:4b:81', [-78, -75, -88, -77, -79, -82, -84, -93, -88]), ('b8:27:eb:ee:32:b8', [-78, -78, -80, -81, -93, -86]), ('b8:27:eb:e7:50:37', [-67, -70, -79, -68, -71, -72, -72, -60, -63]), ('b8:27:eb:63:a1:e3', [-70, -65, -56, -67, -53, -72, -67, -77])]
08:28:25.503572,(-81,-72,-95),(-77,-72,-82),(-79,-71,-88),(-79,-71,-85),(-65,-55,-72),(-66,-52,-73)
[('b8:27:eb:b6:43:f8', [-72, -76, -95]), ('b8:27:eb:d3:4c:7f', [-82, -82, -76, -76, -78, -73, -73, -72]), ('b8:27:eb:cd:4b:81', [-88, -77, -76, -78, -79, -77, -82, -82, -71]), ('b8:27:eb:ee:32:b8', [-75, -81, -85, -81, -73, -79, -80, -78, -71]), ('b8:27:eb:e7:50:37', [-58, -71, -67, -55, -66, -60, -65, -66, -63, -72]), ('b8:27:eb:63:a1:e3', [-52, -71, -70, -70, -71, -73, -56, -67, -62, -68])]
08:28:27.434874,(-76,-66,-80),(-73,-60,-81),(-82,-68,-97),(-80,-71,-86),(-57,-39,-63),(-61,-51,-72)
[('b8:27:eb:b6:43:f8', [-78, -74, -80, -66, -80, -75, -75]), ('b8:27:eb:d3:4c:7f', [-60, -74, -76, -81, -75, -72, -73]), ('b8:27:eb:cd:4b:81', [-86, -79, -83, -80, -87, -89, -97, -80, -68, -69]), ('b8:27:eb:ee:32:b8', [-71, -83, -82, -74, -84, -86, -80]), ('b8:27:eb:e7:50:37', [-61, -54, -57, -63, -58, -39, -62]), ('b8:27:eb:63:a1:e3', [-58, -62, -51, -72, -70, -62, -60, -54, -54])]
08:28:29.362393,(-74,-61,-80),(-79,-71,-89),(-82,-77,-96),(-83,-76,-90),(-65,-49,-77),(-64,-52,-69)
[('b8:27:eb:b6:43:f8', [-71, -80, -61, -79, -76, -66, -74, -73, -78, -78]), ('b8:27:eb:d3:4c:7f', [-81, -89, -72, -87, -71, -78, -74]), ('b8:27:eb:cd:4b:81', [-78, -82, -78, -77, -80, -77, -88, -96, -79, -81]), ('b8:27:eb:ee:32:b8', [-78, -84, -76, -80, -77, -80, -89, -89, -90, -79]), ('b8:27:eb:e7:50:37', [-65, -77, -67, -75, -52, -66, -65, -61, -49]), ('b8:27:eb:63:a1:e3', [-58, -66, -52, -59, -69, -66, -67, -68])]
08:28:31.275639,(-78,-74,-81),(-76,-58,-87),(-78,-67,-95),(-83,-77,-88),(-62,-55,-66),(-74,-68,-82)
[('b8:27:eb:b6:43:f8', [-77, -76, -81, -80, -74]), ('b8:27:eb:d3:4c:7f', [-58, -73, -75, -79, -83, -87, -81, -68]), ('b8:27:eb:cd:4b:81', [-76, -68, -76, -95, -80, -80, -67]), ('b8:27:eb:ee:32:b8', [-77, -84, -87, -87, -84, -78, -77, -88, -79, -83]), ('b8:27:eb:e7:50:37', [-61, -61, -61, -65, -59, -63, -55, -66]), ('b8:27:eb:63:a1:e3', [-75, -68, -70, -82, -72, -77, -72])]
08:28:33.199216,(-77,-66,-92),(-72,-55,-84),(-77,-67,-90),(-83,-74,-89),(-64,-51,-76),(-61,-48,-68)
[('b8:27:eb:b6:43:f8', [-72, -66, -92, -81, -82, -72, -73, -72]), ('b8:27:eb:d3:4c:7f', [-55, -82, -72, -56, -70, -79, -84, -67, -79]), ('b8:27:eb:cd:4b:81', [-90, -70, -80, -76, -67, -76, -89, -67]), ('b8:27:eb:ee:32:b8', [-82, -86, -83, -75, -74, -89, -86, -83]), ('b8:27:eb:e7:50:37', [-67, -67, -55, -55, -51, -71, -76, -66, -74, -52]), ('b8:27:eb:63:a1:e3', [-59, -60, -61, -61, -48, -68, -64])]
08:28:35.128216,(-80,-69,-91),(-73,-60,-83),(-78,-72,-85),(-81,-64,-92),(-60,-41,-75),(-61,-48,-73)
[('b8:27:eb:b6:43:f8', [-86, -69, -80, -91, -70, -78, -81, -78]), ('b8:27:eb:d3:4c:7f', [-83, -75, -70, -70, -60, -76, -67, -71, -79, -70]), ('b8:27:eb:cd:4b:81', [-77, -85, -80, -72, -75, -78]), ('b8:27:eb:ee:32:b8', [-92, -82, -84, -84, -86, -86, -67, -77, -83, -64]), ('b8:27:eb:e7:50:37', [-67, -59, -54, -69, -64, -62, -75, -49, -41, -57]), ('b8:27:eb:63:a1:e3', [-48, -65, -70, -73, -55, -53, -59])]
08:28:37.024879,(-72,-56,-80),(-68,-55,-77),(-75,-68,-82),(-82,-77,-87),(-59,-46,-66),(-68,-50,-85)
[('b8:27:eb:b6:43:f8', [-79, -77, -61, -72, -80, -68, -76, -56]), ('b8:27:eb:d3:4c:7f', [-68, -69, -67, -71, -69, -68, -77, -55, -68]), ('b8:27:eb:cd:4b:81', [-82, -81, -68, -74, -75, -72, -75, -72]), ('b8:27:eb:ee:32:b8', [-82, -87, -77, -80, -81, -79, -79, -86]), ('b8:27:eb:e7:50:37', [-65, -46, -64, -47, -63, -66, -65, -53]), ('b8:27:eb:63:a1:e3', [-54, -50, -60, -74, -73, -71, -58, -85, -79])]
08:28:38.989809,(-81,-69,-92),(-72,-58,-81),(-78,-65,-84),(-79,-67,-83),(-57,-45,-68),(-68,-57,-77)
[('b8:27:eb:b6:43:f8', [-69, -81, -88, -83, -78, -92, -70, -81, -77, -84]), ('b8:27:eb:d3:4c:7f', [-78, -72, -72, -73, -72, -58, -64, -81]), ('b8:27:eb:cd:4b:81', [-84, -78, -81, -78, -77, -65, -80, -80, -84, -66]), ('b8:27:eb:ee:32:b8', [-81, -83, -78, -74, -76, -80, -83, -83, -67]), ('b8:27:eb:e7:50:37', [-56, -68, -45, -64, -52, -45, -59, -63]), ('b8:27:eb:63:a1:e3', [-77, -74, -67, -68, -57, -62, -74, -61])]
08:28:40.923237,(-79,-61,-85),(-67,-58,-77),(-78,-69,-86),(-77,-62,-87),(-62,-43,-79),(-67,-52,-74)
[('b8:27:eb:b6:43:f8', [-79, -85, -82, -61, -75, -84, -80, -79]), ('b8:27:eb:d3:4c:7f', [-72, -77, -71, -66, -61, -59, -74, -65, -58]), ('b8:27:eb:cd:4b:81', [-86, -73, -69, -70, -78, -79, -84, -81, -77]), ('b8:27:eb:ee:32:b8', [-87, -77, -81, -77, -79, -62, -81, -68]), ('b8:27:eb:e7:50:37', [-50, -43, -71, -65, -57, -55, -61, -67, -79, -65]), ('b8:27:eb:63:a1:e3', [-52, -72, -73, -71, -68, -72, -59, -74, -64, -58])]
08:28:42.836135,(-70,-58,-76),(-77,-71,-89),(-76,-66,-85),(-76,-68,-87),(-60,-44,-68),(-58,-47,-81)
[('b8:27:eb:b6:43:f8', [-58, -63, -74, -76, -76, -73]), ('b8:27:eb:d3:4c:7f', [-89, -74, -71, -71, -78, -79, -72]), ('b8:27:eb:cd:4b:81', [-79, -71, -76, -75, -66, -85, -74]), ('b8:27:eb:ee:32:b8', [-69, -68, -87, -78, -78, -72, -68, -86]), ('b8:27:eb:e7:50:37', [-63, -61, -68, -63, -57, -44]), ('b8:27:eb:63:a1:e3', [-75, -47, -48, -51, -50, -81, -64, -56, -50])]
08:28:44.768757,(-80,-70,-88),(-75,-59,-92),(-82,-78,-87),(-76,-67,-82),(-52,-42,-74),(-66,-48,-78)
[('b8:27:eb:b6:43:f8', [-77, -88, -70, -73, -78, -81, -87]), ('b8:27:eb:d3:4c:7f', [-71, -74, -59, -71, -92, -83, -72]), ('b8:27:eb:cd:4b:81', [-78, -80, -78, -87, -81, -85, -78, -83, -80]), ('b8:27:eb:ee:32:b8', [-73, -79, -82, -77, -67, -76, -69, -82]), ('b8:27:eb:e7:50:37', [-45, -42, -47, -55, -74, -47, -55, -44]), ('b8:27:eb:63:a1:e3', [-48, -68, -56, -70, -71, -65, -68, -57, -78, -70])]
08:28:46.711095,(-80,-73,-87),(-75,-58,-83),(-71,-62,-78),(-77,-70,-83),(-54,-43,-61),(-68,-63,-80)
[('b8:27:eb:b6:43:f8', [-87, -81, -77, -82, -78, -80, -76, -81, -73]), ('b8:27:eb:d3:4c:7f', [-74, -83, -81, -73, -80, -58]), ('b8:27:eb:cd:4b:81', [-74, -64, -74, -75, -69, -62, -67, -78]), ('b8:27:eb:ee:32:b8', [-82, -83, -81, -74, -77, -73, -72, -70, -79, -70]), ('b8:27:eb:e7:50:37', [-43, -53, -55, -61, -56, -54, -56, -51]), ('b8:27:eb:63:a1:e3', [-69, -65, -69, -80, -65, -63, -63, -65])]
08:28:48.680787,(-80,-77,-84),(-69,-56,-75),(-74,-63,-82),(-76,-62,-89),(-61,-51,-68),(-64,-57,-70)
[('b8:27:eb:b6:43:f8', [-77, -78, -83, -84, -77, -78]), ('b8:27:eb:d3:4c:7f', [-73, -71, -56, -75]), ('b8:27:eb:cd:4b:81', [-82, -73, -80, -63, -63, -74, -75, -78]), ('b8:27:eb:ee:32:b8', [-62, -84, -77, -89, -77, -66, -72, -79]), ('b8:27:eb:e7:50:37', [-54, -56, -61, -68, -68, -63, -63, -62, -51]), ('b8:27:eb:63:a1:e3', [-65, -66, -66, -59, -63, -65, -57, -61, -70, -60])]
08:28:50.640034,(-73,-56,-88),(-71,-63,-81),(-72,-59,-80),(-81,-69,-91),(-56,-48,-66),(-61,-44,-88)
[('b8:27:eb:b6:43:f8', [-79, -88, -80, -61, -71, -56, -72]), ('b8:27:eb:d3:4c:7f', [-72, -71, -66, -69, -63, -81, -72]), ('b8:27:eb:cd:4b:81', [-66, -80, -59, -74, -75, -80, -65, -71]), ('b8:27:eb:ee:32:b8', [-85, -86, -79, -79, -69, -80, -80, -72, -82, -91]), ('b8:27:eb:e7:50:37', [-66, -48, -55, -61, -48, -59, -53]), ('b8:27:eb:63:a1:e3', [-88, -60, -44, -51, -72, -67, -46, -57])]
08:28:52.536229,(-80,-76,-84),(-69,-49,-87),(-78,-63,-91),(-81,-75,-87),(-68,-62,-72),(-60,-57,-63)
[('b8:27:eb:b6:43:f8', [-76, -84, -78, -81, -79]), ('b8:27:eb:d3:4c:7f', [-68, -64, -49, -87, -67, -69, -72, -68, -77]), ('b8:27:eb:cd:4b:81', [-91, -80, -63, -77, -81, -76, -73]), ('b8:27:eb:ee:32:b8', [-75, -87, -84, -81, -80, -76, -82, -80]), ('b8:27:eb:e7:50:37', [-64, -63, -69, -62, -70, -72, -70]), ('b8:27:eb:63:a1:e3', [-59, -58, -57, -60, -62, -63])]
08:28:54.461021,(-80,-59,-91),(-72,-60,-90),(-74,-64,-84),(-79,-73,-85),(-63,-58,-70),(-54,-40,-60)
[('b8:27:eb:b6:43:f8', [-81, -88, -59, -76, -83, -91]), ('b8:27:eb:d3:4c:7f', [-60, -66, -74, -65, -73, -68, -90, -78]), ('b8:27:eb:cd:4b:81', [-84, -71, -72, -66, -64, -81, -80]), ('b8:27:eb:ee:32:b8', [-85, -75, -80, -82, -73]), ('b8:27:eb:e7:50:37', [-64, -58, -70, -60, -61, -62]), ('b8:27:eb:63:a1:e3', [-57, -58, -59, -59, -40, -60, -43, -55, -53])]
08:28:56.398828,(-77,-59,-93),(-72,-62,-76),(-80,-69,-99),(-78,-68,-91),(-59,-40,-67),(-59,-42,-72)
[('b8:27:eb:b6:43:f8', [-93, -77, -63, -59, -87, -81]), ('b8:27:eb:d3:4c:7f', [-74, -76, -67, -75, -72, -71, -76, -62, -71]), ('b8:27:eb:cd:4b:81', [-79, -69, -78, -77, -99, -80, -85, -72]), ('b8:27:eb:ee:32:b8', [-71, -91, -77, -68, -80, -85, -71, -80]), ('b8:27:eb:e7:50:37', [-66, -53, -40, -67, -58, -62, -56, -64]), ('b8:27:eb:63:a1:e3', [-69, -72, -50, -66, -47, -57, -65, -64, -50, -42])]
08:28:58.329660,(-81,-69,-88),(-64,-53,-79),(-75,-62,-82),(-81,-75,-86),(-61,-55,-77),(-59,-46,-73)
[('b8:27:eb:b6:43:f8', [-81, -79, -69, -87, -88, -86, -76]), ('b8:27:eb:d3:4c:7f', [-73, -66, -79, -53, -57, -56]), ('b8:27:eb:cd:4b:81', [-69, -81, -82, -74, -78, -62]), ('b8:27:eb:ee:32:b8', [-80, -82, -86, -81, -75]), ('b8:27:eb:e7:50:37', [-60, -60, -56, -55, -55, -60, -77]), ('b8:27:eb:63:a1:e3', [-59, -48, -60, -46, -63, -64, -73, -56])]
08:29:00.261261,(-79,-74,-80),(-75,-68,-82),(-75,-58,-88),(-78,-71,-83),(-61,-51,-70),(-63,-49,-71)
[('b8:27:eb:b6:43:f8', [-79, -74, -79, -80, -80]), ('b8:27:eb:d3:4c:7f', [-68, -76, -74, -75, -82, -72]), ('b8:27:eb:cd:4b:81', [-62, -80, -82, -79, -69, -58, -74, -78, -88]), ('b8:27:eb:ee:32:b8', [-79, -82, -74, -77, -77, -83, -71, -78]), ('b8:27:eb:e7:50:37', [-61, -54, -51, -70, -61, -66]), ('b8:27:eb:63:a1:e3', [-71, -67, -67, -56, -62, -60, -49, -67, -66])]
08:29:02.187846,(-77,-61,-95),(-74,-67,-81),(-83,-71,-93),(-80,-75,-92),(-64,-46,-82),(-63,-47,-71)
[('b8:27:eb:b6:43:f8', [-75, -69, -61, -77, -73, -80, -85, -78, -95]), ('b8:27:eb:d3:4c:7f', [-76, -73, -67, -77, -67, -74, -73, -81]), ('b8:27:eb:cd:4b:81', [-84, -93, -71]), ('b8:27:eb:ee:32:b8', [-75, -75, -79, -78, -80, -92, -87, -76, -76]), ('b8:27:eb:e7:50:37', [-70, -60, -48, -82, -77, -46, -62]), ('b8:27:eb:63:a1:e3', [-64, -66, -64, -58, -69, -47, -56, -71, -66, -62])]
08:29:04.152852,(-77,-66,-84),(-71,-59,-80),(-81,-76,-88),(-80,-70,-93),(-64,-49,-71),(-59,-45,-69)
[('b8:27:eb:b6:43:f8', [-78, -79, -78, -66, -84]), ('b8:27:eb:d3:4c:7f', [-75, -72, -72, -71, -69, -64, -59, -80, -76]), ('b8:27:eb:cd:4b:81', [-76, -79, -79, -82, -88, -81]), ('b8:27:eb:ee:32:b8', [-70, -80, -93, -90, -76, -71, -80]), ('b8:27:eb:e7:50:37', [-65, -71, -59, -64, -49, -64, -66, -69]), ('b8:27:eb:63:a1:e3', [-69, -61, -57, -65, -63, -45, -60, -47, -58])]
08:29:06.116287,(-80,-69,-89),(-74,-65,-84),(-79,-72,-89),(-80,-62,-90),(-62,-52,-66),(-60,-45,-72)
[('b8:27:eb:b6:43:f8', [-83, -69, -89, -78, -81]), ('b8:27:eb:d3:4c:7f', [-74, -65, -72, -69, -84, -76, -68, -77]), ('b8:27:eb:cd:4b:81', [-89, -72, -76, -73, -82, -84, -73, -80]), ('b8:27:eb:ee:32:b8', [-81, -69, -80, -62, -87, -82, -84, -82, -90]), ('b8:27:eb:e7:50:37', [-62, -59, -65, -63, -66, -52]), ('b8:27:eb:63:a1:e3', [-58, -55, -61, -64, -50, -70, -45, -72, -72, -48])]
08:29:08.034647,(-76,-69,-85),(-71,-60,-82),(-73,-60,-83),(-79,-67,-89),(-62,-45,-78),(-71,-65,-77)
[('b8:27:eb:b6:43:f8', [-69, -72, -74, -73, -85, -81, -71, -72, -82, -81]), ('b8:27:eb:d3:4c:7f', [-82, -76, -72, -69, -67, -75, -60, -63]), ('b8:27:eb:cd:4b:81', [-62, -79, -68, -76, -83, -60, -73, -77, -73]), ('b8:27:eb:ee:32:b8', [-70, -88, -79, -80, -75, -89, -83, -67]), ('b8:27:eb:e7:50:37', [-66, -50, -63, -62, -62, -63, -78, -57, -71, -45]), ('b8:27:eb:63:a1:e3', [-65, -68, -72, -71, -77, -67, -76, -72])]
08:29:09.927293,(-77,-63,-87),(-77,-62,-97),(-76,-67,-81),(-75,-61,-82),(-58,-44,-71),(-66,-52,-74)
[('b8:27:eb:b6:43:f8', [-85, -73, -75, -75, -86, -87, -63, -82, -77, -67]), ('b8:27:eb:d3:4c:7f', [-80, -69, -76, -77, -62, -73, -97, -86, -70]), ('b8:27:eb:cd:4b:81', [-78, -81, -74, -67, -74, -77, -79, -76, -73]), ('b8:27:eb:ee:32:b8', [-79, -64, -82, -76, -82, -79, -62, -82, -61]), ('b8:27:eb:e7:50:37', [-57, -57, -54, -53, -44, -66, -71, -57, -66, -48]), ('b8:27:eb:63:a1:e3', [-74, -52, -67, -69, -65, -63, -68, -68])]
08:29:11.855308,(-82,-72,-88),(-71,-56,-80),(-76,-61,-94),(-76,-58,-84),(-64,-57,-74),(-68,-50,-80)
[('b8:27:eb:b6:43:f8', [-85, -79, -88, -85, -80, -81, -72, -81, -86]), ('b8:27:eb:d3:4c:7f', [-80, -77, -71, -58, -56, -68, -75, -79, -74]), ('b8:27:eb:cd:4b:81', [-63, -75, -68, -94, -85, -81, -61]), ('b8:27:eb:ee:32:b8', [-75, -82, -58, -76, -84, -74, -80, -77]), ('b8:27:eb:e7:50:37', [-57, -62, -72, -57, -57, -61, -66, -74, -62, -68]), ('b8:27:eb:63:a1:e3', [-75, -78, -72, -80, -50, -56, -63])]
08:29:13.787825,(-78,-70,-84),(-75,-67,-81),(-77,-72,-80),(-81,-72,-86),(-67,-53,-72),(-58,-45,-70)
[('b8:27:eb:b6:43:f8', [-78, -70, -78, -78, -84, -82, -71, -80, -75]), ('b8:27:eb:d3:4c:7f', [-81, -75, -78, -73, -73, -78, -67, -78, -68]), ('b8:27:eb:cd:4b:81', [-73, -77, -72, -73, -78, -80, -78, -79]), ('b8:27:eb:ee:32:b8', [-83, -86, -83, -82, -81, -72, -79]), ('b8:27:eb:e7:50:37', [-71, -72, -63, -72, -63, -53, -70, -67, -70]), ('b8:27:eb:63:a1:e3', [-66, -62, -61, -70, -67, -48, -50, -45, -51])]
08:29:15.719765,(-73,-61,-87),(-77,-71,-85),(-74,-61,-85),(-81,-73,-91),(-61,-52,-73),(-60,-45,-73)
[('b8:27:eb:b6:43:f8', [-72, -61, -87, -67, -68, -75, -75]), ('b8:27:eb:d3:4c:7f', [-75, -72, -78, -77, -71, -85, -78]), ('b8:27:eb:cd:4b:81', [-61, -75, -85, -73, -73]), ('b8:27:eb:ee:32:b8', [-80, -80, -91, -81, -78, -87, -73, -75]), ('b8:27:eb:e7:50:37', [-73, -64, -59, -52, -62, -64, -52]), ('b8:27:eb:63:a1:e3', [-57, -57, -71, -63, -45, -55, -65, -73, -51])]
08:29:17.659075,(-78,-66,-83),(-72,-59,-82),(-79,-70,-83),(-82,-71,-91),(-62,-43,-72),(-66,-55,-71)
[('b8:27:eb:b6:43:f8', [-82, -81, -66, -77, -68, -82, -83, -78]), ('b8:27:eb:d3:4c:7f', [-59, -70, -69, -69, -78, -82, -75, -73]), ('b8:27:eb:cd:4b:81', [-83, -82, -82, -70, -76]), ('b8:27:eb:ee:32:b8', [-74, -91, -85, -71, -87]), ('b8:27:eb:e7:50:37', [-62, -43, -65, -64, -67, -58, -56, -72, -66]), ('b8:27:eb:63:a1:e3', [-55, -70, -69, -71, -63, -69, -69, -61])]
08:29:19.584129,(-83,-77,-88),(-70,-55,-81),(-73,-59,-88),(-79,-57,-87),(-60,-47,-70),(-71,-62,-84)
[('b8:27:eb:b6:43:f8', [-81, -79, -84, -84, -77, -88, -81, -82, -86]), ('b8:27:eb:d3:4c:7f', [-75, -66, -55, -62, -72, -73, -81]), ('b8:27:eb:cd:4b:81', [-77, -74, -59, -77, -68, -88, -69, -67]), ('b8:27:eb:ee:32:b8', [-86, -80, -83, -81, -57, -83, -70, -87]), ('b8:27:eb:e7:50:37', [-47, -64, -48, -62, -58, -66, -63, -70, -61]), ('b8:27:eb:63:a1:e3', [-68, -62, -65, -75, -67, -84])]
08:29:21.508943,(-78,-66,-88),(-71,-66,-80),(-75,-62,-82),(-80,-66,-87),(-67,-57,-75),(-61,-46,-69)
[('b8:27:eb:b6:43:f8', [-76, -71, -85, -72, -76, -85, -83, -66, -88]), ('b8:27:eb:d3:4c:7f', [-74, -66, -69, -72, -80, -66, -67]), ('b8:27:eb:cd:4b:81', [-78, -80, -72, -62, -74, -82]), ('b8:27:eb:ee:32:b8', [-77, -87, -77, -82, -84, -83, -66, -79, -79]), ('b8:27:eb:e7:50:37', [-60, -66, -73, -66, -67, -74, -75, -70, -59, -57]), ('b8:27:eb:63:a1:e3', [-54, -65, -61, -64, -64, -69, -62, -46])]
08:29:23.448440,(-83,-74,-91),(-75,-58,-94),(-82,-77,-90),(-76,-60,-83),(-66,-61,-75),(-65,-49,-74)
[('b8:27:eb:b6:43:f8', [-90, -91, -77, -79, -74, -90, -87, -77, -75]), ('b8:27:eb:d3:4c:7f', [-69, -58, -94, -83, -82, -70, -68, -74]), ('b8:27:eb:cd:4b:81', [-77, -86, -80, -80, -90, -87, -77, -77]), ('b8:27:eb:ee:32:b8', [-82, -83, -66, -77, -79, -83, -60, -77, -78, -75]), ('b8:27:eb:e7:50:37', [-61, -64, -64, -65, -63, -65, -64, -75]), ('b8:27:eb:63:a1:e3', [-66, -63, -49, -68, -73, -54, -69, -74])]
08:29:25.388592,(-77,-67,-87),(-72,-63,-78),(-76,-67,-82),(-81,-69,-90),(-65,-50,-76),(-69,-58,-77)
[('b8:27:eb:b6:43:f8', [-72, -78, -76, -70, -87, -78, -67, -83]), ('b8:27:eb:d3:4c:7f', [-63, -77, -78, -74, -72, -68]), ('b8:27:eb:cd:4b:81', [-67, -78, -82, -78, -78, -77, -76, -80, -74, -67]), ('b8:27:eb:ee:32:b8', [-69, -87, -76, -82, -81, -90, -88, -77, -72]), ('b8:27:eb:e7:50:37', [-57, -71, -65, -69, -62, -76, -50, -70]), ('b8:27:eb:63:a1:e3', [-75, -77, -69, -58, -65, -74, -63, -66])]
08:29:27.326639,(-77,-65,-81),(-74,-56,-91),(-78,-73,-83),(-80,-69,-88),(-67,-51,-76),(-64,-52,-75)
[('b8:27:eb:b6:43:f8', [-65, -79, -72, -76, -79, -76, -80, -81, -77, -77]), ('b8:27:eb:d3:4c:7f', [-74, -56, -62, -74, -87, -91, -76, -74, -71]), ('b8:27:eb:cd:4b:81', [-76, -80, -73, -75, -83]), ('b8:27:eb:ee:32:b8', [-79, -88, -76, -84, -81, -69, -85, -83, -73]), ('b8:27:eb:e7:50:37', [-51, -65, -71, -76, -69, -74, -63]), ('b8:27:eb:63:a1:e3', [-67, -72, -75, -53, -70, -52, -57, -65])]
08:29:29.253088,(-74,-60,-81),(-68,-55,-78),(-78,-67,-91),(-80,-66,-91),(-66,-55,-77),(-59,-53,-67)
[('b8:27:eb:b6:43:f8', [-75, -78, -74, -81, -60]), ('b8:27:eb:d3:4c:7f', [-73, -71, -66, -66, -69, -55, -63, -78]), ('b8:27:eb:cd:4b:81', [-67, -71, -80, -75, -79, -82, -82, -69, -91]), ('b8:27:eb:ee:32:b8', [-86, -78, -81, -75, -66, -77, -86, -79, -79, -91]), ('b8:27:eb:e7:50:37', [-55, -72, -71, -61, -62, -66, -77, -58]), ('b8:27:eb:63:a1:e3', [-67, -55, -56, -65, -54, -53])]
08:29:31.188302,(-76,-67,-83),(-72,-56,-86),(-79,-68,-86),(-75,-62,-82),(-64,-53,-73),(-60,-43,-72)
[('b8:27:eb:b6:43:f8', [-71, -74, -82, -67, -82, -79, -68, -74, -83]), ('b8:27:eb:d3:4c:7f', [-74, -67, -73, -74, -81, -72, -56, -86, -64]), ('b8:27:eb:cd:4b:81', [-80, -79, -68, -83, -71, -86, -85, -75]), ('b8:27:eb:ee:32:b8', [-81, -77, -70, -76, -76, -82, -77, -73, -62]), ('b8:27:eb:e7:50:37', [-69, -68, -57, -73, -59, -55, -70, -69, -53]), ('b8:27:eb:63:a1:e3', [-72, -58, -62, -55, -43, -50, -64, -66, -64])]
08:29:33.135030,(-77,-67,-82),(-69,-57,-75),(-76,-74,-79),(-78,-67,-85),(-61,-41,-68),(-59,-45,-67)
[('b8:27:eb:b6:43:f8', [-67, -82, -77, -82]), ('b8:27:eb:d3:4c:7f', [-74, -57, -69, -69, -75, -69, -67]), ('b8:27:eb:cd:4b:81', [-74, -74, -74, -77, -79, -75]), ('b8:27:eb:ee:32:b8', [-75, -76, -80, -80, -67, -71, -85, -82, -84]), ('b8:27:eb:e7:50:37', [-61, -41, -63, -65, -60, -67, -68]), ('b8:27:eb:63:a1:e3', [-62, -64, -59, -61, -58, -45, -64, -46, -67])]
08:29:35.068082,(-72,-54,-84),(-71,-56,-79),(-74,-63,-87),(-83,-74,-90),(-61,-47,-72),(-61,-49,-70)
[('b8:27:eb:b6:43:f8', [-83, -74, -71, -54, -56, -75, -69, -84, -72, -74]), ('b8:27:eb:d3:4c:7f', [-73, -79, -79, -69, -56, -77, -62, -66]), ('b8:27:eb:cd:4b:81', [-70, -64, -77, -80, -87, -72, -63, -76]), ('b8:27:eb:ee:32:b8', [-84, -83, -85, -80, -74, -84, -90, -82, -82]), ('b8:27:eb:e7:50:37', [-66, -63, -64, -47, -72, -51, -59, -65]), ('b8:27:eb:63:a1:e3', [-59, -61, -51, -63, -70, -67, -49, -59, -64, -65])]
08:29:36.995494,(-78,-68,-86),(-75,-61,-83),(-75,-67,-83),(-85,-74,-93),(-61,-49,-69),(-67,-55,-81)
[('b8:27:eb:b6:43:f8', [-72, -84, -86, -68, -76, -82]), ('b8:27:eb:d3:4c:7f', [-83, -76, -71, -61, -80, -73, -77, -75, -73, -81]), ('b8:27:eb:cd:4b:81', [-74, -74, -80, -71, -67, -83, -74]), ('b8:27:eb:ee:32:b8', [-85, -93, -87, -93, -74, -75]), ('b8:27:eb:e7:50:37', [-61, -69, -67, -64, -66, -69, -49, -50, -54]), ('b8:27:eb:63:a1:e3', [-67, -67, -61, -67, -66, -66, -81, -66, -55])]
08:29:38.923127,(-80,-71,-89),(-77,-69,-84),(-83,-76,-88),(-79,-63,-87),(-60,-49,-71),(-65,-52,-72)
[('b8:27:eb:b6:43:f8', [-81, -86, -78, -71, -72, -89, -75, -87]), ('b8:27:eb:d3:4c:7f', [-84, -73, -72, -69, -71, -83, -80, -77]), ('b8:27:eb:cd:4b:81', [-80, -84, -81, -76, -85, -88, -83]), ('b8:27:eb:ee:32:b8', [-80, -69, -79, -86, -81, -84, -87, -63]), ('b8:27:eb:e7:50:37', [-56, -51, -58, -68, -71, -56, -49, -59, -64]), ('b8:27:eb:63:a1:e3', [-68, -52, -60, -63, -70, -72])]
08:29:40.859381,(-81,-69,-96),(-69,-57,-75),(-80,-75,-84),(-77,-62,-87),(-62,-51,-66),(-61,-47,-72)
[('b8:27:eb:b6:43:f8', [-82, -85, -78, -78, -78, -72, -69, -85, -96]), ('b8:27:eb:d3:4c:7f', [-72, -75, -70, -71, -61, -57, -73, -72]), ('b8:27:eb:cd:4b:81', [-83, -78, -84, -76, -75]), ('b8:27:eb:ee:32:b8', [-80, -69, -79, -82, -62, -77, -87]), ('b8:27:eb:e7:50:37', [-66, -51, -63, -63, -61, -63, -64, -56, -63]), ('b8:27:eb:63:a1:e3', [-57, -60, -58, -68, -67, -72, -52, -47, -62])]
08:29:42.765187,(-77,-66,-87),(-73,-58,-81),(-74,-59,-81),(-80,-70,-93),(-64,-50,-73),(-60,-45,-70)
[('b8:27:eb:b6:43:f8', [-78, -66, -85, -72, -78, -80, -87, -76, -68]), ('b8:27:eb:d3:4c:7f', [-78, -72, -74, -71, -77, -81, -74, -58, -68]), ('b8:27:eb:cd:4b:81', [-59, -72, -81, -68, -74, -76, -79, -79]), ('b8:27:eb:ee:32:b8', [-77, -77, -70, -80, -78, -93]), ('b8:27:eb:e7:50:37', [-71, -50, -64, -67, -68, -51, -63, -73, -64]), ('b8:27:eb:63:a1:e3', [-46, -54, -57, -69, -70, -61, -68, -66, -45, -57])]
08:29:44.708150,(-80,-68,-93),(-73,-59,-83),(-77,-61,-88),(-80,-66,-87),(-68,-60,-72),(-65,-48,-77)
[('b8:27:eb:b6:43:f8', [-81, -84, -68, -79, -85, -93, -75, -73, -80]), ('b8:27:eb:d3:4c:7f', [-66, -74, -76, -81, -74, -59, -83, -68, -72]), ('b8:27:eb:cd:4b:81', [-77, -82, -75, -81, -61, -79, -71, -88]), ('b8:27:eb:ee:32:b8', [-75, -79, -66, -84, -86, -87]), ('b8:27:eb:e7:50:37', [-69, -68, -69, -60, -65, -67, -72, -69, -66]), ('b8:27:eb:63:a1:e3', [-58, -73, -70, -77, -70, -50, -70, -48])]
08:29:46.631898,(-75,-59,-91),(-70,-53,-86),(-73,-61,-86),(-79,-63,-95),(-63,-51,-77),(-65,-52,-73)
[('b8:27:eb:b6:43:f8', [-64, -83, -70, -80, -74, -79, -91, -59]), ('b8:27:eb:d3:4c:7f', [-71, -86, -70, -64, -53, -75, -67, -68, -72, -71]), ('b8:27:eb:cd:4b:81', [-86, -75, -80, -65, -75, -61, -61, -79, -67]), ('b8:27:eb:ee:32:b8', [-82, -63, -75, -78, -79, -74, -79, -79, -95]), ('b8:27:eb:e7:50:37', [-74, -77, -68, -64, -54, -65, -53, -51, -60]), ('b8:27:eb:63:a1:e3', [-57, -71, -58, -62, -71, -72, -73, -52])]
08:29:48.564377,(-76,-59,-88),(-70,-55,-82),(-71,-61,-79),(-81,-72,-90),(-65,-53,-73),(-64,-55,-71)
[('b8:27:eb:b6:43:f8', [-59, -88, -61, -72, -79, -85, -80, -80]), ('b8:27:eb:d3:4c:7f', [-60, -70, -69, -60, -73, -79, -55, -74, -69, -82]), ('b8:27:eb:cd:4b:81', [-65, -61, -79, -73, -79, -62, -73]), ('b8:27:eb:ee:32:b8', [-82, -72, -83, -90, -82, -73]), ('b8:27:eb:e7:50:37', [-70, -69, -55, -66, -53, -61, -70, -73]), ('b8:27:eb:63:a1:e3', [-64, -55, -56, -68, -70, -64, -62, -71])]
08:29:50.493563,(-77,-62,-80),(-68,-58,-79),(-75,-63,-85),(-85,-72,-94),(-62,-48,-80),(-64,-56,-77)
[('b8:27:eb:b6:43:f8', [-77, -79, -80, -76, -80, -79, -62]), ('b8:27:eb:d3:4c:7f', [-79, -60, -58, -71, -66, -72, -62, -76]), ('b8:27:eb:cd:4b:81', [-68, -76, -85, -74, -63, -80, -78]), ('b8:27:eb:ee:32:b8', [-94, -89, -82, -83, -88, -72, -81]), ('b8:27:eb:e7:50:37', [-50, -69, -48, -65, -80, -70, -59, -50, -60]), ('b8:27:eb:63:a1:e3', [-66, -77, -58, -56, -59, -56, -72, -62])]
08:29:52.418355,(-76,-66,-83),(-78,-67,-90),(-76,-62,-89),(-78,-72,-84),(-58,-47,-69),(-68,-56,-72)
[('b8:27:eb:b6:43:f8', [-76, -79, -69, -66, -83, -82]), ('b8:27:eb:d3:4c:7f', [-76, -90, -72, -67, -74, -71, -90]), ('b8:27:eb:cd:4b:81', [-69, -83, -81, -74, -66, -70, -62, -83, -89]), ('b8:27:eb:ee:32:b8', [-82, -72, -76, -74, -75, -81, -75, -74, -84, -83]), ('b8:27:eb:e7:50:37', [-47, -69, -68, -64, -58, -49, -47, -60]), ('b8:27:eb:63:a1:e3', [-68, -65, -72, -72, -56, -68, -68, -66, -72])]
08:29:54.369314,(-81,-74,-91),(-69,-54,-80),(-83,-79,-88),(-79,-74,-85),(-66,-57,-71),(-68,-58,-77)
[('b8:27:eb:b6:43:f8', [-75, -81, -91, -83, -76, -86, -74]), ('b8:27:eb:d3:4c:7f', [-62, -74, -68, -80, -67, -80, -68, -54, -67]), ('b8:27:eb:cd:4b:81', [-87, -79, -80, -79, -83, -80, -83, -80, -88]), ('b8:27:eb:ee:32:b8', [-76, -79, -74, -80, -81, -85, -75, -80, -78]), ('b8:27:eb:e7:50:37', [-67, -68, -71, -63, -69, -57]), ('b8:27:eb:63:a1:e3', [-77, -73, -66, -66, -74, -65, -66, -67, -58])]
08:29:56.298184,(-81,-77,-87),(-71,-60,-82),(-77,-61,-86),(-80,-72,-82),(-69,-61,-80),(-62,-51,-70)
[('b8:27:eb:b6:43:f8', [-78, -87, -78, -85, -77, -81, -81]), ('b8:27:eb:d3:4c:7f', [-69, -82, -79, -72, -68, -69, -60, -67, -70]), ('b8:27:eb:cd:4b:81', [-76, -79, -76, -80, -86, -82, -71, -61, -76, -74]), ('b8:27:eb:ee:32:b8', [-82, -72, -79, -79, -81, -78, -82, -81]), ('b8:27:eb:e7:50:37', [-62, -67, -61, -67, -68, -72, -80]), ('b8:27:eb:63:a1:e3', [-69, -68, -70, -60, -64, -62, -59, -55, -51, -62])]
08:29:58.231943,(-75,-61,-86),(-74,-70,-80),(-81,-74,-92),(-80,-72,-85),(-68,-60,-80),(-64,-51,-72)
[('b8:27:eb:b6:43:f8', [-66, -67, -76, -78, -86, -76, -83, -81, -61]), ('b8:27:eb:d3:4c:7f', [-72, -72, -79, -70, -72, -72, -80, -72, -71]), ('b8:27:eb:cd:4b:81', [-74, -92, -79, -80, -76, -75, -86, -80]), ('b8:27:eb:ee:32:b8', [-82, -72, -78, -81, -85, -82]), ('b8:27:eb:e7:50:37', [-80, -71, -73, -67, -64, -63, -63, -60, -66, -67]), ('b8:27:eb:63:a1:e3', [-68, -57, -51, -71, -61, -63, -62, -66, -72])]
08:30:00.128918,(-80,-66,-95),(-77,-72,-88),(-83,-80,-86),(-83,-70,-91),(-69,-55,-86),(-67,-54,-80)
[('b8:27:eb:b6:43:f8', [-86, -66, -95, -93, -81, -72, -70, -85, -71]), ('b8:27:eb:d3:4c:7f', [-76, -72, -88, -73, -77, -75]), ('b8:27:eb:cd:4b:81', [-83, -80, -82, -86, -84, -81]), ('b8:27:eb:ee:32:b8', [-70, -82, -75, -91, -81, -85, -83, -87, -89]), ('b8:27:eb:e7:50:37', [-72, -60, -82, -69, -86, -83, -55, -58, -63, -60]), ('b8:27:eb:63:a1:e3', [-80, -71, -54, -67, -67, -69, -71, -57])]
08:30:02.014466,(-79,-68,-89),(-70,-61,-74),(-72,-55,-78),(-80,-68,-92),(-62,-45,-79),(-64,-48,-81)
[('b8:27:eb:b6:43:f8', [-80, -74, -79, -77, -89, -80, -84, -68, -78]), ('b8:27:eb:d3:4c:7f', [-72, -73, -67, -71, -70, -74, -61]), ('b8:27:eb:cd:4b:81', [-76, -74, -73, -55, -73, -73, -78]), ('b8:27:eb:ee:32:b8', [-92, -76, -88, -73, -77, -84, -68, -75]), ('b8:27:eb:e7:50:37', [-72, -61, -73, -51, -66, -50, -45, -79, -49, -68]), ('b8:27:eb:63:a1:e3', [-58, -63, -61, -69, -67, -48, -58, -81])]
08:30:03.949326,(-79,-66,-87),(-74,-62,-81),(-74,-60,-80),(-76,-66,-89),(-68,-55,-78),(-63,-51,-73)
[('b8:27:eb:b6:43:f8', [-66, -69, -81, -78, -87, -82, -86]), ('b8:27:eb:d3:4c:7f', [-78, -80, -68, -74, -81, -62]), ('b8:27:eb:cd:4b:81', [-79, -60, -75, -80, -75, -79, -70, -71]), ('b8:27:eb:ee:32:b8', [-69, -71, -80, -78, -89, -76, -78, -69, -66]), ('b8:27:eb:e7:50:37', [-78, -65, -71, -67, -76, -55, -71, -72, -65, -57]), ('b8:27:eb:63:a1:e3', [-51, -66, -71, -58, -62, -66, -65, -73, -54])]
08:30:05.912164,(-79,-67,-88),(-70,-56,-86),(-76,-62,-84),(-80,-66,-90),(-55,-44,-65),(-61,-46,-71)
[('b8:27:eb:b6:43:f8', [-88, -82, -78, -67, -88, -67]), ('b8:27:eb:d3:4c:7f', [-62, -56, -69, -86, -85, -72, -60]), ('b8:27:eb:cd:4b:81', [-81, -69, -74, -84, -81, -81, -62, -78, -66]), ('b8:27:eb:ee:32:b8', [-76, -81, -82, -76, -87, -90, -80, -66]), ('b8:27:eb:e7:50:37', [-44, -48, -65, -51, -61, -62, -56, -51, -60, -50]), ('b8:27:eb:63:a1:e3', [-71, -71, -53, -65, -51, -67, -62, -46])]
08:30:07.802879,(-77,-73,-84),(-69,-56,-81),(-81,-74,-97),(-82,-75,-92),(-64,-56,-69),(-65,-59,-75)
[('b8:27:eb:b6:43:f8', [-74, -75, -81, -73, -78, -73, -74, -77, -84]), ('b8:27:eb:d3:4c:7f', [-72, -69, -81, -65, -56, -69, -70]), ('b8:27:eb:cd:4b:81', [-77, -78, -74, -97, -74, -75, -86, -78, -85]), ('b8:27:eb:ee:32:b8', [-79, -80, -78, -79, -84, -83, -75, -85, -92]), ('b8:27:eb:e7:50:37', [-62, -66, -56, -63, -63, -69, -66]), ('b8:27:eb:63:a1:e3', [-61, -68, -59, -75, -60, -60, -70])]
08:30:09.728217,(-80,-75,-84),(-68,-51,-84),(-75,-61,-86),(-81,-72,-87),(-66,-49,-75),(-61,-49,-70)
[('b8:27:eb:b6:43:f8', [-77, -75, -80, -80, -84, -81, -80]), ('b8:27:eb:d3:4c:7f', [-77, -72, -51, -72, -56, -53, -76, -69, -84]), ('b8:27:eb:cd:4b:81', [-61, -78, -69, -79, -77, -86]), ('b8:27:eb:ee:32:b8', [-76, -84, -83, -80, -82, -87, -72]), ('b8:27:eb:e7:50:37', [-72, -75, -69, -64, -62, -49, -71]), ('b8:27:eb:63:a1:e3', [-68, -53, -49, -61, -58, -70, -65, -60])]
08:30:11.620204,(-78,-62,-89),(-66,-58,-76),(-81,-68,-89),(-83,-76,-92),(-55,-46,-64),(-66,-53,-74)
[('b8:27:eb:b6:43:f8', [-89, -68, -76, -84, -79, -85, -76, -62, -77]), ('b8:27:eb:d3:4c:7f', [-72, -71, -76, -62, -62, -60, -58]), ('b8:27:eb:cd:4b:81', [-82, -86, -82, -89, -78, -68, -77]), ('b8:27:eb:ee:32:b8', [-86, -82, -76, -88, -78, -80, -92, -77, -88]), ('b8:27:eb:e7:50:37', [-64, -48, -46, -60, -56, -54]), ('b8:27:eb:63:a1:e3', [-53, -72, -68, -72, -57, -62, -74])]
08:30:13.535845,(-80,-67,-89),(-68,-58,-74),(-79,-68,-96),(-79,-70,-90),(-67,-54,-82),(-63,-49,-68)
[('b8:27:eb:b6:43:f8', [-89, -83, -76, -67, -82, -80, -83, -80, -75]), ('b8:27:eb:d3:4c:7f', [-69, -72, -69, -72, -63, -72, -74, -69, -58, -60]), ('b8:27:eb:cd:4b:81', [-96, -78, -77, -68, -82, -78, -78, -72]), ('b8:27:eb:ee:32:b8', [-81, -78, -90, -72, -76, -80, -70]), ('b8:27:eb:e7:50:37', [-62, -61, -62, -65, -67, -54, -71, -82, -76, -65]), ('b8:27:eb:63:a1:e3', [-62, -62, -67, -65, -63, -68, -68, -49, -57])]
08:30:15.460711,(-80,-69,-90),(-73,-66,-83),(-77,-61,-85),(-79,-76,-81),(-70,-60,-76),(-59,-52,-64)
[('b8:27:eb:b6:43:f8', [-90, -77, -69, -85, -86, -73, -79, -76]), ('b8:27:eb:d3:4c:7f', [-66, -71, -73, -69, -83, -72, -72]), ('b8:27:eb:cd:4b:81', [-78, -85, -76, -82, -80, -77, -81, -72, -61]), ('b8:27:eb:ee:32:b8', [-76, -76, -81, -81]), ('b8:27:eb:e7:50:37', [-74, -65, -70, -69, -68, -60, -67, -76, -76]), ('b8:27:eb:63:a1:e3', [-62, -59, -52, -63, -56, -57, -64])]
08:30:17.363007,(-78,-73,-83),(-76,-70,-86),(-78,-69,-93),(-82,-70,-89),(-70,-65,-76),(-68,-57,-87)
[('b8:27:eb:b6:43:f8', [-74, -81, -76, -73, -75, -83, -76, -82, -82]), ('b8:27:eb:d3:4c:7f', [-86, -73, -71, -77, -78, -71, -79, -70]), ('b8:27:eb:cd:4b:81', [-82, -79, -69, -93, -73, -74, -77, -75]), ('b8:27:eb:ee:32:b8', [-75, -89, -70, -87, -87, -81, -74, -79, -88]), ('b8:27:eb:e7:50:37', [-76, -65, -71, -67, -70, -65, -70, -72, -67]), ('b8:27:eb:63:a1:e3', [-70, -67, -68, -87, -57, -65, -59])]
08:30:19.305965,(-83,-79,-90),(-72,-61,-81),(-78,-65,-90),(-79,-65,-87),(-66,-59,-74),(-62,-58,-66)
[('b8:27:eb:b6:43:f8', [-82, -90, -83, -81, -84, -80, -79]), ('b8:27:eb:d3:4c:7f', [-63, -72, -81, -61, -75, -79, -74, -73, -70]), ('b8:27:eb:cd:4b:81', [-71, -76, -80, -65, -76, -78, -83, -90]), ('b8:27:eb:ee:32:b8', [-83, -77, -70, -65, -79, -83, -83, -87]), ('b8:27:eb:e7:50:37', [-64, -70, -59, -61, -67, -61, -62, -70, -74]), ('b8:27:eb:63:a1:e3', [-58, -60, -58, -64, -66])]
08:30:21.236679,(-79,-70,-82),(-73,-62,-79),(-83,-71,-90),(-83,-74,-94),(-63,-47,-77),(-62,-46,-72)
[('b8:27:eb:b6:43:f8', [-80, -70, -78, -82, -80, -80, -77]), ('b8:27:eb:d3:4c:7f', [-77, -72, -79, -75, -78, -68, -62, -71]), ('b8:27:eb:cd:4b:81', [-71, -83, -82, -81, -82, -81, -89, -90]), ('b8:27:eb:ee:32:b8', [-79, -74, -94, -81, -87, -75, -84, -83]), ('b8:27:eb:e7:50:37', [-47, -66, -67, -50, -77, -68, -64]), ('b8:27:eb:63:a1:e3', [-63, -46, -69, -72, -47, -60, -72, -64, -65])]
08:30:23.124923,(-75,-67,-85),(-70,-56,-85),(-76,-61,-81),(-81,-73,-86),(-62,-57,-68),(-65,-52,-80)
[('b8:27:eb:b6:43:f8', [-85, -79, -75, -71, -74, -71, -72, -67, -77]), ('b8:27:eb:d3:4c:7f', [-56, -74, -61, -67, -73, -85, -72]), ('b8:27:eb:cd:4b:81', [-81, -77, -80, -61, -77]), ('b8:27:eb:ee:32:b8', [-80, -83, -86, -81, -73, -80, -83, -81, -76]), ('b8:27:eb:e7:50:37', [-58, -64, -59, -65, -57, -60, -68]), ('b8:27:eb:63:a1:e3', [-61, -52, -61, -80, -66, -70, -61])]
08:30:25.049594,(-83,-77,-87),(-71,-60,-81),(-74,-60,-87),(-88,-80,-97),(-70,-61,-76),(-64,-49,-70)
[('b8:27:eb:b6:43:f8', [-85, -81, -86, -87, -84, -77, -78, -85]), ('b8:27:eb:d3:4c:7f', [-67, -60, -81, -80, -73, -61, -70]), ('b8:27:eb:cd:4b:81', [-87, -62, -67, -77, -80, -60, -75, -87, -76, -69]), ('b8:27:eb:ee:32:b8', [-80, -82, -87, -89, -88, -97]), ('b8:27:eb:e7:50:37', [-75, -66, -72, -69, -76, -73, -65, -61]), ('b8:27:eb:63:a1:e3', [-63, -49, -57, -69, -67, -61, -70, -66, -67])]
08:30:26.983507,(-80,-73,-96),(-73,-54,-79),(-79,-68,-85),(-81,-70,-87),(-63,-48,-74),(-65,-52,-73)
[('b8:27:eb:b6:43:f8', [-79, -82, -74, -78, -74, -73, -79, -78, -96]), ('b8:27:eb:d3:4c:7f', [-54, -78, -69, -73, -78, -72, -79, -75, -76]), ('b8:27:eb:cd:4b:81', [-68, -77, -78, -81, -78, -85, -79, -79]), ('b8:27:eb:ee:32:b8', [-79, -81, -86, -71, -87, -70, -78, -83, -83, -85]), ('b8:27:eb:e7:50:37', [-48, -65, -59, -67, -67, -74, -59]), ('b8:27:eb:63:a1:e3', [-60, -52, -68, -72, -73, -69, -57])]
