08:34:23.400421,(-87,-76,-91),(-81,-74,-95),(-83,-74,-95),(-75,-64,-85),(-64,-55,-72),(-70,-51,-80)
[('b8:27:eb:b6:43:f8', [-86, -91, -88, -88, -76, -90, -85]), ('b8:27:eb:d3:4c:7f', [-75, -74, -78, -74, -83, -83, -95, -83]), ('b8:27:eb:cd:4b:81', [-74, -77, -78, -95, -82, -83, -78, -89, -86]), ('b8:27:eb:ee:32:b8', [-78, -64, -74, -77, -85, -68, -79, -66, -76]), ('b8:27:eb:e7:50:37', [-58, -72, -64, -67, -55, -66, -62, -67]), ('b8:27:eb:63:a1:e3', [-51, -69, -71, -67, -69, -72, -80, -78])]
08:34:25.314200,(-91,-85,-97),(-76,-62,-89),(-82,-78,-85),(-76,-66,-88),(-74,-57,-89),(-63,-49,-76)
[('b8:27:eb:b6:43:f8', [-86, -96, -91, -97, -85, -91, -89]), ('b8:27:eb:d3:4c:7f', [-80, -83, -89, -62, -71, -73, -67, -72, -81]), ('b8:27:eb:cd:4b:81', [-84, -82, -81, -78, -85, -79]), ('b8:27:eb:ee:32:b8', [-75, -66, -77, -88, -73]), ('b8:27:eb:e7:50:37', [-72, -67, -57, -79, -76, -89, -82, -71, -67]), ('b8:27:eb:63:a1:e3', [-76, -67, -73, -63, -64, -54, -54, -49, -66])]
08:34:27.245568,(-86,-82,-94),(-73,-61,-85),(-74,-62,-78),(-79,-68,-88),(-66,-46,-80),(-64,-48,-74)
[('b8:27:eb:b6:43:f8', [-94, -83, -85, -82, -83, -84, -84, -86]), ('b8:27:eb:d3:4c:7f', [-81, -85, -72, -63, -75, -61, -72, -71]), ('b8:27:eb:cd:4b:81', [-76, -75, -72, -71, -78, -62, -74, -77]), ('b8:27:eb:ee:32:b8', [-76, -88, -79, -81, -83, -72, -72, -68, -85]), ('b8:27:eb:e7:50:37', [-68, -66, -65, -80, -68, -46, -65]), ('b8:27:eb:63:a1:e3', [-67, -74, -72, -48, -58, -62, -63])]
08:34:29.146769,(-83,-71,-90),(-71,-59,-76),(-76,-60,-88),(-75,-67,-81),(-60,-47,-75),(-62,-52,-70)
[('b8:27:eb:b6:43:f8', [-89, -85, -78, -89, -83, -71, -80, -82, -90]), ('b8:27:eb:d3:4c:7f', [-68, -72, -59, -76, -74, -72]), ('b8:27:eb:cd:4b:81', [-79, -88, -60, -72, -74, -81]), ('b8:27:eb:ee:32:b8', [-80, -73, -77, -67, -70, -81, -79, -73, -74]), ('b8:27:eb:e7:50:37', [-62, -61, -52, -51, -47, -65, -64, -75]), ('b8:27:eb:63:a1:e3', [-52, -61, -70, -56, -64, -57, -69, -66])]
08:34:31.084756,(-85,-76,-92),(-66,-54,-73),(-81,-76,-84),(-76,-61,-82),(-67,-58,-73),(-62,-49,-70)
[('b8:27:eb:b6:43:f8', [-77, -86, -76, -80, -87, -92, -88, -89, -87]), ('b8:27:eb:d3:4c:7f', [-71, -71, -72, -54, -60, -56, -73]), ('b8:27:eb:cd:4b:81', [-84, -78, -83, -81, -83, -78, -79, -80, -76]), ('b8:27:eb:ee:32:b8', [-73, -82, -81, -80, -76, -61, -75]), ('b8:27:eb:e7:50:37', [-61, -73, -66, -70, -58, -67, -73, -67]), ('b8:27:eb:63:a1:e3', [-70, -69, -61, -63, -61, -49, -55])]
08:34:33.013571,(-88,-76,-93),(-80,-73,-89),(-76,-69,-85),(-72,-61,-82),(-67,-57,-85),(-74,-67,-88)
[('b8:27:eb:b6:43:f8', [-93, -76, -92, -90, -87]), ('b8:27:eb:d3:4c:7f', [-73, -80, -89, -80, -76, -80, -77]), ('b8:27:eb:cd:4b:81', [-69, -72, -72, -80, -74, -79, -85]), ('b8:27:eb:ee:32:b8', [-80, -72, -63, -82, -71, -72, -61]), ('b8:27:eb:e7:50:37', [-59, -57, -57, -64, -85, -66, -70, -67, -70]), ('b8:27:eb:63:a1:e3', [-72, -67, -75, -88, -67, -72])]
08:34:34.909672,(-88,-77,-92),(-79,-75,-84),(-81,-66,-94),(-73,-68,-77),(-63,-54,-71),(-71,-63,-81)
[('b8:27:eb:b6:43:f8', [-77, -92, -91, -87, -90, -91, -82]), ('b8:27:eb:d3:4c:7f', [-75, -75, -83, -80, -75, -76, -84, -78, -77]), ('b8:27:eb:cd:4b:81', [-77, -85, -82, -66, -94, -79]), ('b8:27:eb:ee:32:b8', [-73, -77, -73, -69, -76, -73, -74, -68]), ('b8:27:eb:e7:50:37', [-60, -71, -54, -65, -69, -67, -66, -58, -63, -55]), ('b8:27:eb:63:a1:e3', [-76, -69, -69, -68, -81, -63, -66, -73, -71])]
08:34:36.814047,(-90,-80,-97),(-78,-62,-85),(-80,-60,-90),(-75,-62,-85),(-69,-58,-88),(-62,-52,-71)
[('b8:27:eb:b6:43:f8', [-84, -93, -97, -89, -80, -96, -86]), ('b8:27:eb:d3:4c:7f', [-75, -85, -76, -74, -85, -80, -80, -62]), ('b8:27:eb:cd:4b:81', [-76, -84, -60, -83, -90, -83, -82, -83, -78]), ('b8:27:eb:ee:32:b8', [-62, -73, -68, -68, -77, -78, -83, -85]), ('b8:27:eb:e7:50:37', [-67, -71, -70, -58, -88, -64, -70, -58, -72, -71]), ('b8:27:eb:63:a1:e3', [-62, -52, -53, -56, -66, -71, -61, -71])]
08:34:38.725495,(-88,-80,-93),(-69,-58,-81),(-77,-63,-93),(-79,-64,-88),(-68,-54,-79),(-66,-52,-71)
[('b8:27:eb:b6:43:f8', [-89, -81, -85, -89, -92, -80, -93, -88]), ('b8:27:eb:d3:4c:7f', [-76, -81, -58, -67, -62]), ('b8:27:eb:cd:4b:81', [-78, -84, -63, -72, -70, -81, -79, -70, -93]), ('b8:27:eb:ee:32:b8', [-74, -76, -86, -84, -77, -86, -88, -70, -64]), ('b8:27:eb:e7:50:37', [-69, -79, -74, -69, -69, -54, -61]), ('b8:27:eb:63:a1:e3', [-66, -52, -68, -71, -69, -64, -70, -67])]
08:34:40.622531,(-87,-78,-93),(-77,-63,-83),(-85,-70,-99),(-74,-62,-80),(-71,-61,-78),(-73,-59,-83)
[('b8:27:eb:b6:43:f8', [-92, -85, -89, -93, -86, -78, -83, -83]), ('b8:27:eb:d3:4c:7f', [-75, -83, -78, -77, -63, -80, -79]), ('b8:27:eb:cd:4b:81', [-80, -70, -93, -76, -86, -99, -89, -82, -85]), ('b8:27:eb:ee:32:b8', [-80, -79, -62, -78, -69, -76]), ('b8:27:eb:e7:50:37', [-67, -74, -78, -77, -61, -70, -69]), ('b8:27:eb:63:a1:e3', [-83, -59, -70, -74, -72, -76, -74])]
08:34:42.520424,(-89,-79,-97),(-77,-67,-86),(-78,-67,-92),(-77,-65,-87),(-68,-52,-75),(-68,-59,-76)
[('b8:27:eb:b6:43:f8', [-87, -84, -89, -95, -87, -87, -79, -97]), ('b8:27:eb:d3:4c:7f', [-80, -83, -69, -80, -67, -86, -73]), ('b8:27:eb:cd:4b:81', [-72, -86, -92, -82, -75, -78, -67, -67]), ('b8:27:eb:ee:32:b8', [-65, -87, -71, -73, -81, -87, -74]), ('b8:27:eb:e7:50:37', [-75, -52, -71, -66, -65, -74]), ('b8:27:eb:63:a1:e3', [-76, -63, -76, -64, -75, -69, -61, -59, -69])]
08:34:44.444814,(-85,-73,-96),(-73,-66,-83),(-76,-62,-94),(-73,-57,-84),(-71,-58,-77),(-71,-48,-89)
[('b8:27:eb:b6:43:f8', [-88, -73, -94, -96, -84, -75, -74, -89]), ('b8:27:eb:d3:4c:7f', [-69, -83, -66, -72, -73, -71]), ('b8:27:eb:cd:4b:81', [-77, -75, -62, -77, -94, -78, -70, -74]), ('b8:27:eb:ee:32:b8', [-57, -75, -58, -84, -84, -78, -73]), ('b8:27:eb:e7:50:37', [-58, -69, -66, -74, -66, -71, -77, -77, -77]), ('b8:27:eb:63:a1:e3', [-89, -66, -81, -48, -72, -68])]
08:34:46.360370,(-83,-68,-96),(-67,-56,-76),(-78,-71,-87),(-73,-58,-83),(-72,-57,-86),(-62,-53,-69)
[('b8:27:eb:b6:43:f8', [-96, -76, -68, -86, -76, -90, -74, -93]), ('b8:27:eb:d3:4c:7f', [-56, -70, -75, -56, -69, -73, -76, -61]), ('b8:27:eb:cd:4b:81', [-76, -87, -80, -83, -71, -74, -75]), ('b8:27:eb:ee:32:b8', [-58, -80, -83, -61, -80, -73, -75]), ('b8:27:eb:e7:50:37', [-57, -72, -74, -69, -75, -66, -86, -77]), ('b8:27:eb:63:a1:e3', [-64, -69, -59, -61, -65, -55, -53, -69, -56, -62])]
08:34:48.272298,(-92,-84,-96),(-80,-63,-91),(-79,-66,-84),(-72,-58,-82),(-68,-52,-81),(-69,-53,-78)
[('b8:27:eb:b6:43:f8', [-93, -89, -84, -90, -96, -96, -87, -94]), ('b8:27:eb:d3:4c:7f', [-63, -68, -86, -91, -84, -80, -86, -77]), ('b8:27:eb:cd:4b:81', [-68, -84, -82, -84, -82, -84, -66]), ('b8:27:eb:ee:32:b8', [-58, -78, -69, -68, -77, -82, -73, -70]), ('b8:27:eb:e7:50:37', [-73, -73, -52, -81, -72, -65, -65, -63, -67, -63]), ('b8:27:eb:63:a1:e3', [-53, -65, -69, -76, -72, -78, -66])]
08:34:50.199567,(-94,-83,-99),(-82,-75,-91),(-82,-69,-86),(-65,-50,-70),(-74,-65,-97),(-72,-56,-81)
[('b8:27:eb:b6:43:f8', [-93, -92, -83, -99, -99]), ('b8:27:eb:d3:4c:7f', [-81, -75, -87, -91, -83, -76, -79, -84]), ('b8:27:eb:cd:4b:81', [-69, -83, -86, -81, -84, -84, -81]), ('b8:27:eb:ee:32:b8', [-70, -70, -69, -62, -50, -64, -55, -70, -70]), ('b8:27:eb:e7:50:37', [-72, -68, -70, -65, -70, -75, -97]), ('b8:27:eb:63:a1:e3', [-73, -77, -75, -80, -59, -76, -70, -81, -56])]
08:34:52.099685,(-88,-76,-94),(-77,-69,-85),(-79,-66,-84),(-71,-58,-85),(-70,-59,-78),(-68,-55,-75)
[('b8:27:eb:b6:43:f8', [-89, -82, -94, -87, -92, -76, -91]), ('b8:27:eb:d3:4c:7f', [-85, -75, -69, -81, -80, -71, -78, -75, -75]), ('b8:27:eb:cd:4b:81', [-84, -82, -81, -82, -78, -66]), ('b8:27:eb:ee:32:b8', [-67, -67, -70, -69, -58, -72, -76, -67, -72, -85]), ('b8:27:eb:e7:50:37', [-72, -68, -62, -67, -75, -73, -75, -78, -69, -59]), ('b8:27:eb:63:a1:e3', [-73, -73, -75, -57, -55, -70, -72, -74, -58])]
08:34:54.030839,(-85,-73,-94),(-77,-73,-82),(-82,-67,-92),(-70,-51,-84),(-74,-67,-89),(-71,-61,-89)
[('b8:27:eb:b6:43:f8', [-83, -84, -94, -89, -83, -82, -88, -73]), ('b8:27:eb:d3:4c:7f', [-73, -74, -73, -75, -81, -82, -76, -77]), ('b8:27:eb:cd:4b:81', [-90, -79, -79, -82, -92, -78, -80, -67, -87]), ('b8:27:eb:ee:32:b8', [-68, -51, -60, -69, -72, -84, -72, -82]), ('b8:27:eb:e7:50:37', [-81, -67, -75, -70, -68, -89, -78, -67, -70]), ('b8:27:eb:63:a1:e3', [-68, -77, -89, -64, -69, -69, -64, -61])]
08:34:55.966723,(-86,-80,-89),(-72,-61,-80),(-81,-61,-94),(-78,-67,-91),(-74,-53,-87),(-61,-50,-72)
[('b8:27:eb:b6:43:f8', [-89, -88, -87, -80, -85, -86]), ('b8:27:eb:d3:4c:7f', [-78, -80, -73, -61, -63, -68, -71, -77, -74]), ('b8:27:eb:cd:4b:81', [-80, -86, -77, -61, -94, -82, -83, -85]), ('b8:27:eb:ee:32:b8', [-70, -82, -67, -75, -78, -77, -76, -78, -91]), ('b8:27:eb:e7:50:37', [-73, -70, -87, -82, -72, -53, -73, -78]), ('b8:27:eb:63:a1:e3', [-60, -54, -52, -72, -59, -66, -70, -50])]
08:34:57.857854,(-87,-83,-88),(-75,-56,-85),(-76,-60,-86),(-81,-76,-84),(-70,-59,-75),(-70,-57,-82)
[('b8:27:eb:b6:43:f8', [-88, -83, -87, -87]), ('b8:27:eb:d3:4c:7f', [-73, -72, -83, -56, -75, -70, -85, -81, -76]), ('b8:27:eb:cd:4b:81', [-84, -85, -86, -76, -68, -60, -74, -73]), ('b8:27:eb:ee:32:b8', [-79, -77, -82, -81, -84, -84, -76, -84, -80]), ('b8:27:eb:e7:50:37', [-73, -73, -71, -66, -59, -73, -72, -61, -75]), ('b8:27:eb:63:a1:e3', [-57, -72, -66, -78, -82, -75, -57, -73])]
08:34:59.749647,(-87,-74,-95),(-73,-66,-81),(-75,-60,-89),(-72,-59,-77),(-69,-62,-77),(-66,-56,-76)
[('b8:27:eb:b6:43:f8', [-85, -86, -93, -93, -74, -83, -95]), ('b8:27:eb:d3:4c:7f', [-66, -81, -71, -71, -74]), ('b8:27:eb:cd:4b:81', [-74, -89, -60, -74, -76]), ('b8:27:eb:ee:32:b8', [-66, -74, -72, -75, -59, -76, -73, -76, -77]), ('b8:27:eb:e7:50:37', [-72, -62, -70, -62, -69, -68, -77, -72]), ('b8:27:eb:63:a1:e3', [-58, -68, -68, -76, -56, -68])]
08:35:01.675892,(-88,-75,-92),(-76,-63,-85),(-80,-69,-96),(-69,-64,-72),(-71,-57,-78),(-68,-51,-87)
[('b8:27:eb:b6:43:f8', [-92, -75, -86, -91, -90, -90]), ('b8:27:eb:d3:4c:7f', [-63, -79, -79, -85, -82, -71, -71]), ('b8:27:eb:cd:4b:81', [-82, -79, -71, -78, -96, -69]), ('b8:27:eb:ee:32:b8', [-69, -69, -64, -67, -72, -66, -71]), ('b8:27:eb:e7:50:37', [-70, -57, -69, -78, -76, -73, -70]), ('b8:27:eb:63:a1:e3', [-70, -51, -67, -61, -87, -72, -68, -78, -56])]
08:35:03.611943,(-89,-85,-92),(-76,-62,-82),(-82,-63,-93),(-67,-54,-76),(-74,-62,-84),(-72,-66,-80)
[('b8:27:eb:b6:43:f8', [-86, -89, -92, -92, -89, -86, -85, -90]), ('b8:27:eb:d3:4c:7f', [-81, -78, -79, -62, -77, -68, -77, -76, -80, -82]), ('b8:27:eb:cd:4b:81', [-91, -63, -80, -93, -86, -76, -79]), ('b8:27:eb:ee:32:b8', [-76, -70, -68, -54, -67]), ('b8:27:eb:e7:50:37', [-71, -70, -81, -84, -62]), ('b8:27:eb:63:a1:e3', [-80, -74, -72, -67, -66, -69])]
08:35:05.539119,(-88,-79,-95),(-75,-59,-89),(-78,-70,-90),(-76,-66,-84),(-71,-57,-78),(-68,-49,-80)
[('b8:27:eb:b6:43:f8', [-95, -91, -85, -79, -89, -94, -82]), ('b8:27:eb:d3:4c:7f', [-89, -74, -70, -59, -78, -80, -74, -69, -82]), ('b8:27:eb:cd:4b:81', [-82, -70, -70, -79, -76, -74, -90, -84, -77]), ('b8:27:eb:ee:32:b8', [-77, -78, -84, -66, -67, -81, -77]), ('b8:27:eb:e7:50:37', [-72, -75, -78, -58, -72, -76, -70, -57, -74]), ('b8:27:eb:63:a1:e3', [-71, -49, -80, -72, -74, -77, -65, -52])]
08:35:07.462907,(-88,-78,-95),(-71,-59,-83),(-78,-62,-90),(-73,-59,-87),(-69,-55,-75),(-69,-51,-82)
[('b8:27:eb:b6:43:f8', [-95, -85, -78, -89, -93, -86, -85]), ('b8:27:eb:d3:4c:7f', [-70, -73, -82, -68, -71, -83, -59, -61]), ('b8:27:eb:cd:4b:81', [-62, -87, -70, -90, -81]), ('b8:27:eb:ee:32:b8', [-68, -87, -64, -77, -59, -78, -77]), ('b8:27:eb:e7:50:37', [-69, -59, -75, -66, -72, -72, -75, -55, -72]), ('b8:27:eb:63:a1:e3', [-51, -82, -63, -67, -66, -77, -69, -72, -68])]
08:35:09.358859,(-81,-72,-91),(-77,-72,-84),(-76,-61,-83),(-73,-59,-80),(-66,-57,-72),(-68,-55,-86)
[('b8:27:eb:b6:43:f8', [-91, -72, -74, -83, -82, -79]), ('b8:27:eb:d3:4c:7f', [-77, -75, -73, -80, -73, -84, -72]), ('b8:27:eb:cd:4b:81', [-80, -83, -61, -78, -70, -76, -73, -78, -79]), ('b8:27:eb:ee:32:b8', [-76, -78, -59, -78, -75, -68, -70, -68, -80, -76]), ('b8:27:eb:e7:50:37', [-57, -71, -69, -71, -72, -67, -63, -58]), ('b8:27:eb:63:a1:e3', [-63, -86, -65, -71, -70, -67, -55, -58, -72])]
08:35:11.246928,(-90,-81,-94),(-76,-58,-85),(-77,-68,-81),(-77,-58,-95),(-69,-50,-79),(-61,-50,-76)
[('b8:27:eb:b6:43:f8', [-88, -92, -94, -94, -90, -81, -86]), ('b8:27:eb:d3:4c:7f', [-85, -77, -72, -75, -81, -76, -84, -58]), ('b8:27:eb:cd:4b:81', [-80, -79, -68, -81, -77]), ('b8:27:eb:ee:32:b8', [-95, -60, -86, -73, -62, -88, -82, -89, -77, -58]), ('b8:27:eb:e7:50:37', [-76, -78, -71, -79, -67, -60, -50]), ('b8:27:eb:63:a1:e3', [-55, -54, -63, -66, -76, -50])]
08:35:13.184501,(-86,-83,-89),(-73,-54,-80),(-81,-69,-92),(-70,-60,-75),(-62,-46,-72),(-62,-61,-62)
[('b8:27:eb:b6:43:f8', [-84, -83, -89, -85, -86]), ('b8:27:eb:d3:4c:7f', [-54, -80, -79, -80, -77, -60, -72, -75]), ('b8:27:eb:cd:4b:81', [-69, -92, -82, -81, -82, -69, -78, -88]), ('b8:27:eb:ee:32:b8', [-73, -62, -72, -60, -70, -75, -72]), ('b8:27:eb:e7:50:37', [-48, -64, -61, -66, -63, -66, -65, -72, -65, -46]), ('b8:27:eb:63:a1:e3', [-62, -61])]
08:35:15.113392,(-87,-75,-96),(-77,-71,-84),(-79,-72,-91),(-77,-62,-87),(-65,-47,-77),(-60,-50,-74)
[('b8:27:eb:b6:43:f8', [-79, -84, -85, -75, -95, -81, -94, -89, -96, -88]), ('b8:27:eb:d3:4c:7f', [-73, -71, -75, -84, -73, -81, -80]), ('b8:27:eb:cd:4b:81', [-72, -79, -76, -91, -75, -73, -75, -91]), ('b8:27:eb:ee:32:b8', [-62, -73, -87, -81, -85, -73, -72]), ('b8:27:eb:e7:50:37', [-65, -74, -75, -77, -47, -55, -62]), ('b8:27:eb:63:a1:e3', [-55, -54, -71, -53, -74, -62, -50])]
08:35:17.047096,(-93,-89,-97),(-79,-60,-90),(-78,-71,-83),(-71,-62,-77),(-76,-68,-85),(-66,-50,-83)
[('b8:27:eb:b6:43:f8', [-89, -97, -96, -89, -92]), ('b8:27:eb:d3:4c:7f', [-74, -87, -60, -90, -80, -83, -76]), ('b8:27:eb:cd:4b:81', [-78, -77, -71, -80, -79, -83, -76, -73]), ('b8:27:eb:ee:32:b8', [-76, -74, -68, -77, -72, -65, -62, -70]), ('b8:27:eb:e7:50:37', [-73, -85, -78, -74, -73, -68]), ('b8:27:eb:63:a1:e3', [-57, -50, -72, -71, -61, -68, -83])]
08:35:18.980398,(-87,-75,-94),(-76,-61,-82),(-81,-72,-87),(-76,-62,-83),(-66,-53,-76),(-69,-51,-80)
[('b8:27:eb:b6:43:f8', [-89, -91, -87, -82, -88, -93, -76, -94, -75]), ('b8:27:eb:d3:4c:7f', [-73, -82, -79, -61, -78, -73, -82, -76]), ('b8:27:eb:cd:4b:81', [-87, -80, -79, -72, -78, -83, -87, -81, -81]), ('b8:27:eb:ee:32:b8', [-77, -83, -62, -74, -76, -82, -81, -69, -73]), ('b8:27:eb:e7:50:37', [-68, -67, -72, -76, -53, -58, -72, -61]), ('b8:27:eb:63:a1:e3', [-80, -75, -68, -66, -69, -69, -51, -71, -73, -62])]
08:35:20.938161,(-85,-76,-89),(-77,-68,-86),(-81,-73,-94),(-78,-61,-95),(-62,-51,-69),(-67,-49,-79)
[('b8:27:eb:b6:43:f8', [-88, -76, -85, -83, -83, -89, -85]), ('b8:27:eb:d3:4c:7f', [-85, -77, -69, -74, -80, -72, -76, -77, -68, -86]), ('b8:27:eb:cd:4b:81', [-75, -94, -73, -86, -81, -76, -90, -77, -76]), ('b8:27:eb:ee:32:b8', [-95, -76, -61, -74, -86, -79, -76, -75, -79, -72]), ('b8:27:eb:e7:50:37', [-62, -62, -66, -55, -51, -69, -63]), ('b8:27:eb:63:a1:e3', [-72, -70, -72, -79, -65, -68, -49, -56])]
08:35:22.875863,(-85,-75,-90),(-74,-62,-82),(-81,-71,-100),(-73,-69,-82),(-72,-58,-81),(-73,-68,-75)
[('b8:27:eb:b6:43:f8', [-90, -84, -88, -90, -90, -75, -77]), ('b8:27:eb:d3:4c:7f', [-62, -77, -73, -75, -75, -73, -72, -70, -82]), ('b8:27:eb:cd:4b:81', [-73, -77, -100, -74, -82, -71, -85]), ('b8:27:eb:ee:32:b8', [-82, -69, -77, -70, -73, -71, -69, -71]), ('b8:27:eb:e7:50:37', [-68, -58, -81, -73, -73, -78]), ('b8:27:eb:63:a1:e3', [-75, -74, -75, -68, -73, -72, -71])]
08:35:24.807092,(-84,-74,-92),(-74,-58,-82),(-67,-57,-79),(-66,-57,-78),(-77,-59,-87),(-72,-58,-84)
[('b8:27:eb:b6:43:f8', [-86, -87, -74, -92, -85, -74, -86]), ('b8:27:eb:d3:4c:7f', [-80, -78, -70, -79, -70, -78, -69, -58, -82]), ('b8:27:eb:cd:4b:81', [-67, -59, -57, -79, -63, -76, -68]), ('b8:27:eb:ee:32:b8', [-57, -62, -71, -78, -58, -72, -57, -62, -78, -62]), ('b8:27:eb:e7:50:37', [-83, -59, -77, -77, -81, -75, -87, -75]), ('b8:27:eb:63:a1:e3', [-67, -75, -70, -75, -58, -76, -67, -84])]
08:35:26.725351,(-87,-74,-98),(-80,-74,-87),(-80,-68,-91),(-67,-54,-78),(-78,-68,-89),(-66,-54,-78)
[('b8:27:eb:b6:43:f8', [-96, -90, -82, -83, -74, -83, -98]), ('b8:27:eb:d3:4c:7f', [-81, -87, -77, -77, -77, -74, -83, -79]), ('b8:27:eb:cd:4b:81', [-74, -83, -79, -80, -91, -68, -84, -85, -75]), ('b8:27:eb:ee:32:b8', [-78, -69, -73, -70, -71, -57, -69, -54, -57]), ('b8:27:eb:e7:50:37', [-89, -87, -77, -73, -74, -77, -68, -75]), ('b8:27:eb:63:a1:e3', [-57, -69, -54, -71, -58, -74, -66, -78])]
08:35:28.630963,(-87,-78,-96),(-73,-70,-77),(-80,-75,-87),(-69,-51,-76),(-74,-58,-85),(-68,-53,-83)
[('b8:27:eb:b6:43:f8', [-78, -89, -96, -81, -84, -83, -83, -90, -93]), ('b8:27:eb:d3:4c:7f', [-71, -70, -71, -73, -70, -74, -73, -72, -77]), ('b8:27:eb:cd:4b:81', [-81, -79, -79, -84, -79, -75, -87, -75, -78]), ('b8:27:eb:ee:32:b8', [-72, -68, -62, -70, -51, -70, -76, -74, -75]), ('b8:27:eb:e7:50:37', [-71, -74, -74, -70, -85, -58, -76, -82]), ('b8:27:eb:63:a1:e3', [-57, -53, -74, -70, -66, -83])]
08:35:30.590332,(-87,-77,-95),(-79,-68,-92),(-74,-62,-83),(-71,-60,-80),(-70,-65,-74),(-65,-44,-72)
[('b8:27:eb:b6:43:f8', [-90, -83, -95, -77, -89]), ('b8:27:eb:d3:4c:7f', [-92, -68, -78, -77, -70, -79, -82, -80]), ('b8:27:eb:cd:4b:81', [-62, -67, -67, -81, -80, -76, -74, -83]), ('b8:27:eb:ee:32:b8', [-71, -77, -73, -61, -80, -73, -60]), ('b8:27:eb:e7:50:37', [-67, -69, -65, -73, -74]), ('b8:27:eb:63:a1:e3', [-68, -67, -72, -68, -64, -44, -71, -65, -65, -62])]
08:35:32.516639,(-81,-67,-93),(-77,-68,-89),(-78,-58,-90),(-73,-60,-80),(-72,-68,-75),(-68,-55,-81)
[('b8:27:eb:b6:43:f8', [-77, -88, -67, -87, -93, -73]), ('b8:27:eb:d3:4c:7f', [-73, -72, -89, -86, -68, -82, -68]), ('b8:27:eb:cd:4b:81', [-88, -80, -80, -71, -90, -58, -79, -77, -75]), ('b8:27:eb:ee:32:b8', [-73, -76, -80, -73, -71, -77, -71, -70, -78, -60]), ('b8:27:eb:e7:50:37', [-75, -68, -75, -69]), ('b8:27:eb:63:a1:e3', [-55, -65, -71, -62, -64, -73, -81])]
08:35:34.402945,(-85,-76,-93),(-76,-61,-83),(-78,-71,-83),(-68,-58,-83),(-60,-54,-64),(-70,-64,-77)
[('b8:27:eb:b6:43:f8', [-91, -76, -83, -91, -79, -77, -93, -88]), ('b8:27:eb:d3:4c:7f', [-76, -79, -78, -79, -71, -61, -78, -83, -75]), ('b8:27:eb:cd:4b:81', [-76, -79, -83, -71, -75, -80]), ('b8:27:eb:ee:32:b8', [-61, -74, -65, -59, -70, -83, -58]), ('b8:27:eb:e7:50:37', [-56, -54, -63, -64]), ('b8:27:eb:63:a1:e3', [-66, -74, -65, -77, -64])]
08:35:36.313671,(-90,-83,-97),(-75,-66,-82),(-79,-66,-87),(-74,-71,-80),(-64,-53,-77),(-64,-52,-74)
[('b8:27:eb:b6:43:f8', [-90, -91, -97, -91, -92, -89, -84, -83]), ('b8:27:eb:d3:4c:7f', [-66, -72, -76, -73, -72, -78, -78, -82]), ('b8:27:eb:cd:4b:81', [-66, -87, -83, -81, -74]), ('b8:27:eb:ee:32:b8', [-73, -72, -73, -72, -71, -74, -74, -80, -72]), ('b8:27:eb:e7:50:37', [-67, -77, -61, -66, -69, -53, -57, -56]), ('b8:27:eb:63:a1:e3', [-61, -63, -52, -65, -71, -52, -73, -74])]
08:35:38.218596,(-88,-74,-93),(-78,-65,-85),(-82,-67,-92),(-70,-56,-78),(-69,-54,-83),(-73,-61,-81)
[('b8:27:eb:b6:43:f8', [-92, -91, -93, -74]), ('b8:27:eb:d3:4c:7f', [-73, -80, -73, -65, -84, -80, -85]), ('b8:27:eb:cd:4b:81', [-92, -80, -84, -77, -81, -67, -86, -90, -78]), ('b8:27:eb:ee:32:b8', [-61, -73, -62, -71, -69, -78, -75, -72, -75, -56]), ('b8:27:eb:e7:50:37', [-67, -78, -67, -54, -68, -83, -65]), ('b8:27:eb:63:a1:e3', [-71, -66, -73, -75, -61, -76, -77, -81])]
08:35:40.115480,(-86,-74,-92),(-73,-60,-81),(-78,-68,-83),(-69,-53,-76),(-66,-48,-79),(-70,-54,-85)
[('b8:27:eb:b6:43:f8', [-81, -90, -86, -92, -74, -85, -91]), ('b8:27:eb:d3:4c:7f', [-75, -71, -73, -73, -81, -74, -60]), ('b8:27:eb:cd:4b:81', [-76, -77, -68, -80, -80, -83, -78, -80, -80]), ('b8:27:eb:ee:32:b8', [-53, -70, -72, -76, -72, -71, -68, -61, -74]), ('b8:27:eb:e7:50:37', [-61, -67, -48, -61, -79, -71, -70, -73, -64]), ('b8:27:eb:63:a1:e3', [-69, -85, -72, -78, -54, -67, -69, -71, -59])]
08:35:42.056548,(-86,-71,-101),(-70,-58,-77),(-76,-66,-84),(-75,-61,-94),(-60,-45,-69),(-69,-50,-78)
[('b8:27:eb:b6:43:f8', [-83, -87, -82, -86, -101, -93, -78, -71]), ('b8:27:eb:d3:4c:7f', [-74, -77, -58, -76, -75, -58, -69, -73]), ('b8:27:eb:cd:4b:81', [-84, -82, -78, -74, -77, -66, -66, -79]), ('b8:27:eb:ee:32:b8', [-61, -79, -81, -78, -94, -71, -78, -67, -61]), ('b8:27:eb:e7:50:37', [-69, -63, -64, -61, -48, -45, -69, -56]), ('b8:27:eb:63:a1:e3', [-65, -72, -72, -50, -63, -78, -70, -76, -70])]
08:35:43.960137,(-85,-82,-90),(-77,-67,-88),(-78,-70,-82),(-72,-58,-85),(-71,-65,-79),(-68,-56,-79)
[('b8:27:eb:b6:43:f8', [-85, -82, -90, -83]), ('b8:27:eb:d3:4c:7f', [-67, -78, -70, -88, -71, -85, -75]), ('b8:27:eb:cd:4b:81', [-79, -79, -80, -70, -82, -78]), ('b8:27:eb:ee:32:b8', [-66, -76, -71, -71, -85, -73, -69, -76, -58]), ('b8:27:eb:e7:50:37', [-67, -75, -66, -79, -72, -72, -73, -69, -65, -72]), ('b8:27:eb:63:a1:e3', [-60, -79, -61, -69, -70, -56, -75])]
08:35:45.889668,(-88,-83,-93),(-76,-57,-87),(-78,-71,-85),(-68,-54,-76),(-69,-52,-73),(-68,-52,-85)
[('b8:27:eb:b6:43:f8', [-88, -88, -84, -93, -83, -83, -92, -93]), ('b8:27:eb:d3:4c:7f', [-87, -71, -57, -70, -78, -81, -80, -84]), ('b8:27:eb:cd:4b:81', [-77, -81, -75, -85, -74, -71, -77]), ('b8:27:eb:ee:32:b8', [-59, -68, -74, -60, -54, -70, -72, -76, -72]), ('b8:27:eb:e7:50:37', [-70, -72, -71, -52, -73, -72, -72]), ('b8:27:eb:63:a1:e3', [-55, -71, -60, -83, -52, -67, -85, -70])]
08:35:47.786659,(-87,-83,-92),(-73,-56,-79),(-84,-78,-88),(-71,-55,-80),(-71,-52,-85),(-67,-50,-74)
[('b8:27:eb:b6:43:f8', [-92, -88, -83, -84, -86]), ('b8:27:eb:d3:4c:7f', [-79, -73, -75, -75, -56, -71, -70, -79, -74]), ('b8:27:eb:cd:4b:81', [-88, -78, -86, -82, -84, -82, -88, -82]), ('b8:27:eb:ee:32:b8', [-80, -73, -74, -70, -68, -55, -74, -71]), ('b8:27:eb:e7:50:37', [-80, -74, -60, -52, -72, -85]), ('b8:27:eb:63:a1:e3', [-72, -74, -71, -68, -50, -71, -53, -71])]
08:35:49.685313,(-87,-79,-94),(-74,-66,-80),(-83,-80,-88),(-66,-56,-77),(-68,-59,-77),(-65,-53,-76)
[('b8:27:eb:b6:43:f8', [-90, -85, -94, -79, -86]), ('b8:27:eb:d3:4c:7f', [-76, -80, -80, -70, -66, -75, -70]), ('b8:27:eb:cd:4b:81', [-88, -80, -84, -80, -82, -82, -82, -85]), ('b8:27:eb:ee:32:b8', [-77, -60, -69, -56]), ('b8:27:eb:e7:50:37', [-65, -59, -60, -75, -77, -70]), ('b8:27:eb:63:a1:e3', [-72, -61, -67, -57, -76, -53])]
08:35:51.578579,(-87,-79,-94),(-74,-61,-84),(-80,-73,-89),(-77,-69,-86),(-74,-66,-79),(-65,-54,-75)
[('b8:27:eb:b6:43:f8', [-79, -86, -86, -84, -88, -92, -94, -82]), ('b8:27:eb:d3:4c:7f', [-77, -70, -84, -71, -73, -61, -79, -71, -75]), ('b8:27:eb:cd:4b:81', [-80, -76, -89, -79, -76, -86, -81, -73, -75]), ('b8:27:eb:ee:32:b8', [-83, -69, -72, -73, -72, -77, -76, -80, -86]), ('b8:27:eb:e7:50:37', [-75, -69, -79, -75, -77, -66, -78, -66]), ('b8:27:eb:63:a1:e3', [-70, -70, -54, -57, -63, -72, -65, -55, -75])]
08:35:53.553590,(-88,-83,-93),(-68,-61,-79),(-74,-61,-83),(-73,-59,-84),(-69,-53,-89),(-64,-51,-80)
[('b8:27:eb:b6:43:f8', [-93, -85, -91, -89, -86, -83, -90, -86, -86]), ('b8:27:eb:d3:4c:7f', [-71, -73, -61, -73, -62, -62, -61, -67, -79]), ('b8:27:eb:cd:4b:81', [-61, -77, -74, -83]), ('b8:27:eb:ee:32:b8', [-78, -59, -75, -72, -84, -75, -66]), ('b8:27:eb:e7:50:37', [-70, -54, -55, -70, -74, -89, -72, -53, -75, -75]), ('b8:27:eb:63:a1:e3', [-66, -80, -65, -60, -51, -75, -55, -53])]
08:35:55.511617,(-88,-84,-92),(-70,-60,-77),(-80,-67,-86),(-78,-67,-89),(-66,-53,-76),(-65,-54,-74)
[('b8:27:eb:b6:43:f8', [-89, -85, -84, -84, -88, -88, -92, -87, -87]), ('b8:27:eb:d3:4c:7f', [-70, -77, -75, -70, -60, -73, -67, -68]), ('b8:27:eb:cd:4b:81', [-79, -67, -86, -82, -86, -80, -86, -73, -77]), ('b8:27:eb:ee:32:b8', [-87, -70, -72, -83, -89, -74, -67, -73, -79]), ('b8:27:eb:e7:50:37', [-60, -53, -76, -69, -69, -72, -56, -68, -57, -72]), ('b8:27:eb:63:a1:e3', [-67, -72, -74, -54, -54])]
08:35:57.417572,(-88,-75,-96),(-74,-68,-83),(-82,-73,-96),(-78,-69,-86),(-64,-48,-71),(-62,-51,-70)
[('b8:27:eb:b6:43:f8', [-88, -96, -88, -81, -75, -95, -88]), ('b8:27:eb:d3:4c:7f', [-71, -73, -69, -69, -83, -68, -74, -75, -76]), ('b8:27:eb:cd:4b:81', [-82, -75, -84, -96, -73, -82, -81, -78, -80]), ('b8:27:eb:ee:32:b8', [-70, -74, -71, -78, -86, -79, -85, -69, -85]), ('b8:27:eb:e7:50:37', [-50, -70, -48, -68, -67, -70, -65, -71]), ('b8:27:eb:63:a1:e3', [-67, -62, -56, -69, -51, -53, -63, -70])]
08:35:59.348513,(-82,-67,-88),(-76,-69,-87),(-80,-69,-88),(-77,-71,-88),(-69,-51,-78),(-71,-59,-90)
[('b8:27:eb:b6:43:f8', [-67, -81, -82, -84, -88, -88, -87, -72, -88]), ('b8:27:eb:d3:4c:7f', [-74, -87, -79, -69, -69, -74, -75, -83, -73, -69]), ('b8:27:eb:cd:4b:81', [-85, -87, -88, -82, -79, -73, -71, -69, -79]), ('b8:27:eb:ee:32:b8', [-84, -72, -76, -71, -75, -88, -75, -74, -74, -79]), ('b8:27:eb:e7:50:37', [-67, -51, -78, -67, -72, -72, -74]), ('b8:27:eb:63:a1:e3', [-59, -71, -90, -67, -69, -74, -67])]
08:36:01.274891,(-85,-77,-95),(-75,-66,-82),(-77,-60,-87),(-77,-65,-91),(-75,-60,-88),(-69,-51,-78)
[('b8:27:eb:b6:43:f8', [-83, -77, -95, -81, -86]), ('b8:27:eb:d3:4c:7f', [-82, -78, -72, -66, -79, -70, -73]), ('b8:27:eb:cd:4b:81', [-60, -87, -82, -84, -64, -85, -73, -78]), ('b8:27:eb:ee:32:b8', [-91, -71, -83, -81, -75, -65, -72, -77]), ('b8:27:eb:e7:50:37', [-76, -83, -78, -88, -71, -69, -74, -60]), ('b8:27:eb:63:a1:e3', [-72, -70, -71, -74, -72, -72, -51, -68, -78, -54])]
08:36:03.211677,(-90,-85,-95),(-79,-70,-88),(-79,-56,-86),(-75,-58,-84),(-73,-58,-92),(-70,-57,-80)
[('b8:27:eb:b6:43:f8', [-85, -89, -95, -88]), ('b8:27:eb:d3:4c:7f', [-84, -80, -70, -88, -76, -77, -75, -76, -82]), ('b8:27:eb:cd:4b:81', [-56, -81, -86, -82, -85, -81, -79, -82]), ('b8:27:eb:ee:32:b8', [-78, -77, -76, -82, -84, -58, -72, -71, -72, -74]), ('b8:27:eb:e7:50:37', [-74, -92, -72, -58, -74, -62, -71, -70, -79, -69]), ('b8:27:eb:63:a1:e3', [-71, -65, -72, -62, -80, -78, -74, -68, -57])]
08:36:05.134259,(-92,-88,-94),(-79,-74,-82),(-83,-75,-87),(-68,-56,-86),(-68,-45,-82),(-67,-53,-80)
[('b8:27:eb:b6:43:f8', [-90, -93, -94, -91, -88, -91]), ('b8:27:eb:d3:4c:7f', [-75, -77, -79, -79, -81, -80, -79, -74, -82]), ('b8:27:eb:cd:4b:81', [-86, -87, -84, -81, -84, -75]), ('b8:27:eb:ee:32:b8', [-72, -56, -70, -69, -69, -60, -59, -86]), ('b8:27:eb:e7:50:37', [-45, -54, -65, -73, -70, -82, -82, -65, -68]), ('b8:27:eb:63:a1:e3', [-69, -80, -53, -70, -64, -70, -73, -65, -58])]
08:36:07.040420,(-86,-82,-90),(-79,-70,-91),(-74,-62,-80),(-74,-61,-83),(-71,-53,-87),(-64,-49,-73)
[('b8:27:eb:b6:43:f8', [-82, -90, -86, -87, -82, -89]), ('b8:27:eb:d3:4c:7f', [-70, -76, -91, -78, -86, -78, -71, -79, -75]), ('b8:27:eb:cd:4b:81', [-72, -80, -80, -72, -77, -62]), ('b8:27:eb:ee:32:b8', [-61, -66, -71, -70, -70, -79, -83, -80, -77, -80]), ('b8:27:eb:e7:50:37', [-53, -79, -84, -87, -63, -76, -57, -66]), ('b8:27:eb:63:a1:e3', [-55, -49, -67, -73, -68, -68])]
08:36:08.999501,(-84,-72,-95),(-78,-73,-84),(-83,-74,-89),(-80,-70,-86),(-64,-51,-72),(-64,-47,-82)
[('b8:27:eb:b6:43:f8', [-75, -88, -95, -94, -80, -72]), ('b8:27:eb:d3:4c:7f', [-73, -76, -80, -73, -79, -84, -81, -76, -74]), ('b8:27:eb:cd:4b:81', [-89, -80, -87, -86, -79, -83, -74]), ('b8:27:eb:ee:32:b8', [-81, -79, -80, -70, -79, -80, -84, -79, -78, -86]), ('b8:27:eb:e7:50:37', [-56, -72, -58, -72, -51, -61, -72, -70]), ('b8:27:eb:63:a1:e3', [-65, -67, -82, -47, -58, -65])]
08:36:10.903131,(-85,-71,-91),(-70,-59,-75),(-80,-67,-89),(-79,-68,-86),(-66,-44,-80),(-66,-55,-78)
[('b8:27:eb:b6:43:f8', [-84, -91, -83, -91, -86, -88, -71, -76, -85, -90]), ('b8:27:eb:d3:4c:7f', [-73, -75, -67, -73, -72, -59, -65, -68, -74]), ('b8:27:eb:cd:4b:81', [-79, -78, -88, -81, -89, -86, -67, -69, -82]), ('b8:27:eb:ee:32:b8', [-68, -79, -86, -86, -77, -81, -75, -85, -75, -73]), ('b8:27:eb:e7:50:37', [-55, -71, -70, -80, -66, -44, -63, -75, -62]), ('b8:27:eb:63:a1:e3', [-55, -58, -57, -68, -78, -74, -71, -63, -70, -61])]
08:36:12.807800,(-85,-69,-96),(-76,-67,-84),(-75,-68,-83),(-82,-67,-96),(-61,-48,-71),(-65,-52,-74)
[('b8:27:eb:b6:43:f8', [-84, -69, -87, -83, -89, -96, -86]), ('b8:27:eb:d3:4c:7f', [-69, -71, -84, -67, -73, -76, -83, -80]), ('b8:27:eb:cd:4b:81', [-79, -83, -68, -76, -69, -75]), ('b8:27:eb:ee:32:b8', [-75, -78, -84, -86, -84, -96, -67]), ('b8:27:eb:e7:50:37', [-48, -56, -60, -53, -67, -66, -65, -58, -71]), ('b8:27:eb:63:a1:e3', [-69, -74, -72, -67, -58, -62, -52, -59, -68])]
08:36:14.737139,(-86,-80,-92),(-72,-55,-88),(-77,-62,-85),(-81,-72,-99),(-67,-55,-74),(-64,-47,-74)
[('b8:27:eb:b6:43:f8', [-89, -84, -82, -85, -80, -92]), ('b8:27:eb:d3:4c:7f', [-88, -77, -83, -76, -71, -75, -55, -67, -66, -56]), ('b8:27:eb:cd:4b:81', [-81, -74, -71, -83, -62, -67, -79, -77, -82, -85]), ('b8:27:eb:ee:32:b8', [-86, -72, -99, -81, -80, -75, -80, -73]), ('b8:27:eb:e7:50:37', [-68, -56, -72, -72, -55, -74, -69, -71, -62]), ('b8:27:eb:63:a1:e3', [-74, -60, -66, -47, -66, -64, -63, -69])]
08:36:16.641569,(-83,-73,-90),(-73,-67,-80),(-78,-67,-84),(-75,-62,-86),(-70,-49,-81),(-68,-57,-78)
[('b8:27:eb:b6:43:f8', [-80, -73, -86, -81, -90, -82, -84]), ('b8:27:eb:d3:4c:7f', [-67, -74, -80, -73, -76, -69, -70, -78, -70, -68]), ('b8:27:eb:cd:4b:81', [-79, -67, -84, -76, -77, -77, -79, -76, -73, -84]), ('b8:27:eb:ee:32:b8', [-86, -82, -86, -62, -76, -69, -73, -75, -66]), ('b8:27:eb:e7:50:37', [-73, -63, -75, -75, -49, -81, -71]), ('b8:27:eb:63:a1:e3', [-67, -57, -66, -62, -74, -57, -78, -76])]
08:36:18.526638,(-87,-70,-92),(-74,-58,-89),(-78,-59,-89),(-77,-62,-85),(-79,-73,-91),(-67,-59,-75)
[('b8:27:eb:b6:43:f8', [-88, -91, -88, -91, -70, -86, -92]), ('b8:27:eb:d3:4c:7f', [-73, -79, -77, -72, -89, -70, -58, -83, -63]), ('b8:27:eb:cd:4b:81', [-82, -79, -68, -59, -77, -75, -85, -89, -79, -78]), ('b8:27:eb:ee:32:b8', [-62, -75, -85, -79, -78, -84, -82, -76, -71]), ('b8:27:eb:e7:50:37', [-80, -73, -80, -91, -73, -73, -75, -81, -79]), ('b8:27:eb:63:a1:e3', [-66, -59, -66, -63, -65, -62, -75, -71, -68])]
08:36:20.457906,(-84,-73,-91),(-78,-68,-83),(-79,-70,-89),(-77,-69,-92),(-70,-56,-75),(-68,-52,-76)
[('b8:27:eb:b6:43:f8', [-91, -85, -80, -73, -89, -80, -89, -84]), ('b8:27:eb:d3:4c:7f', [-68, -78, -73, -79, -83, -81, -78, -81]), ('b8:27:eb:cd:4b:81', [-74, -81, -76, -70, -75, -79, -80, -86, -89]), ('b8:27:eb:ee:32:b8', [-69, -70, -82, -92, -78, -78, -72, -74, -77]), ('b8:27:eb:e7:50:37', [-75, -75, -72, -74, -56, -67, -62, -72, -69, -71]), ('b8:27:eb:63:a1:e3', [-74, -70, -58, -72, -76, -70, -52, -68])]
08:36:22.373051,(-88,-80,-101),(-73,-57,-83),(-80,-77,-83),(-76,-63,-90),(-67,-55,-73),(-62,-52,-70)
[('b8:27:eb:b6:43:f8', [-80, -80, -89, -101, -90]), ('b8:27:eb:d3:4c:7f', [-79, -76, -71, -57, -83, -74, -75, -71, -59, -81]), ('b8:27:eb:cd:4b:81', [-77, -78, -78, -81, -83, -80, -80, -80]), ('b8:27:eb:ee:32:b8', [-70, -80, -74, -90, -85, -63, -75, -74, -69]), ('b8:27:eb:e7:50:37', [-68, -55, -66, -62, -65, -72, -73, -68]), ('b8:27:eb:63:a1:e3', [-70, -61, -52, -56, -64, -69, -67, -62, -53])]
08:36:24.259605,(-87,-75,-93),(-78,-63,-89),(-80,-61,-89),(-72,-58,-84),(-67,-62,-71),(-66,-55,-82)
[('b8:27:eb:b6:43:f8', [-93, -90, -89, -78, -75, -92]), ('b8:27:eb:d3:4c:7f', [-75, -88, -84, -70, -79, -63, -89, -79, -73]), ('b8:27:eb:cd:4b:81', [-80, -89, -61, -68, -81, -84, -85, -84, -82, -79]), ('b8:27:eb:ee:32:b8', [-73, -80, -78, -67, -66, -69, -84, -58]), ('b8:27:eb:e7:50:37', [-65, -67, -62, -70, -65, -71, -65, -68]), ('b8:27:eb:63:a1:e3', [-55, -66, -55, -82, -64, -70, -67])]
08:36:26.190442,(-84,-73,-90),(-74,-67,-80),(-75,-60,-86),(-79,-70,-84),(-68,-54,-78),(-68,-65,-72)
[('b8:27:eb:b6:43:f8', [-88, -85, -80, -73, -86, -83, -86, -90]), ('b8:27:eb:d3:4c:7f', [-78, -72, -77, -71, -80, -77, -72, -68, -67]), ('b8:27:eb:cd:4b:81', [-86, -80, -70, -80, -79, -60, -72, -73]), ('b8:27:eb:ee:32:b8', [-70, -77, -84, -83, -80, -79]), ('b8:27:eb:e7:50:37', [-71, -78, -73, -69, -69, -71, -72, -54, -54]), ('b8:27:eb:63:a1:e3', [-66, -66, -65, -66, -72, -67, -70, -69])]
08:36:28.125485,(-86,-72,-94),(-73,-55,-82),(-81,-68,-98),(-80,-58,-90),(-62,-48,-69),(-63,-49,-70)
[('b8:27:eb:b6:43:f8', [-81, -92, -94, -72, -85, -81, -93]), ('b8:27:eb:d3:4c:7f', [-74, -77, -77, -55, -67, -82, -72, -69, -74, -76]), ('b8:27:eb:cd:4b:81', [-68, -98, -78, -88, -86, -81, -70, -72, -87]), ('b8:27:eb:ee:32:b8', [-78, -58, -90, -77, -79, -88, -86, -82]), ('b8:27:eb:e7:50:37', [-69, -69, -68, -65, -48, -60, -62, -53, -63]), ('b8:27:eb:63:a1:e3', [-49, -62, -70, -58, -66, -69])]
08:36:30.050854,(-84,-72,-96),(-78,-62,-90),(-88,-82,-95),(-80,-67,-89),(-61,-47,-71),(-68,-52,-91)
[('b8:27:eb:b6:43:f8', [-81, -78, -87, -72, -84, -83, -84, -84, -96, -90]), ('b8:27:eb:d3:4c:7f', [-77, -77, -90, -76, -85, -62]), ('b8:27:eb:cd:4b:81', [-84, -90, -95, -82]), ('b8:27:eb:ee:32:b8', [-83, -80, -77, -67, -85, -89, -74, -78]), ('b8:27:eb:e7:50:37', [-59, -68, -47, -51, -62, -67, -66, -51, -68, -71]), ('b8:27:eb:63:a1:e3', [-52, -67, -91, -74, -54, -66, -68])]
08:36:31.953035,(-88,-78,-95),(-70,-58,-84),(-80,-72,-85),(-78,-62,-84),(-73,-68,-81),(-64,-49,-75)
[('b8:27:eb:b6:43:f8', [-91, -78, -87, -87, -95]), ('b8:27:eb:d3:4c:7f', [-74, -84, -58, -58, -72, -72, -67]), ('b8:27:eb:cd:4b:81', [-72, -85, -76, -79, -79, -85, -81]), ('b8:27:eb:ee:32:b8', [-68, -82, -79, -83, -84, -79, -78, -78, -62, -81]), ('b8:27:eb:e7:50:37', [-73, -68, -68, -71, -68, -74, -75, -81]), ('b8:27:eb:63:a1:e3', [-72, -63, -68, -49, -74, -75, -49, -71, -49, -68])]
08:36:33.884892,(-90,-89,-91),(-75,-68,-81),(-79,-69,-86),(-76,-70,-82),(-67,-57,-76),(-68,-52,-85)
[('b8:27:eb:b6:43:f8', [-91, -89, -90, -89, -89]), ('b8:27:eb:d3:4c:7f', [-79, -74, -75, -81, -72, -68]), ('b8:27:eb:cd:4b:81', [-78, -79, -77, -76, -76, -69, -86, -84, -84]), ('b8:27:eb:ee:32:b8', [-82, -74, -74, -70, -80, -72, -74]), ('b8:27:eb:e7:50:37', [-74, -57, -65, -59, -76, -62, -68, -74]), ('b8:27:eb:63:a1:e3', [-81, -55, -68, -85, -67, -61, -52, -62, -71, -77])]
08:36:35.837994,(-87,-78,-96),(-75,-69,-84),(-77,-62,-89),(-75,-70,-83),(-68,-55,-77),(-70,-48,-83)
[('b8:27:eb:b6:43:f8', [-96, -92, -79, -84, -87, -90, -85, -78, -90]), ('b8:27:eb:d3:4c:7f', [-73, -71, -80, -78, -74, -75, -84, -69, -71]), ('b8:27:eb:cd:4b:81', [-79, -77, -81, -62, -73, -89, -69, -87, -68]), ('b8:27:eb:ee:32:b8', [-70, -74, -71, -74, -83, -79, -72]), ('b8:27:eb:e7:50:37', [-74, -72, -59, -72, -64, -77, -55]), ('b8:27:eb:63:a1:e3', [-78, -73, -83, -66, -71, -61, -80, -70, -62, -48])]
08:36:37.741645,(-85,-74,-90),(-75,-58,-84),(-81,-75,-86),(-75,-57,-89),(-66,-61,-74),(-65,-58,-72)
[('b8:27:eb:b6:43:f8', [-86, -83, -74, -90, -90]), ('b8:27:eb:d3:4c:7f', [-83, -71, -77, -79, -84, -58, -71]), ('b8:27:eb:cd:4b:81', [-85, -80, -76, -86, -75, -80, -85]), ('b8:27:eb:ee:32:b8', [-77, -89, -79, -72, -57, -85, -72, -73, -67]), ('b8:27:eb:e7:50:37', [-65, -74, -63, -68, -61, -63]), ('b8:27:eb:63:a1:e3', [-68, -65, -58, -63, -67, -58, -66, -72])]
08:36:39.669709,(-85,-77,-89),(-73,-70,-78),(-77,-57,-90),(-71,-61,-79),(-69,-54,-80),(-67,-54,-83)
[('b8:27:eb:b6:43:f8', [-89, -88, -77]), ('b8:27:eb:d3:4c:7f', [-70, -72, -72, -78, -76, -71, -71, -74, -72]), ('b8:27:eb:cd:4b:81', [-90, -81, -76, -57, -79]), ('b8:27:eb:ee:32:b8', [-61, -79, -77, -72, -61, -74, -71, -67]), ('b8:27:eb:e7:50:37', [-73, -73, -71, -80, -54, -72, -72, -56, -74, -60]), ('b8:27:eb:63:a1:e3', [-60, -58, -83, -68, -65, -72, -64, -54, -75])]
08:36:41.599537,(-87,-76,-97),(-71,-55,-84),(-78,-67,-88),(-78,-66,-86),(-72,-66,-81),(-71,-62,-81)
[('b8:27:eb:b6:43:f8', [-89, -76, -79, -97, -92]), ('b8:27:eb:d3:4c:7f', [-80, -55, -68, -77, -59, -84, -76, -68, -69]), ('b8:27:eb:cd:4b:81', [-77, -81, -67, -79, -74, -88]), ('b8:27:eb:ee:32:b8', [-66, -75, -73, -81, -69, -76, -83, -86, -80, -85]), ('b8:27:eb:e7:50:37', [-81, -68, -73, -72, -66]), ('b8:27:eb:63:a1:e3', [-63, -69, -71, -71, -81, -71, -62, -71, -79])]
08:36:43.563660,(-88,-82,-95),(-80,-66,-85),(-86,-75,-94),(-76,-60,-85),(-63,-48,-74),(-66,-56,-72)
[('b8:27:eb:b6:43:f8', [-89, -84, -95, -90, -82]), ('b8:27:eb:d3:4c:7f', [-81, -81, -78, -85, -83, -66, -83]), ('b8:27:eb:cd:4b:81', [-75, -87, -91, -91, -94, -84, -86, -76, -86]), ('b8:27:eb:ee:32:b8', [-81, -81, -72, -74, -75, -60, -77, -85]), ('b8:27:eb:e7:50:37', [-48, -48, -74, -64, -70, -70]), ('b8:27:eb:63:a1:e3', [-71, -70, -57, -72, -56, -62, -69, -64])]
08:36:45.501665,(-89,-82,-94),(-75,-59,-85),(-83,-68,-89),(-74,-63,-79),(-73,-59,-83),(-62,-51,-72)
[('b8:27:eb:b6:43:f8', [-91, -88, -94, -88, -84, -82, -92]), ('b8:27:eb:d3:4c:7f', [-67, -78, -85, -77, -59, -78, -82, -66, -80, -69]), ('b8:27:eb:cd:4b:81', [-89, -87, -85, -88, -81, -68, -83, -79]), ('b8:27:eb:ee:32:b8', [-78, -79, -70, -63, -73, -75, -70, -74, -77]), ('b8:27:eb:e7:50:37', [-74, -68, -83, -74, -77, -59]), ('b8:27:eb:63:a1:e3', [-67, -66, -57, -51, -66, -53, -61, -60, -72])]
08:36:47.435467,(-84,-74,-92),(-68,-57,-76),(-77,-62,-83),(-76,-72,-78),(-69,-58,-76),(-69,-53,-78)
[('b8:27:eb:b6:43:f8', [-92, -78, -74, -90, -79, -83, -84, -88, -85]), ('b8:27:eb:d3:4c:7f', [-57, -76, -60, -73, -71, -62, -76]), ('b8:27:eb:cd:4b:81', [-79, -62, -77, -83, -75, -83, -78, -76]), ('b8:27:eb:ee:32:b8', [-77, -72, -78, -74, -77, -77, -73, -76]), ('b8:27:eb:e7:50:37', [-68, -68, -68, -58, -75, -76, -69, -70]), ('b8:27:eb:63:a1:e3', [-75, -68, -69, -53, -60, -65, -78, -71, -74, -76])]
08:36:49.402375,(-85,-74,-94),(-68,-57,-79),(-80,-71,-95),(-73,-56,-83),(-67,-58,-76),(-66,-50,-77)
[('b8:27:eb:b6:43:f8', [-89, -94, -88, -76, -86, -88, -74]), ('b8:27:eb:d3:4c:7f', [-71, -74, -57, -73, -68, -58, -70, -68, -61, -79]), ('b8:27:eb:cd:4b:81', [-76, -78, -77, -73, -82, -71, -84, -95, -84]), ('b8:27:eb:ee:32:b8', [-78, -79, -79, -79, -83, -56, -69, -72, -62]), ('b8:27:eb:e7:50:37', [-73, -76, -67, -60, -58, -68]), ('b8:27:eb:63:a1:e3', [-75, -73, -54, -50, -62, -65, -68, -77])]
08:36:51.301064,(-90,-86,-95),(-74,-61,-86),(-75,-66,-91),(-67,-55,-77),(-74,-56,-83),(-71,-65,-78)
[('b8:27:eb:b6:43:f8', [-86, -95, -88, -88, -91]), ('b8:27:eb:d3:4c:7f', [-81, -75, -76, -76, -68, -61, -69, -72, -86]), ('b8:27:eb:cd:4b:81', [-66, -72, -66, -76, -84, -69, -91]), ('b8:27:eb:ee:32:b8', [-70, -56, -74, -77, -55, -70]), ('b8:27:eb:e7:50:37', [-81, -57, -78, -83, -73, -78, -80, -77, -56]), ('b8:27:eb:63:a1:e3', [-78, -70, -71, -65, -75, -72, -66, -67, -72, -74])]
08:36:53.236737,(-90,-81,-96),(-74,-61,-87),(-77,-68,-85),(-65,-52,-76),(-72,-59,-81),(-73,-60,-88)
[('b8:27:eb:b6:43:f8', [-81, -92, -96, -94, -87, -89]), ('b8:27:eb:d3:4c:7f', [-80, -61, -69, -69, -87, -75, -74]), ('b8:27:eb:cd:4b:81', [-68, -77, -74, -78, -78, -85, -82, -80, -69]), ('b8:27:eb:ee:32:b8', [-65, -55, -72, -76, -66, -72, -62, -63, -52]), ('b8:27:eb:e7:50:37', [-79, -64, -59, -81, -73, -72, -70, -71, -73]), ('b8:27:eb:63:a1:e3', [-76, -73, -78, -66, -74, -60, -64, -88, -77])]
08:36:55.123247,(-88,-81,-95),(-79,-73,-88),(-79,-73,-85),(-72,-51,-84),(-72,-57,-82),(-63,-45,-74)
[('b8:27:eb:b6:43:f8', [-93, -89, -81, -95, -84, -88, -83]), ('b8:27:eb:d3:4c:7f', [-76, -75, -80, -88, -73, -73, -82]), ('b8:27:eb:cd:4b:81', [-85, -75, -76, -85, -74, -80, -79, -73]), ('b8:27:eb:ee:32:b8', [-51, -70, -78, -59, -67, -69, -78, -81, -79, -84]), ('b8:27:eb:e7:50:37', [-77, -66, -57, -70, -70, -82, -74, -79]), ('b8:27:eb:63:a1:e3', [-72, -74, -45, -65, -58, -68, -62, -60])]
08:36:57.050894,(-87,-78,-94),(-69,-60,-75),(-76,-62,-91),(-74,-57,-85),(-67,-51,-77),(-61,-44,-80)
[('b8:27:eb:b6:43:f8', [-84, -78, -94, -84, -91]), ('b8:27:eb:d3:4c:7f', [-71, -72, -75, -68, -71, -69, -62, -60]), ('b8:27:eb:cd:4b:81', [-82, -62, -73, -91, -66, -75, -80]), ('b8:27:eb:ee:32:b8', [-70, -77, -73, -74, -57, -74, -81, -85]), ('b8:27:eb:e7:50:37', [-54, -77, -51, -72, -66, -74, -70, -59, -75, -67]), ('b8:27:eb:63:a1:e3', [-55, -80, -57, -44, -51, -65, -54, -68, -72])]
08:36:58.981054,(-83,-74,-88),(-68,-55,-77),(-74,-63,-81),(-83,-68,-95),(-66,-46,-80),(-68,-52,-86)
[('b8:27:eb:b6:43:f8', [-84, -88, -84, -86, -80, -82, -74]), ('b8:27:eb:d3:4c:7f', [-72, -77, -68, -58, -71, -55, -71, -72]), ('b8:27:eb:cd:4b:81', [-81, -74, -64, -63, -76, -81]), ('b8:27:eb:ee:32:b8', [-81, -77, -83, -85, -68, -82, -86, -95]), ('b8:27:eb:e7:50:37', [-66, -78, -67, -67, -80, -71, -61, -46, -62, -62]), ('b8:27:eb:63:a1:e3', [-64, -67, -67, -72, -71, -64, -86, -61, -72, -52])]
08:37:00.939135,(-88,-80,-98),(-79,-71,-84),(-82,-62,-99),(-85,-79,-95),(-57,-45,-74),(-69,-53,-83)
[('b8:27:eb:b6:43:f8', [-88, -80, -98, -83, -86, -85, -91, -86]), ('b8:27:eb:d3:4c:7f', [-82, -80, -77, -84, -76, -81, -79, -71]), ('b8:27:eb:cd:4b:81', [-75, -62, -91, -89, -77, -75, -99, -81, -83]), ('b8:27:eb:ee:32:b8', [-95, -84, -80, -79, -79, -86, -86]), ('b8:27:eb:e7:50:37', [-52, -65, -65, -74, -46, -50, -45]), ('b8:27:eb:63:a1:e3', [-77, -75, -72, -62, -73, -83, -64, -70, -59, -53])]
08:37:02.838436,(-92,-87,-95),(-75,-70,-79),(-81,-72,-89),(-75,-60,-82),(-65,-51,-79),(-71,-58,-82)
[('b8:27:eb:b6:43:f8', [-90, -87, -95, -88, -90, -94, -95]), ('b8:27:eb:d3:4c:7f', [-77, -79, -73, -74, -77, -77, -70, -72, -75]), ('b8:27:eb:cd:4b:81', [-89, -83, -77, -81, -72, -85, -77, -77]), ('b8:27:eb:ee:32:b8', [-81, -82, -76, -81, -69, -60, -73]), ('b8:27:eb:e7:50:37', [-51, -77, -55, -79, -76, -70, -62, -59, -55, -63]), ('b8:27:eb:63:a1:e3', [-73, -58, -76, -63, -82, -68, -69, -78])]
08:37:04.772309,(-82,-71,-90),(-65,-54,-71),(-78,-68,-84),(-80,-70,-86),(-69,-54,-83),(-69,-62,-73)
[('b8:27:eb:b6:43:f8', [-85, -71, -89, -84, -85, -72, -81, -81, -90]), ('b8:27:eb:d3:4c:7f', [-69, -71, -68, -54, -67, -69, -55, -63]), ('b8:27:eb:cd:4b:81', [-84, -72, -78, -84, -77, -68, -83, -72]), ('b8:27:eb:ee:32:b8', [-70, -78, -79, -80, -82, -79, -79, -86]), ('b8:27:eb:e7:50:37', [-54, -74, -64, -83, -70, -71, -64]), ('b8:27:eb:63:a1:e3', [-73, -70, -71, -62, -73, -65, -66, -69, -70])]
08:37:06.700801,(-86,-76,-96),(-75,-71,-81),(-79,-68,-85),(-74,-62,-80),(-65,-55,-72),(-62,-52,-77)
[('b8:27:eb:b6:43:f8', [-95, -96, -91, -80, -78, -76, -92, -82, -83]), ('b8:27:eb:d3:4c:7f', [-76, -76, -71, -81, -72, -71, -75]), ('b8:27:eb:cd:4b:81', [-77, -77, -68, -80, -85, -85, -79, -75]), ('b8:27:eb:ee:32:b8', [-80, -67, -75, -77, -72, -75, -77, -62]), ('b8:27:eb:e7:50:37', [-65, -68, -64, -64, -65, -55, -63, -72]), ('b8:27:eb:63:a1:e3', [-53, -52, -64, -72, -62, -55, -70, -56, -77, -57])]
08:37:08.665581,(-82,-70,-95),(-72,-58,-83),(-81,-66,-86),(-74,-65,-78),(-73,-59,-83),(-66,-52,-78)
[('b8:27:eb:b6:43:f8', [-84, -70, -86, -76, -81, -81, -95]), ('b8:27:eb:d3:4c:7f', [-62, -79, -78, -83, -75, -68, -58, -70, -71]), ('b8:27:eb:cd:4b:81', [-86, -66, -85, -82, -86, -76]), ('b8:27:eb:ee:32:b8', [-71, -77, -77, -77, -69, -71, -72, -75, -78, -65]), ('b8:27:eb:e7:50:37', [-75, -73, -59, -69, -73, -74, -70, -83, -80]), ('b8:27:eb:63:a1:e3', [-61, -52, -66, -69, -67, -64, -72, -78, -66, -63])]
08:37:10.605060,(-89,-81,-96),(-78,-68,-95),(-76,-68,-86),(-74,-70,-77),(-70,-57,-91),(-65,-53,-72)
[('b8:27:eb:b6:43:f8', [-91, -91, -87, -96, -81, -85, -84, -91]), ('b8:27:eb:d3:4c:7f', [-74, -79, -77, -74, -79, -95, -68]), ('b8:27:eb:cd:4b:81', [-72, -80, -75, -74, -68, -86]), ('b8:27:eb:ee:32:b8', [-70, -74, -73, -76, -71, -73, -77, -72]), ('b8:27:eb:e7:50:37', [-62, -66, -76, -72, -58, -77, -70, -57, -91]), ('b8:27:eb:63:a1:e3', [-53, -53, -56, -68, -70, -69, -72, -67, -67, -72])]
08:37:12.494899,(-93,-85,-100),(-74,-67,-80),(-83,-67,-96),(-63,-51,-77),(-74,-68,-82),(-70,-62,-74)
[('b8:27:eb:b6:43:f8', [-94, -87, -95, -85, -100, -94, -99, -90]), ('b8:27:eb:d3:4c:7f', [-80, -67, -78, -74, -67]), ('b8:27:eb:cd:4b:81', [-93, -87, -67, -74, -85, -83, -96, -76]), ('b8:27:eb:ee:32:b8', [-53, -71, -60, -77, -74, -74, -66, -51, -52, -52]), ('b8:27:eb:e7:50:37', [-69, -71, -70, -68, -77, -77, -82, -72, -78]), ('b8:27:eb:63:a1:e3', [-72, -71, -74, -70, -65, -73, -67, -74, -62])]
08:37:14.411798,(-89,-84,-96),(-71,-60,-83),(-77,-69,-81),(-71,-56,-80),(-68,-56,-76),(-69,-64,-73)
[('b8:27:eb:b6:43:f8', [-86, -84, -85, -92, -91, -88, -96]), ('b8:27:eb:d3:4c:7f', [-75, -63, -76, -70, -60, -74, -83, -61, -76]), ('b8:27:eb:cd:4b:81', [-77, -79, -81, -76, -74, -69, -76, -79, -77]), ('b8:27:eb:ee:32:b8', [-71, -75, -61, -69, -71, -56, -74, -80, -75, -72]), ('b8:27:eb:e7:50:37', [-62, -56, -76, -68, -68, -71, -70]), ('b8:27:eb:63:a1:e3', [-71, -71, -67, -65, -73, -68, -68, -64, -68])]
08:37:16.345447,(-85,-74,-94),(-73,-58,-78),(-70,-56,-84),(-75,-61,-91),(-69,-52,-79),(-63,-46,-72)
[('b8:27:eb:b6:43:f8', [-81, -94, -86, -81, -83, -85, -74, -93]), ('b8:27:eb:d3:4c:7f', [-78, -58, -78, -77, -74, -72]), ('b8:27:eb:cd:4b:81', [-61, -69, -56, -75, -60, -84, -77, -73]), ('b8:27:eb:ee:32:b8', [-67, -72, -70, -87, -91, -81, -69, -72, -61]), ('b8:27:eb:e7:50:37', [-73, -52, -68, -60, -67, -77, -79, -69]), ('b8:27:eb:63:a1:e3', [-71, -72, -67, -67, -51, -46, -62, -66])]
08:37:18.247345,(-85,-74,-93),(-71,-60,-80),(-80,-68,-94),(-75,-59,-91),(-63,-51,-72),(-69,-54,-86)
[('b8:27:eb:b6:43:f8', [-74, -88, -93, -83, -91, -76]), ('b8:27:eb:d3:4c:7f', [-67, -69, -62, -77, -80, -60, -71, -73, -75]), ('b8:27:eb:cd:4b:81', [-75, -83, -68, -94, -74, -83, -69, -79, -89, -77]), ('b8:27:eb:ee:32:b8', [-59, -60, -80, -73, -72, -79, -78, -82, -91, -72]), ('b8:27:eb:e7:50:37', [-68, -52, -61, -70, -51, -72, -61, -66]), ('b8:27:eb:63:a1:e3', [-54, -64, -67, -54, -69, -75, -73, -86, -68, -73])]
08:37:20.193064,(-86,-73,-95),(-75,-60,-82),(-84,-75,-90),(-75,-60,-84),(-66,-55,-76),(-66,-54,-75)
[('b8:27:eb:b6:43:f8', [-87, -73, -85, -92, -95, -86, -87, -89, -76, -90]), ('b8:27:eb:d3:4c:7f', [-82, -77, -72, -75, -60, -81]), ('b8:27:eb:cd:4b:81', [-84, -79, -85, -87, -75, -90]), ('b8:27:eb:ee:32:b8', [-80, -60, -77, -79, -71, -84, -71]), ('b8:27:eb:e7:50:37', [-55, -55, -65, -76, -66, -74]), ('b8:27:eb:63:a1:e3', [-75, -70, -75, -57, -54, -58, -68])]
08:37:22.107284,(-86,-76,-93),(-77,-61,-85),(-75,-62,-86),(-75,-61,-83),(-68,-55,-80),(-65,-56,-74)
[('b8:27:eb:b6:43:f8', [-76, -93, -91, -78, -85, -90]), ('b8:27:eb:d3:4c:7f', [-84, -79, -70, -75, -81, -61, -85, -75]), ('b8:27:eb:cd:4b:81', [-86, -74, -71, -81, -72, -76, -62]), ('b8:27:eb:ee:32:b8', [-61, -70, -67, -73, -83, -78, -83, -81, -72]), ('b8:27:eb:e7:50:37', [-75, -80, -75, -57, -55, -73, -66, -66, -59]), ('b8:27:eb:63:a1:e3', [-72, -57, -59, -74, -63, -68, -56, -69])]
08:37:24.007301,(-91,-85,-94),(-77,-72,-91),(-78,-65,-88),(-69,-52,-80),(-66,-55,-76),(-69,-51,-81)
[('b8:27:eb:b6:43:f8', [-92, -94, -93, -90, -90, -85]), ('b8:27:eb:d3:4c:7f', [-73, -83, -73, -73, -73, -91, -72]), ('b8:27:eb:cd:4b:81', [-65, -78, -85, -78, -88, -75, -71]), ('b8:27:eb:ee:32:b8', [-80, -73, -76, -55, -52, -76]), ('b8:27:eb:e7:50:37', [-73, -55, -68, -76, -59, -74, -56, -58, -71]), ('b8:27:eb:63:a1:e3', [-51, -70, -58, -77, -67, -66, -72, -77, -81, -70])]
08:37:25.936232,(-88,-76,-99),(-77,-71,-84),(-77,-66,-87),(-75,-61,-84),(-69,-54,-78),(-66,-57,-74)
[('b8:27:eb:b6:43:f8', [-99, -85, -98, -82, -82, -87, -76, -93, -82]), ('b8:27:eb:d3:4c:7f', [-84, -83, -73, -77, -77, -73, -71]), ('b8:27:eb:cd:4b:81', [-76, -87, -82, -66, -70]), ('b8:27:eb:ee:32:b8', [-84, -72, -74, -75, -75, -73, -61, -77, -83]), ('b8:27:eb:e7:50:37', [-78, -69, -62, -66, -54, -72, -73, -67, -75, -74]), ('b8:27:eb:63:a1:e3', [-57, -65, -67, -67, -74, -62, -71, -62])]
08:37:27.857988,(-84,-76,-89),(-69,-55,-82),(-79,-66,-90),(-77,-68,-81),(-67,-53,-74),(-71,-57,-78)
[('b8:27:eb:b6:43:f8', [-86, -86, -86, -76, -77, -87, -89]), ('b8:27:eb:d3:4c:7f', [-77, -67, -61, -69, -55, -82, -68]), ('b8:27:eb:cd:4b:81', [-66, -71, -88, -78, -90, -80]), ('b8:27:eb:ee:32:b8', [-79, -77, -79, -68, -78, -74, -81]), ('b8:27:eb:e7:50:37', [-70, -70, -74, -56, -53, -67, -73, -67]), ('b8:27:eb:63:a1:e3', [-70, -78, -78, -57, -71])]
