08:23:56.537201,(-79,-66,-92),(-70,-56,-81),(-75,-67,-83),(-80,-70,-92),(-42,-30,-53),(-59,-45,-71)
[('b8:27:eb:b6:43:f8', [-66, -76, -82, -92, -79, -76]), ('b8:27:eb:d3:4c:7f', [-69, -74, -73, -61, -67, -81, -56, -74]), ('b8:27:eb:cd:4b:81', [-80, -67, -67, -77, -83, -78, -68]), ('b8:27:eb:ee:32:b8', [-79, -78, -88, -81, -82, -80, -74, -92, -76, -70]), ('b8:27:eb:e7:50:37', [-37, -41, -35, -49, -47, -49, -30, -33, -53]), ('b8:27:eb:63:a1:e3', [-60, -60, -45, -71, -55, -66, -64, -51])]
08:23:58.457869,(-86,-80,-94),(-71,-55,-77),(-75,-65,-86),(-78,-61,-87),(-50,-34,-55),(-64,-49,-71)
[('b8:27:eb:b6:43:f8', [-88, -80, -81, -84, -94, -89]), ('b8:27:eb:d3:4c:7f', [-55, -68, -74, -77, -77]), ('b8:27:eb:cd:4b:81', [-65, -86, -68, -72, -72, -79, -81]), ('b8:27:eb:ee:32:b8', [-61, -87, -83, -85, -85, -75, -81, -70, -68]), ('b8:27:eb:e7:50:37', [-48, -47, -54, -53, -34, -53, -55]), ('b8:27:eb:63:a1:e3', [-67, -49, -60, -63, -66, -71, -70])]
08:24:00.378674,(-84,-70,-90),(-80,-72,-88),(-80,-71,-94),(-81,-71,-87),(-48,-45,-51),(-66,-55,-73)
[('b8:27:eb:b6:43:f8', [-85, -90, -85, -70, -82, -87, -83]), ('b8:27:eb:d3:4c:7f', [-76, -88, -75, -82, -72, -82, -83, -76]), ('b8:27:eb:cd:4b:81', [-78, -81, -75, -71, -78, -82, -94]), ('b8:27:eb:ee:32:b8', [-80, -78, -77, -82, -80, -87, -71, -87]), ('b8:27:eb:e7:50:37', [-51, -47, -47, -46, -47, -46, -45, -50]), ('b8:27:eb:63:a1:e3', [-55, -55, -69, -73, -68, -72, -67])]
08:24:02.278545,(-83,-70,-100),(-86,-81,-90),(-88,-82,-97),(-81,-70,-94),(-46,-34,-53),(-74,-68,-90)
[('b8:27:eb:b6:43:f8', [-82, -70, -83, -82, -87, -76, -100]), ('b8:27:eb:d3:4c:7f', [-87, -84, -86, -81, -90, -85, -89]), ('b8:27:eb:cd:4b:81', [-86, -86, -87, -82, -90, -97]), ('b8:27:eb:ee:32:b8', [-94, -70, -89, -78, -78, -80, -77, -81, -78]), ('b8:27:eb:e7:50:37', [-45, -47, -45, -34, -52, -38, -53, -52]), ('b8:27:eb:63:a1:e3', [-72, -73, -74, -74, -70, -70, -90, -72, -68, -77])]
08:24:04.193658,(-86,-71,-94),(-76,-67,-88),(-87,-74,-98),(-83,-79,-92),(-50,-46,-53),(-72,-61,-79)
[('b8:27:eb:b6:43:f8', [-94, -71, -88, -92, -82, -80, -91]), ('b8:27:eb:d3:4c:7f', [-74, -75, -76, -67, -88, -81, -75, -72]), ('b8:27:eb:cd:4b:81', [-88, -98, -82, -85, -74, -91, -86]), ('b8:27:eb:ee:32:b8', [-79, -92, -81, -79, -84]), ('b8:27:eb:e7:50:37', [-50, -53, -50, -48, -47, -46, -50]), ('b8:27:eb:63:a1:e3', [-79, -73, -76, -61, -69, -72, -68, -72, -74, -69])]
08:24:06.101779,(-81,-65,-92),(-71,-60,-75),(-78,-69,-84),(-86,-76,-96),(-54,-30,-63),(-64,-57,-71)
[('b8:27:eb:b6:43:f8', [-65, -85, -81, -92, -79, -85, -80, -81]), ('b8:27:eb:d3:4c:7f', [-73, -74, -62, -70, -75, -60, -74, -74]), ('b8:27:eb:cd:4b:81', [-75, -77, -81, -75, -84, -69, -77, -78, -84]), ('b8:27:eb:ee:32:b8', [-91, -93, -81, -79, -85, -96, -81, -90, -76]), ('b8:27:eb:e7:50:37', [-50, -30, -59, -62, -56, -63, -57]), ('b8:27:eb:63:a1:e3', [-63, -69, -67, -71, -57, -57])]
08:24:08.041395,(-82,-68,-95),(-74,-67,-83),(-79,-63,-87),(-80,-67,-90),(-55,-46,-62),(-60,-41,-78)
[('b8:27:eb:b6:43:f8', [-83, -95, -86, -73, -68, -81, -84, -83]), ('b8:27:eb:d3:4c:7f', [-67, -75, -72, -74, -67, -73, -68, -82, -78, -83]), ('b8:27:eb:cd:4b:81', [-72, -84, -87, -80, -63, -73, -81, -86]), ('b8:27:eb:ee:32:b8', [-67, -90, -83, -82, -81, -77, -75, -85, -77]), ('b8:27:eb:e7:50:37', [-62, -58, -46, -56, -53, -52, -56, -55]), ('b8:27:eb:63:a1:e3', [-66, -69, -53, -41, -59, -78, -48, -63])]
08:24:09.958059,(-87,-78,-90),(-73,-58,-85),(-82,-79,-84),(-81,-74,-86),(-59,-48,-71),(-67,-54,-74)
[('b8:27:eb:b6:43:f8', [-84, -78, -89, -90, -89, -90, -89]), ('b8:27:eb:d3:4c:7f', [-85, -79, -78, -61, -76, -58, -78, -69, -73]), ('b8:27:eb:cd:4b:81', [-82, -84, -80, -80, -79, -83, -84]), ('b8:27:eb:ee:32:b8', [-74, -86, -80, -79, -78, -84]), ('b8:27:eb:e7:50:37', [-56, -48, -60, -71, -65, -61, -48]), ('b8:27:eb:63:a1:e3', [-74, -54, -68, -61, -66, -72, -73])]
08:24:11.888193,(-89,-86,-92),(-75,-56,-89),(-82,-75,-89),(-79,-69,-87),(-63,-49,-69),(-70,-66,-74)
[('b8:27:eb:b6:43:f8', [-86, -92, -88]), ('b8:27:eb:d3:4c:7f', [-77, -56, -81, -67, -78, -77, -89]), ('b8:27:eb:cd:4b:81', [-75, -76, -85, -80, -78, -86, -89]), ('b8:27:eb:ee:32:b8', [-85, -80, -69, -87, -75, -76]), ('b8:27:eb:e7:50:37', [-63, -49, -69, -65, -57, -63, -66, -65]), ('b8:27:eb:63:a1:e3', [-68, -72, -74, -71, -67, -66, -69])]
08:24:13.825721,(-84,-72,-92),(-80,-72,-93),(-79,-73,-86),(-81,-73,-86),(-63,-47,-77),(-69,-63,-73)
[('b8:27:eb:b6:43:f8', [-92, -84, -80, -72, -84, -81, -89]), ('b8:27:eb:d3:4c:7f', [-76, -72, -93, -84, -76, -83, -75, -77, -79]), ('b8:27:eb:cd:4b:81', [-74, -73, -86, -83, -77]), ('b8:27:eb:ee:32:b8', [-73, -86, -79, -78, -85, -84]), ('b8:27:eb:e7:50:37', [-77, -69, -66, -62, -47, -60, -56]), ('b8:27:eb:63:a1:e3', [-73, -73, -63, -65, -65, -73])]
08:24:15.765644,(-86,-76,-95),(-70,-62,-76),(-76,-63,-89),(-81,-80,-82),(-66,-58,-75),(-67,-59,-70)
[('b8:27:eb:b6:43:f8', [-87, -76, -81, -89, -86, -95, -82, -87]), ('b8:27:eb:d3:4c:7f', [-66, -62, -65, -74, -76, -70, -71, -73]), ('b8:27:eb:cd:4b:81', [-64, -63, -68, -84, -89, -87]), ('b8:27:eb:ee:32:b8', [-80, -80, -82, -82]), ('b8:27:eb:e7:50:37', [-67, -62, -75, -66, -58]), ('b8:27:eb:63:a1:e3', [-69, -68, -66, -59, -68, -70])]
08:24:17.663573,(-83,-70,-93),(-77,-58,-87),(-77,-66,-91),(-81,-63,-86),(-51,-35,-63),(-69,-50,-96)
[('b8:27:eb:b6:43:f8', [-73, -86, -93, -91, -70]), ('b8:27:eb:d3:4c:7f', [-62, -84, -58, -74, -87, -78, -87, -81]), ('b8:27:eb:cd:4b:81', [-66, -91, -74, -77, -76, -73, -80]), ('b8:27:eb:ee:32:b8', [-82, -83, -86, -86, -63, -81, -82]), ('b8:27:eb:e7:50:37', [-45, -58, -57, -63, -50, -51, -47, -35]), ('b8:27:eb:63:a1:e3', [-51, -52, -76, -82, -50, -96, -76])]
08:24:19.565484,(-89,-82,-95),(-78,-67,-94),(-81,-65,-92),(-84,-76,-92),(-50,-29,-62),(-71,-55,-82)
[('b8:27:eb:b6:43:f8', [-89, -95, -82, -84, -94, -91, -82, -92, -87]), ('b8:27:eb:d3:4c:7f', [-75, -84, -76, -80, -76, -94, -67, -79, -71, -76]), ('b8:27:eb:cd:4b:81', [-85, -88, -82, -86, -76, -92, -77, -83, -65, -68]), ('b8:27:eb:ee:32:b8', [-83, -92, -78, -82, -76, -88, -85, -82, -87]), ('b8:27:eb:e7:50:37', [-50, -29, -55, -55, -42, -51, -32, -62, -58, -58]), ('b8:27:eb:63:a1:e3', [-62, -55, -66, -77, -75, -69, -71, -78, -82])]
08:24:21.455975,(-80,-71,-87),(-72,-54,-85),(-83,-73,-92),(-88,-79,-95),(-55,-37,-68),(-65,-48,-77)
[('b8:27:eb:b6:43:f8', [-71, -81, -87, -73, -75, -82, -85]), ('b8:27:eb:d3:4c:7f', [-73, -75, -61, -70, -85, -54, -78, -75]), ('b8:27:eb:cd:4b:81', [-83, -79, -86, -91, -73, -82, -73, -92]), ('b8:27:eb:ee:32:b8', [-95, -91, -79, -91, -88, -80]), ('b8:27:eb:e7:50:37', [-51, -46, -37, -56, -68, -57, -63, -56]), ('b8:27:eb:63:a1:e3', [-66, -77, -65, -73, -68, -72, -62, -66, -48, -50])]
08:24:23.382283,(-84,-70,-90),(-73,-57,-84),(-74,-65,-82),(-78,-67,-86),(-62,-48,-85),(-66,-55,-71)
[('b8:27:eb:b6:43:f8', [-87, -90, -70, -82, -84, -86, -83, -85]), ('b8:27:eb:d3:4c:7f', [-72, -57, -84, -77, -74, -61, -84, -71]), ('b8:27:eb:cd:4b:81', [-74, -78, -71, -73, -82, -75, -65]), ('b8:27:eb:ee:32:b8', [-82, -72, -67, -78, -73, -85, -86]), ('b8:27:eb:e7:50:37', [-48, -85, -74, -62, -48, -64, -54, -55]), ('b8:27:eb:63:a1:e3', [-65, -66, -61, -70, -55, -65, -71, -70])]
08:24:25.305648,(-84,-65,-98),(-74,-67,-82),(-80,-73,-86),(-81,-74,-86),(-61,-43,-85),(-68,-57,-73)
[('b8:27:eb:b6:43:f8', [-84, -80, -90, -65, -79, -87, -83, -98]), ('b8:27:eb:d3:4c:7f', [-71, -72, -67, -76, -79, -68, -82]), ('b8:27:eb:cd:4b:81', [-75, -86, -78, -78, -78, -85, -81, -84, -73]), ('b8:27:eb:ee:32:b8', [-79, -76, -79, -85, -86, -79, -84, -74, -81]), ('b8:27:eb:e7:50:37', [-55, -54, -43, -78, -57, -53, -56, -58, -85, -65]), ('b8:27:eb:63:a1:e3', [-65, -71, -65, -72, -73, -73, -69, -64, -57])]
08:24:27.229272,(-85,-74,-92),(-77,-61,-90),(-87,-70,-98),(-82,-73,-88),(-61,-51,-80),(-69,-57,-77)
[('b8:27:eb:b6:43:f8', [-87, -86, -86, -89, -83, -92, -83, -74]), ('b8:27:eb:d3:4c:7f', [-63, -61, -68, -79, -87, -90, -79, -83]), ('b8:27:eb:cd:4b:81', [-92, -94, -70, -91, -85, -86, -82, -89, -77, -98]), ('b8:27:eb:ee:32:b8', [-78, -88, -78, -88, -86, -74, -85, -73, -88]), ('b8:27:eb:e7:50:37', [-57, -54, -51, -70, -62, -80, -58, -56, -56]), ('b8:27:eb:63:a1:e3', [-71, -74, -65, -77, -72, -70, -63, -57, -68, -70])]
08:24:29.127469,(-86,-73,-100),(-78,-59,-96),(-88,-82,-95),(-81,-64,-93),(-70,-55,-81),(-74,-66,-80)
[('b8:27:eb:b6:43:f8', [-86, -73, -89, -88, -100, -83, -85, -87, -81]), ('b8:27:eb:d3:4c:7f', [-96, -59, -78, -89, -82, -67, -79, -68, -77]), ('b8:27:eb:cd:4b:81', [-82, -88, -88, -95, -90, -83, -85]), ('b8:27:eb:ee:32:b8', [-93, -78, -64, -79, -84, -77, -79, -80, -90]), ('b8:27:eb:e7:50:37', [-55, -72, -67, -59, -75, -81, -81, -70, -69]), ('b8:27:eb:63:a1:e3', [-70, -80, -80, -75, -77, -67, -80, -66, -67])]
08:24:31.053701,(-84,-76,-92),(-75,-57,-86),(-81,-70,-89),(-85,-80,-95),(-64,-53,-71),(-62,-49,-71)
[('b8:27:eb:b6:43:f8', [-76, -92, -88, -78, -85]), ('b8:27:eb:d3:4c:7f', [-80, -85, -57, -72, -68, -75, -86, -72, -74]), ('b8:27:eb:cd:4b:81', [-81, -76, -81, -89, -77, -80, -70, -89]), ('b8:27:eb:ee:32:b8', [-95, -83, -80, -81, -88, -83]), ('b8:27:eb:e7:50:37', [-69, -71, -53, -68, -65, -58, -62]), ('b8:27:eb:63:a1:e3', [-49, -64, -71, -51, -60, -57, -61, -70, -62, -71])]
08:24:32.952582,(-75,-66,-84),(-74,-58,-92),(-80,-73,-88),(-82,-65,-95),(-68,-51,-79),(-65,-49,-77)
[('b8:27:eb:b6:43:f8', [-73, -76, -80, -81, -84, -66, -74, -68, -73, -72]), ('b8:27:eb:d3:4c:7f', [-79, -66, -58, -70, -75, -92, -74, -78]), ('b8:27:eb:cd:4b:81', [-79, -79, -73, -79, -74, -88, -82, -82]), ('b8:27:eb:ee:32:b8', [-85, -71, -89, -95, -88, -65, -76, -85]), ('b8:27:eb:e7:50:37', [-51, -74, -68, -75, -69, -69, -53, -71, -79]), ('b8:27:eb:63:a1:e3', [-71, -67, -75, -64, -77, -50, -49, -60, -65])]
08:24:34.842581,(-80,-68,-89),(-77,-68,-84),(-82,-73,-89),(-79,-64,-91),(-65,-48,-73),(-69,-56,-74)
[('b8:27:eb:b6:43:f8', [-68, -78, -89, -72, -82, -88]), ('b8:27:eb:d3:4c:7f', [-68, -80, -73, -75, -76, -82, -84]), ('b8:27:eb:cd:4b:81', [-76, -81, -81, -80, -83, -73, -89, -79, -84, -89]), ('b8:27:eb:ee:32:b8', [-77, -76, -91, -87, -76, -79, -64, -77, -83]), ('b8:27:eb:e7:50:37', [-73, -68, -48, -67, -63, -71, -65]), ('b8:27:eb:63:a1:e3', [-56, -73, -72, -67, -73, -74, -64])]
08:24:36.807827,(-85,-76,-98),(-78,-67,-93),(-83,-67,-90),(-77,-66,-83),(-66,-60,-73),(-72,-64,-86)
[('b8:27:eb:b6:43:f8', [-89, -78, -85, -76, -85, -90, -79, -98]), ('b8:27:eb:d3:4c:7f', [-80, -86, -78, -67, -93, -68, -75, -75]), ('b8:27:eb:cd:4b:81', [-67, -83, -85, -88, -87, -86, -75, -90]), ('b8:27:eb:ee:32:b8', [-79, -83, -70, -80, -66, -72, -78, -80, -78, -81]), ('b8:27:eb:e7:50:37', [-61, -61, -72, -60, -66, -66, -73]), ('b8:27:eb:63:a1:e3', [-71, -64, -68, -65, -67, -66, -80, -86, -78])]
08:24:38.724555,(-82,-68,-88),(-82,-77,-88),(-80,-69,-91),(-79,-67,-102),(-57,-42,-67),(-66,-51,-74)
[('b8:27:eb:b6:43:f8', [-88, -68, -83, -86, -79, -86]), ('b8:27:eb:d3:4c:7f', [-84, -77, -78, -79, -83, -88]), ('b8:27:eb:cd:4b:81', [-86, -79, -91, -80, -80, -72, -69, -77, -83]), ('b8:27:eb:ee:32:b8', [-73, -102, -79, -81, -67, -70, -81, -74]), ('b8:27:eb:e7:50:37', [-59, -61, -47, -64, -66, -47, -67, -55, -42]), ('b8:27:eb:63:a1:e3', [-69, -53, -67, -73, -72, -74, -51, -68])]
08:24:40.619582,(-83,-73,-89),(-75,-59,-80),(-83,-77,-97),(-81,-66,-91),(-61,-50,-67),(-69,-47,-78)
[('b8:27:eb:b6:43:f8', [-85, -81, -83, -89, -73, -89, -81, -78, -83]), ('b8:27:eb:d3:4c:7f', [-77, -80, -80, -71, -59, -74, -74, -78, -74]), ('b8:27:eb:cd:4b:81', [-78, -84, -97, -81, -80, -77]), ('b8:27:eb:ee:32:b8', [-83, -66, -75, -71, -91, -84, -85, -88]), ('b8:27:eb:e7:50:37', [-67, -59, -61, -62, -62, -50, -62, -61, -61, -65]), ('b8:27:eb:63:a1:e3', [-69, -73, -76, -73, -68, -65, -47, -78])]
08:24:42.545338,(-86,-73,-99),(-76,-67,-81),(-82,-76,-90),(-78,-69,-84),(-49,-40,-56),(-64,-53,-71)
[('b8:27:eb:b6:43:f8', [-81, -79, -73, -80, -96, -83, -99, -95, -83]), ('b8:27:eb:d3:4c:7f', [-76, -75, -68, -80, -81, -67, -79, -75, -75]), ('b8:27:eb:cd:4b:81', [-80, -78, -78, -86, -90, -83, -80, -76]), ('b8:27:eb:ee:32:b8', [-78, -73, -69, -84, -83]), ('b8:27:eb:e7:50:37', [-51, -40, -43, -56, -53, -42, -53]), ('b8:27:eb:63:a1:e3', [-64, -56, -66, -68, -67, -71, -67, -56, -53, -67])]
08:24:44.472782,(-82,-73,-89),(-73,-60,-88),(-83,-74,-94),(-87,-74,-99),(-50,-36,-57),(-68,-58,-79)
[('b8:27:eb:b6:43:f8', [-86, -75, -73, -82, -89, -81, -83]), ('b8:27:eb:d3:4c:7f', [-64, -72, -88, -77, -74, -60, -69, -78, -72, -69]), ('b8:27:eb:cd:4b:81', [-82, -81, -83, -82, -84, -74, -94]), ('b8:27:eb:ee:32:b8', [-74, -82, -93, -99, -85, -86, -86, -86]), ('b8:27:eb:e7:50:37', [-36, -49, -49, -49, -51, -48, -57, -54]), ('b8:27:eb:63:a1:e3', [-77, -79, -64, -72, -68, -68, -58, -69, -65, -60])]
08:24:46.371373,(-82,-74,-86),(-76,-61,-83),(-80,-68,-86),(-77,-68,-94),(-53,-46,-62),(-65,-47,-79)
[('b8:27:eb:b6:43:f8', [-74, -85, -86, -80, -83]), ('b8:27:eb:d3:4c:7f', [-78, -79, -75, -78, -61, -73, -76, -83]), ('b8:27:eb:cd:4b:81', [-68, -74, -78, -86, -84, -84, -80]), ('b8:27:eb:ee:32:b8', [-68, -77, -94, -68]), ('b8:27:eb:e7:50:37', [-55, -54, -50, -55, -62, -50, -57, -46, -48]), ('b8:27:eb:63:a1:e3', [-66, -50, -79, -47, -76, -68, -65, -69])]
08:24:48.331351,(-90,-83,-97),(-76,-67,-80),(-86,-76,-97),(-77,-68,-87),(-56,-43,-72),(-67,-55,-74)
[('b8:27:eb:b6:43:f8', [-85, -83, -86, -87, -97, -94, -93, -90]), ('b8:27:eb:d3:4c:7f', [-74, -78, -67, -79, -80, -74]), ('b8:27:eb:cd:4b:81', [-90, -85, -81, -76, -79, -97, -90, -85, -85, -83]), ('b8:27:eb:ee:32:b8', [-77, -84, -79, -72, -87, -73, -68, -72]), ('b8:27:eb:e7:50:37', [-56, -46, -43, -65, -72, -49]), ('b8:27:eb:63:a1:e3', [-61, -55, -66, -69, -74, -74])]
08:24:50.242430,(-90,-73,-97),(-79,-69,-88),(-81,-64,-91),(-83,-69,-93),(-65,-48,-73),(-66,-46,-73)
[('b8:27:eb:b6:43:f8', [-96, -97, -73, -91, -97, -83]), ('b8:27:eb:d3:4c:7f', [-79, -70, -83, -88, -77, -80, -75, -88, -69, -77]), ('b8:27:eb:cd:4b:81', [-86, -81, -85, -77, -91, -84, -64, -77]), ('b8:27:eb:ee:32:b8', [-93, -81, -85, -85, -82, -69]), ('b8:27:eb:e7:50:37', [-63, -58, -69, -65, -73, -73, -70, -66, -48]), ('b8:27:eb:63:a1:e3', [-71, -71, -69, -71, -60, -73, -60, -71, -46])]
08:24:52.131340,(-80,-71,-83),(-67,-58,-75),(-76,-65,-86),(-77,-68,-85),(-66,-53,-86),(-70,-53,-83)
[('b8:27:eb:b6:43:f8', [-79, -80, -71, -80, -83, -83, -79]), ('b8:27:eb:d3:4c:7f', [-60, -58, -75, -67, -58, -75, -73]), ('b8:27:eb:cd:4b:81', [-76, -77, -83, -66, -65, -70, -86, -80]), ('b8:27:eb:ee:32:b8', [-74, -81, -85, -78, -81, -68, -68]), ('b8:27:eb:e7:50:37', [-58, -62, -53, -73, -72, -60, -59, -86]), ('b8:27:eb:63:a1:e3', [-74, -69, -78, -60, -66, -68, -82, -65, -53, -83])]
08:24:54.081564,(-84,-67,-91),(-73,-62,-84),(-80,-63,-97),(-78,-71,-86),(-62,-57,-68),(-64,-48,-75)
[('b8:27:eb:b6:43:f8', [-79, -67, -90, -89, -83, -91, -84, -80, -85, -87]), ('b8:27:eb:d3:4c:7f', [-72, -74, -72, -69, -71, -62, -78, -69, -84]), ('b8:27:eb:cd:4b:81', [-63, -71, -72, -97, -95, -86, -83, -73]), ('b8:27:eb:ee:32:b8', [-72, -79, -82, -71, -76, -86, -72, -81]), ('b8:27:eb:e7:50:37', [-68, -57, -64, -57]), ('b8:27:eb:63:a1:e3', [-70, -65, -55, -75, -48, -68, -55, -70])]
08:24:55.993878,(-75,-61,-84),(-72,-60,-82),(-83,-72,-95),(-80,-67,-91),(-66,-54,-70),(-61,-50,-70)
[('b8:27:eb:b6:43:f8', [-74, -74, -77, -68, -81, -61, -78, -70, -84, -76]), ('b8:27:eb:d3:4c:7f', [-60, -60, -82, -76, -71, -79, -74, -69]), ('b8:27:eb:cd:4b:81', [-82, -76, -77, -84, -95, -90, -72]), ('b8:27:eb:ee:32:b8', [-91, -70, -67, -84, -80, -89, -75, -77]), ('b8:27:eb:e7:50:37', [-54, -70, -70, -70, -70, -63, -64, -67, -61]), ('b8:27:eb:63:a1:e3', [-70, -58, -61, -50, -60, -66, -56])]
08:24:57.916136,(-83,-73,-88),(-72,-63,-77),(-78,-62,-93),(-80,-65,-93),(-61,-44,-77),(-71,-59,-81)
[('b8:27:eb:b6:43:f8', [-88, -82, -87, -87, -81, -73]), ('b8:27:eb:d3:4c:7f', [-72, -67, -73, -73, -77, -63, -74]), ('b8:27:eb:cd:4b:81', [-62, -76, -81, -93, -80, -85, -65, -81]), ('b8:27:eb:ee:32:b8', [-78, -85, -93, -76, -77, -80, -76, -86, -65]), ('b8:27:eb:e7:50:37', [-68, -44, -61, -44, -68, -69, -53, -59, -77, -60]), ('b8:27:eb:63:a1:e3', [-59, -64, -81, -76, -74, -72])]
08:24:59.824364,(-87,-72,-94),(-79,-70,-92),(-79,-68,-89),(-76,-61,-84),(-59,-44,-68),(-70,-59,-83)
[('b8:27:eb:b6:43:f8', [-94, -79, -92, -93, -84, -88, -87, -72]), ('b8:27:eb:d3:4c:7f', [-81, -71, -82, -76, -92, -76, -70, -79]), ('b8:27:eb:cd:4b:81', [-71, -85, -89, -79, -82, -68]), ('b8:27:eb:ee:32:b8', [-76, -63, -83, -84, -75, -77, -80, -61, -78]), ('b8:27:eb:e7:50:37', [-44, -62, -61, -61, -48, -63, -68, -66, -57, -57]), ('b8:27:eb:63:a1:e3', [-59, -71, -59, -67, -83, -80])]
08:25:01.761427,(-84,-76,-91),(-75,-62,-87),(-78,-62,-87),(-83,-70,-96),(-65,-47,-70),(-71,-62,-85)
[('b8:27:eb:b6:43:f8', [-88, -79, -84, -78, -76, -85, -91, -86]), ('b8:27:eb:d3:4c:7f', [-87, -78, -78, -76, -73, -66, -62]), ('b8:27:eb:cd:4b:81', [-80, -76, -84, -79, -87, -87, -62, -65]), ('b8:27:eb:ee:32:b8', [-80, -85, -77, -70, -84, -96, -82, -87, -79]), ('b8:27:eb:e7:50:37', [-59, -47, -70, -61, -69, -67, -70, -68, -62, -68]), ('b8:27:eb:63:a1:e3', [-63, -62, -85, -66, -69, -78, -71, -72])]
08:25:03.690597,(-82,-71,-90),(-75,-61,-96),(-84,-79,-90),(-80,-70,-91),(-62,-47,-74),(-66,-52,-74)
[('b8:27:eb:b6:43:f8', [-80, -88, -90, -71, -86, -89, -72, -78]), ('b8:27:eb:d3:4c:7f', [-71, -71, -96, -74, -61, -66, -84, -70]), ('b8:27:eb:cd:4b:81', [-79, -81, -84, -83, -87, -90, -82, -86, -82]), ('b8:27:eb:ee:32:b8', [-86, -81, -91, -71, -76, -70, -79]), ('b8:27:eb:e7:50:37', [-59, -65, -63, -47, -67, -65, -65, -74, -57, -58]), ('b8:27:eb:63:a1:e3', [-52, -52, -69, -66, -74, -71, -72])]
08:25:05.655781,(-82,-66,-91),(-76,-68,-96),(-79,-68,-85),(-77,-69,-90),(-65,-48,-76),(-67,-57,-73)
[('b8:27:eb:b6:43:f8', [-91, -85, -85, -75, -78, -84, -87, -66]), ('b8:27:eb:d3:4c:7f', [-96, -73, -70, -68, -73, -71, -77, -76]), ('b8:27:eb:cd:4b:81', [-68, -75, -79, -79, -83, -85, -84]), ('b8:27:eb:ee:32:b8', [-76, -90, -69, -81, -72, -72, -76, -71, -83]), ('b8:27:eb:e7:50:37', [-75, -68, -68, -64, -48, -53, -76, -67]), ('b8:27:eb:63:a1:e3', [-57, -67, -71, -68, -68, -61, -67, -73])]
08:25:07.582221,(-84,-74,-98),(-79,-62,-93),(-84,-75,-90),(-85,-71,-94),(-57,-34,-74),(-63,-54,-70)
[('b8:27:eb:b6:43:f8', [-84, -83, -87, -98, -79, -74, -76, -88]), ('b8:27:eb:d3:4c:7f', [-86, -79, -80, -74, -62, -93, -75, -77, -82]), ('b8:27:eb:cd:4b:81', [-83, -88, -75, -90, -80]), ('b8:27:eb:ee:32:b8', [-93, -84, -94, -71, -81, -85, -84, -81]), ('b8:27:eb:e7:50:37', [-48, -56, -74, -65, -74, -45, -55, -34]), ('b8:27:eb:63:a1:e3', [-67, -56, -59, -67, -61, -54, -70, -66])]
08:25:09.549396,(-88,-83,-94),(-78,-72,-83),(-86,-80,-93),(-83,-74,-91),(-44,-35,-50),(-72,-60,-78)
[('b8:27:eb:b6:43:f8', [-83, -86, -91, -94, -88, -88, -84, -88, -88, -89]), ('b8:27:eb:d3:4c:7f', [-79, -78, -77, -73, -76, -83, -73, -79, -72, -82]), ('b8:27:eb:cd:4b:81', [-93, -80, -82, -84, -88, -88, -90, -81]), ('b8:27:eb:ee:32:b8', [-81, -91, -86, -83, -81, -74, -86, -82]), ('b8:27:eb:e7:50:37', [-35, -48, -46, -49, -41, -45, -50, -37]), ('b8:27:eb:63:a1:e3', [-71, -69, -73, -76, -70, -71, -78, -60, -74])]
08:25:11.487028,(-86,-74,-98),(-79,-61,-92),(-86,-75,-92),(-81,-70,-92),(-49,-33,-55),(-70,-60,-79)
[('b8:27:eb:b6:43:f8', [-90, -79, -84, -74, -86, -98, -90]), ('b8:27:eb:d3:4c:7f', [-86, -92, -75, -61, -76, -78, -84]), ('b8:27:eb:cd:4b:81', [-85, -85, -86, -82, -91, -92, -75, -89]), ('b8:27:eb:ee:32:b8', [-71, -92, -88, -87, -79, -84, -70, -75]), ('b8:27:eb:e7:50:37', [-49, -47, -33, -52, -53, -55, -53, -48]), ('b8:27:eb:63:a1:e3', [-66, -67, -74, -68, -60, -73, -71, -79])]
08:25:13.410907,(-86,-75,-97),(-76,-60,-84),(-84,-77,-88),(-80,-75,-85),(-52,-39,-59),(-69,-58,-74)
[('b8:27:eb:b6:43:f8', [-91, -97, -83, -75, -83, -85]), ('b8:27:eb:d3:4c:7f', [-79, -83, -74, -60, -72, -79, -74, -84, -79]), ('b8:27:eb:cd:4b:81', [-88, -84, -81, -84, -86, -87, -81, -77, -84]), ('b8:27:eb:ee:32:b8', [-80, -79, -79, -77, -75, -85]), ('b8:27:eb:e7:50:37', [-51, -53, -39, -55, -51, -59, -54, -50, -50]), ('b8:27:eb:63:a1:e3', [-69, -74, -58, -69, -69, -70, -69])]
08:25:15.339683,(-85,-79,-91),(-79,-58,-89),(-83,-69,-95),(-86,-68,-95),(-53,-50,-58),(-68,-52,-75)
[('b8:27:eb:b6:43:f8', [-90, -79, -81, -91, -82, -82]), ('b8:27:eb:d3:4c:7f', [-84, -89, -87, -75, -79, -78, -58, -76]), ('b8:27:eb:cd:4b:81', [-82, -81, -95, -85, -69, -85, -83, -79]), ('b8:27:eb:ee:32:b8', [-90, -93, -86, -95, -83, -68, -84]), ('b8:27:eb:e7:50:37', [-51, -50, -54, -52, -50, -53, -55, -54, -58]), ('b8:27:eb:63:a1:e3', [-74, -72, -67, -70, -52, -75, -62, -68])]
08:25:17.233574,(-82,-75,-86),(-71,-58,-78),(-85,-81,-92),(-82,-72,-90),(-51,-35,-61),(-55,-48,-65)
[('b8:27:eb:b6:43:f8', [-85, -86, -76, -75, -80, -86]), ('b8:27:eb:d3:4c:7f', [-74, -73, -67, -58, -78, -72, -75]), ('b8:27:eb:cd:4b:81', [-92, -84, -81, -86, -82]), ('b8:27:eb:ee:32:b8', [-90, -87, -79, -80, -79, -72, -82]), ('b8:27:eb:e7:50:37', [-55, -51, -56, -53, -61, -50, -42, -51, -35]), ('b8:27:eb:63:a1:e3', [-55, -56, -51, -52, -49, -65, -62, -48])]
08:25:19.129319,(-84,-78,-92),(-75,-68,-80),(-80,-73,-87),(-86,-72,-103),(-51,-32,-85),(-64,-51,-71)
[('b8:27:eb:b6:43:f8', [-83, -92, -81, -82, -78, -81, -89, -85]), ('b8:27:eb:d3:4c:7f', [-75, -74, -74, -80, -79, -71, -77, -74, -68]), ('b8:27:eb:cd:4b:81', [-73, -87, -74, -81, -87, -73, -82, -79, -83]), ('b8:27:eb:ee:32:b8', [-77, -87, -72, -103, -89, -85]), ('b8:27:eb:e7:50:37', [-85, -32, -45, -47, -50, -51, -52, -41]), ('b8:27:eb:63:a1:e3', [-64, -61, -71, -64, -58, -64, -51, -70, -71])]
08:25:21.048492,(-84,-76,-91),(-76,-68,-88),(-83,-68,-90),(-84,-77,-93),(-54,-49,-57),(-63,-45,-80)
[('b8:27:eb:b6:43:f8', [-81, -76, -91, -89, -80, -88, -82]), ('b8:27:eb:d3:4c:7f', [-88, -71, -72, -68, -73, -82, -79, -68, -79]), ('b8:27:eb:cd:4b:81', [-87, -77, -88, -84, -90, -68, -83, -82, -81, -81]), ('b8:27:eb:ee:32:b8', [-85, -83, -80, -93, -77, -86]), ('b8:27:eb:e7:50:37', [-57, -50, -54, -56, -57, -55, -57, -53, -51, -49]), ('b8:27:eb:63:a1:e3', [-61, -66, -80, -64, -71, -62, -45, -52, -63])]
08:25:22.947446,(-79,-64,-87),(-74,-66,-77),(-81,-66,-87),(-82,-71,-93),(-55,-44,-66),(-66,-50,-76)
[('b8:27:eb:b6:43:f8', [-64, -70, -85, -87, -87, -78]), ('b8:27:eb:d3:4c:7f', [-73, -74, -71, -66, -75, -77, -76]), ('b8:27:eb:cd:4b:81', [-86, -87, -84, -87, -66, -71]), ('b8:27:eb:ee:32:b8', [-80, -93, -82, -84, -78, -71, -85]), ('b8:27:eb:e7:50:37', [-50, -53, -52, -62, -66, -54, -52, -59, -55, -44]), ('b8:27:eb:63:a1:e3', [-50, -59, -76, -67, -71, -71, -71, -60])]
08:25:24.836415,(-90,-79,-96),(-79,-75,-87),(-85,-77,-93),(-79,-60,-92),(-57,-52,-66),(-63,-52,-80)
[('b8:27:eb:b6:43:f8', [-79, -83, -96, -96, -92]), ('b8:27:eb:d3:4c:7f', [-82, -77, -76, -80, -78, -87, -75, -77]), ('b8:27:eb:cd:4b:81', [-83, -80, -93, -80, -91, -89, -77]), ('b8:27:eb:ee:32:b8', [-60, -75, -73, -73, -86, -88, -92]), ('b8:27:eb:e7:50:37', [-52, -52, -56, -56, -66, -56, -54, -54, -58, -61]), ('b8:27:eb:63:a1:e3', [-52, -63, -55, -58, -53, -80, -72, -70])]
08:25:26.728603,(-82,-73,-96),(-78,-72,-84),(-80,-72,-83),(-80,-76,-84),(-62,-45,-76),(-67,-56,-75)
[('b8:27:eb:b6:43:f8', [-75, -82, -79, -73, -83, -96]), ('b8:27:eb:d3:4c:7f', [-78, -72, -84, -79, -73, -78, -78, -73, -79, -77]), ('b8:27:eb:cd:4b:81', [-80, -83, -83, -72]), ('b8:27:eb:ee:32:b8', [-77, -82, -78, -76, -78, -82, -81, -84]), ('b8:27:eb:e7:50:37', [-56, -66, -60, -76, -63, -45, -49, -59, -72, -69]), ('b8:27:eb:63:a1:e3', [-75, -66, -70, -56, -68, -66, -60, -66, -73])]
08:25:28.651831,(-80,-72,-89),(-71,-53,-82),(-81,-76,-87),(-77,-72,-79),(-64,-50,-71),(-67,-57,-79)
[('b8:27:eb:b6:43:f8', [-89, -84, -79, -72, -79, -74]), ('b8:27:eb:d3:4c:7f', [-77, -76, -77, -82, -59, -70, -53]), ('b8:27:eb:cd:4b:81', [-84, -82, -77, -80, -87, -76, -76]), ('b8:27:eb:ee:32:b8', [-78, -79, -76, -79, -78, -72, -74, -75]), ('b8:27:eb:e7:50:37', [-54, -71, -70, -66, -69, -64, -50, -68]), ('b8:27:eb:63:a1:e3', [-57, -66, -72, -68, -70, -79, -67, -60, -60, -67])]
08:25:30.560007,(-87,-72,-95),(-74,-69,-79),(-79,-64,-86),(-80,-75,-84),(-63,-40,-79),(-71,-66,-74)
[('b8:27:eb:b6:43:f8', [-92, -88, -88, -92, -95, -81, -72, -88]), ('b8:27:eb:d3:4c:7f', [-79, -75, -79, -72, -72, -69, -75, -72, -72]), ('b8:27:eb:cd:4b:81', [-64, -75, -86, -79, -84, -84, -81, -79]), ('b8:27:eb:ee:32:b8', [-77, -83, -80, -78, -75, -80, -79, -83, -84]), ('b8:27:eb:e7:50:37', [-67, -60, -78, -72, -46, -40, -63, -58, -79, -67]), ('b8:27:eb:63:a1:e3', [-70, -70, -73, -69, -70, -66, -74])]
08:25:32.488326,(-83,-71,-87),(-76,-69,-85),(-80,-71,-86),(-81,-67,-90),(-54,-35,-66),(-65,-47,-72)
[('b8:27:eb:b6:43:f8', [-81, -71, -87, -86, -84, -79, -87, -84]), ('b8:27:eb:d3:4c:7f', [-69, -77, -71, -77, -79, -85, -72]), ('b8:27:eb:cd:4b:81', [-83, -71, -74, -86, -82, -82, -81]), ('b8:27:eb:ee:32:b8', [-79, -83, -85, -67, -85, -88, -68, -90, -79]), ('b8:27:eb:e7:50:37', [-48, -58, -53, -66, -58, -63, -55, -51, -47, -35]), ('b8:27:eb:63:a1:e3', [-70, -71, -72, -47, -57, -61, -67, -69])]
08:25:34.414555,(-87,-76,-95),(-72,-65,-77),(-82,-70,-93),(-84,-72,-88),(-51,-36,-58),(-67,-50,-87)
[('b8:27:eb:b6:43:f8', [-83, -76, -95, -91]), ('b8:27:eb:d3:4c:7f', [-65, -68, -77, -75, -77, -77, -65, -75, -69]), ('b8:27:eb:cd:4b:81', [-88, -71, -70, -86, -93]), ('b8:27:eb:ee:32:b8', [-80, -86, -87, -88, -72, -84, -83, -81, -85, -85]), ('b8:27:eb:e7:50:37', [-52, -36, -48, -50, -48, -52, -49, -56, -56, -58]), ('b8:27:eb:63:a1:e3', [-51, -60, -50, -73, -74, -56, -77, -87, -71])]
08:25:36.321049,(-81,-71,-86),(-75,-60,-85),(-85,-74,-94),(-76,-68,-81),(-58,-40,-69),(-69,-61,-82)
[('b8:27:eb:b6:43:f8', [-86, -85, -71, -85, -77]), ('b8:27:eb:d3:4c:7f', [-77, -69, -84, -71, -71, -60, -77, -85, -80]), ('b8:27:eb:cd:4b:81', [-79, -74, -94, -92]), ('b8:27:eb:ee:32:b8', [-79, -81, -71, -68, -79]), ('b8:27:eb:e7:50:37', [-55, -55, -40, -62, -69, -57, -67]), ('b8:27:eb:63:a1:e3', [-61, -66, -67, -82, -69, -64, -71, -78, -63])]
08:25:38.206158,(-79,-74,-84),(-72,-64,-79),(-80,-72,-83),(-84,-78,-88),(-63,-49,-78),(-64,-51,-72)
[('b8:27:eb:b6:43:f8', [-84, -76, -80, -77, -77, -82, -74]), ('b8:27:eb:d3:4c:7f', [-73, -76, -64, -70, -67, -79]), ('b8:27:eb:cd:4b:81', [-82, -82, -78, -83, -72, -82]), ('b8:27:eb:ee:32:b8', [-80, -87, -88, -78]), ('b8:27:eb:e7:50:37', [-68, -60, -62, -62, -58, -49, -66, -78]), ('b8:27:eb:63:a1:e3', [-62, -51, -63, -72, -65, -66, -66, -59, -67])]
08:25:40.144958,(-79,-74,-83),(-76,-72,-78),(-79,-67,-94),(-81,-70,-97),(-52,-43,-62),(-63,-52,-77)
[('b8:27:eb:b6:43:f8', [-74, -79, -75, -83, -81, -80]), ('b8:27:eb:d3:4c:7f', [-74, -76, -77, -78, -72]), ('b8:27:eb:cd:4b:81', [-67, -75, -79, -94]), ('b8:27:eb:ee:32:b8', [-73, -85, -82, -77, -97, -70, -83]), ('b8:27:eb:e7:50:37', [-62, -46, -50, -47, -43, -56, -54, -55]), ('b8:27:eb:63:a1:e3', [-77, -68, -68, -52, -52, -57, -64, -59, -63])]
08:25:42.077594,(-84,-73,-93),(-76,-68,-80),(-81,-72,-87),(-80,-65,-88),(-48,-37,-55),(-68,-59,-79)
[('b8:27:eb:b6:43:f8', [-80, -73, -84, -83, -87, -87, -93]), ('b8:27:eb:d3:4c:7f', [-68, -80, -77, -75, -79, -72, -76]), ('b8:27:eb:cd:4b:81', [-85, -72, -78, -87, -80, -84, -74, -81]), ('b8:27:eb:ee:32:b8', [-86, -83, -65, -71, -81, -80, -88]), ('b8:27:eb:e7:50:37', [-51, -37, -37, -53, -52, -55]), ('b8:27:eb:63:a1:e3', [-64, -67, -79, -68, -67, -72, -68, -59])]
08:25:44.007098,(-83,-78,-85),(-71,-60,-79),(-82,-72,-87),(-75,-69,-79),(-54,-51,-63),(-65,-51,-73)
[('b8:27:eb:b6:43:f8', [-78, -81, -85, -85]), ('b8:27:eb:d3:4c:7f', [-66, -73, -79, -60, -73, -78, -62, -73]), ('b8:27:eb:cd:4b:81', [-80, -75, -83, -86, -84, -82, -87, -72]), ('b8:27:eb:ee:32:b8', [-69, -79, -74, -77, -73]), ('b8:27:eb:e7:50:37', [-51, -52, -51, -52, -55, -54, -51, -55, -63]), ('b8:27:eb:63:a1:e3', [-61, -61, -65, -68, -51, -73, -68, -68])]
08:25:45.929710,(-90,-84,-97),(-72,-58,-77),(-78,-75,-85),(-77,-69,-88),(-44,-32,-56),(-63,-54,-67)
[('b8:27:eb:b6:43:f8', [-97, -87, -86, -84, -92, -97, -84]), ('b8:27:eb:d3:4c:7f', [-73, -77, -58, -75, -77, -69, -76, -70]), ('b8:27:eb:cd:4b:81', [-75, -75, -85, -79, -77, -77]), ('b8:27:eb:ee:32:b8', [-69, -76, -75, -88]), ('b8:27:eb:e7:50:37', [-37, -52, -50, -36, -33, -37, -48, -32, -56, -55]), ('b8:27:eb:63:a1:e3', [-66, -65, -63, -64, -54, -67, -60, -58, -66])]
08:25:47.860135,(-86,-69,-93),(-83,-73,-89),(-83,-79,-87),(-79,-65,-94),(-54,-45,-60),(-68,-58,-73)
[('b8:27:eb:b6:43:f8', [-69, -93, -92, -84, -90, -86]), ('b8:27:eb:d3:4c:7f', [-85, -83, -88, -73, -85, -79, -75, -82, -89]), ('b8:27:eb:cd:4b:81', [-79, -87, -82, -80, -81, -82, -85]), ('b8:27:eb:ee:32:b8', [-78, -74, -65, -82, -75, -84, -94]), ('b8:27:eb:e7:50:37', [-53, -45, -52, -55, -60, -57, -55, -55]), ('b8:27:eb:63:a1:e3', [-58, -71, -68, -66, -73, -72, -67, -66])]
08:25:49.827947,(-88,-81,-101),(-79,-74,-85),(-87,-82,-93),(-87,-79,-92),(-60,-54,-66),(-70,-56,-83)
[('b8:27:eb:b6:43:f8', [-82, -88, -101, -81, -91, -82, -88, -93, -83]), ('b8:27:eb:d3:4c:7f', [-76, -80, -79, -81, -85, -76, -81, -74]), ('b8:27:eb:cd:4b:81', [-89, -82, -93, -88, -83]), ('b8:27:eb:ee:32:b8', [-92, -87, -86, -79, -89, -85]), ('b8:27:eb:e7:50:37', [-58, -56, -66, -66, -61, -61, -59, -55, -54]), ('b8:27:eb:63:a1:e3', [-69, -83, -77, -74, -56, -70, -69, -56])]
08:25:51.757261,(-86,-77,-96),(-80,-68,-90),(-83,-70,-87),(-80,-62,-97),(-64,-57,-76),(-67,-54,-76)
[('b8:27:eb:b6:43:f8', [-81, -87, -84, -96, -89, -77, -87, -87]), ('b8:27:eb:d3:4c:7f', [-90, -75, -86, -68, -80]), ('b8:27:eb:cd:4b:81', [-85, -84, -82, -78, -70, -85, -87, -87, -85]), ('b8:27:eb:ee:32:b8', [-93, -62, -83, -65, -79, -97]), ('b8:27:eb:e7:50:37', [-76, -57, -59, -65, -62, -65, -64]), ('b8:27:eb:63:a1:e3', [-71, -76, -73, -72, -72, -70, -57, -55, -54])]
08:25:53.669823,(-86,-73,-97),(-82,-75,-95),(-83,-73,-91),(-78,-62,-92),(-64,-57,-72),(-68,-59,-73)
[('b8:27:eb:b6:43:f8', [-88, -74, -73, -90, -91, -97]), ('b8:27:eb:d3:4c:7f', [-75, -95, -81, -79, -78, -80]), ('b8:27:eb:cd:4b:81', [-86, -73, -77, -88, -82, -91]), ('b8:27:eb:ee:32:b8', [-62, -79, -73, -92, -85, -76, -75, -76]), ('b8:27:eb:e7:50:37', [-57, -65, -57, -67, -59, -67, -66, -72, -61, -62]), ('b8:27:eb:63:a1:e3', [-71, -69, -66, -62, -72, -65, -73, -59, -71])]
08:25:55.594951,(-86,-65,-96),(-69,-57,-79),(-86,-81,-91),(-80,-73,-88),(-67,-61,-72),(-61,-44,-76)
[('b8:27:eb:b6:43:f8', [-94, -94, -83, -84, -96, -96, -70, -65]), ('b8:27:eb:d3:4c:7f', [-76, -69, -73, -67, -57, -59, -72, -66, -69, -79]), ('b8:27:eb:cd:4b:81', [-84, -90, -91, -81, -84]), ('b8:27:eb:ee:32:b8', [-88, -79, -78, -78, -84, -73]), ('b8:27:eb:e7:50:37', [-66, -69, -72, -63, -61]), ('b8:27:eb:63:a1:e3', [-58, -72, -55, -60, -67, -49, -76, -44])]
08:25:57.513142,(-83,-79,-88),(-75,-69,-84),(-80,-68,-90),(-78,-66,-89),(-63,-48,-73),(-60,-48,-67)
[('b8:27:eb:b6:43:f8', [-82, -84, -83, -88, -81, -79, -83]), ('b8:27:eb:d3:4c:7f', [-73, -73, -80, -84, -74, -72, -69]), ('b8:27:eb:cd:4b:81', [-84, -90, -85, -77, -76, -68, -78]), ('b8:27:eb:ee:32:b8', [-89, -77, -78, -77, -80, -73, -77, -66, -80]), ('b8:27:eb:e7:50:37', [-58, -61, -56, -73, -70, -71, -48]), ('b8:27:eb:63:a1:e3', [-64, -64, -48, -55, -56, -67, -62, -62])]
08:25:59.447912,(-81,-67,-93),(-70,-56,-79),(-81,-76,-84),(-80,-69,-92),(-64,-49,-71),(-69,-50,-80)
[('b8:27:eb:b6:43:f8', [-81, -69, -67, -83, -90, -82, -93]), ('b8:27:eb:d3:4c:7f', [-77, -63, -56, -79, -78, -67, -75, -67, -65]), ('b8:27:eb:cd:4b:81', [-76, -81, -79, -82, -84]), ('b8:27:eb:ee:32:b8', [-80, -69, -80, -83, -73, -79, -79, -92]), ('b8:27:eb:e7:50:37', [-68, -70, -71, -49, -62, -63, -62, -65, -61, -60]), ('b8:27:eb:63:a1:e3', [-64, -69, -64, -66, -80, -78, -69, -69, -72, -50])]
08:26:01.405136,(-87,-68,-97),(-76,-68,-82),(-81,-67,-91),(-85,-79,-92),(-59,-47,-68),(-66,-54,-71)
[('b8:27:eb:b6:43:f8', [-80, -84, -68, -90, -91, -97, -94]), ('b8:27:eb:d3:4c:7f', [-76, -73, -79, -68, -73, -82]), ('b8:27:eb:cd:4b:81', [-88, -67, -87, -79, -91, -78, -86, -78, -72, -79]), ('b8:27:eb:ee:32:b8', [-79, -92, -81, -90, -87, -80]), ('b8:27:eb:e7:50:37', [-58, -68, -57, -50, -67, -47, -61, -63, -48, -62]), ('b8:27:eb:63:a1:e3', [-68, -71, -62, -54, -68, -66, -68, -65, -67])]
08:26:03.301106,(-84,-79,-89),(-73,-69,-78),(-83,-75,-91),(-81,-75,-86),(-59,-42,-70),(-63,-48,-77)
[('b8:27:eb:b6:43:f8', [-79, -82, -89, -88, -81, -80]), ('b8:27:eb:d3:4c:7f', [-69, -73, -78, -72, -69]), ('b8:27:eb:cd:4b:81', [-91, -80, -77, -85, -75, -86, -86, -80, -78, -85]), ('b8:27:eb:ee:32:b8', [-79, -81, -83, -75, -86, -77]), ('b8:27:eb:e7:50:37', [-64, -64, -65, -53, -57, -42, -59, -55, -70]), ('b8:27:eb:63:a1:e3', [-54, -70, -77, -59, -51, -67, -65, -48, -61, -76])]
08:26:05.206384,(-82,-70,-89),(-77,-72,-88),(-83,-64,-93),(-82,-76,-84),(-62,-47,-68),(-66,-58,-73)
[('b8:27:eb:b6:43:f8', [-84, -79, -84, -70, -81, -86, -89]), ('b8:27:eb:d3:4c:7f', [-72, -72, -88, -72, -77, -76, -78, -77, -75]), ('b8:27:eb:cd:4b:81', [-81, -68, -91, -86, -64, -85, -87, -93, -85]), ('b8:27:eb:ee:32:b8', [-80, -76, -77, -84, -82, -84, -84, -84]), ('b8:27:eb:e7:50:37', [-68, -62, -47, -62, -51, -60, -67, -65, -68]), ('b8:27:eb:63:a1:e3', [-66, -72, -60, -66, -73, -63, -58, -68])]
08:26:07.103124,(-84,-74,-93),(-80,-72,-85),(-78,-67,-90),(-79,-74,-86),(-58,-40,-70),(-67,-55,-73)
[('b8:27:eb:b6:43:f8', [-84, -74, -76, -82, -80, -93, -89, -89]), ('b8:27:eb:d3:4c:7f', [-79, -85, -79, -78, -72, -82]), ('b8:27:eb:cd:4b:81', [-67, -86, -90, -70, -75]), ('b8:27:eb:ee:32:b8', [-79, -77, -74, -79, -78, -86, -79]), ('b8:27:eb:e7:50:37', [-63, -64, -70, -56, -56, -54, -40]), ('b8:27:eb:63:a1:e3', [-71, -65, -71, -73, -55, -55, -70, -71])]
08:26:09.042674,(-87,-85,-90),(-81,-74,-90),(-83,-79,-88),(-79,-68,-90),(-62,-46,-82),(-69,-48,-75)
[('b8:27:eb:b6:43:f8', [-85, -86, -86, -87, -88, -90]), ('b8:27:eb:d3:4c:7f', [-80, -82, -77, -74, -90, -76, -79, -87]), ('b8:27:eb:cd:4b:81', [-85, -88, -79, -84, -82, -80]), ('b8:27:eb:ee:32:b8', [-77, -68, -80, -75, -90, -83]), ('b8:27:eb:e7:50:37', [-82, -50, -71, -61, -57, -59, -46, -69]), ('b8:27:eb:63:a1:e3', [-73, -72, -75, -48, -71, -71])]
08:26:10.957185,(-83,-70,-87),(-77,-66,-83),(-79,-73,-87),(-73,-61,-88),(-63,-43,-85),(-75,-64,-85)
[('b8:27:eb:b6:43:f8', [-85, -70, -87, -84, -82, -84, -86]), ('b8:27:eb:d3:4c:7f', [-76, -81, -80, -78, -69, -81, -66, -74, -83]), ('b8:27:eb:cd:4b:81', [-74, -80, -79, -73, -79, -81, -80, -78, -87]), ('b8:27:eb:ee:32:b8', [-76, -88, -61, -71, -66, -71]), ('b8:27:eb:e7:50:37', [-44, -56, -63, -65, -66, -64, -43, -77, -85]), ('b8:27:eb:63:a1:e3', [-68, -85, -73, -73, -64, -85])]
08:26:12.845773,(-83,-70,-99),(-73,-67,-80),(-85,-79,-93),(-83,-71,-95),(-63,-57,-70),(-68,-58,-72)
[('b8:27:eb:b6:43:f8', [-70, -86, -91, -99, -77, -74, -84]), ('b8:27:eb:d3:4c:7f', [-80, -67, -73, -73, -68, -76]), ('b8:27:eb:cd:4b:81', [-83, -80, -83, -79, -93, -89]), ('b8:27:eb:ee:32:b8', [-92, -95, -78, -74, -83, -79, -71, -88]), ('b8:27:eb:e7:50:37', [-70, -61, -61, -57]), ('b8:27:eb:63:a1:e3', [-69, -67, -58, -72, -65, -69, -71, -69, -69])]
08:26:14.748515,(-85,-71,-97),(-71,-56,-78),(-78,-69,-85),(-84,-74,-98),(-59,-49,-64),(-63,-52,-71)
[('b8:27:eb:b6:43:f8', [-79, -71, -87, -83, -81, -97, -94]), ('b8:27:eb:d3:4c:7f', [-56, -77, -76, -65, -78, -61, -78]), ('b8:27:eb:cd:4b:81', [-85, -78, -85, -78, -75, -69, -72, -75]), ('b8:27:eb:ee:32:b8', [-88, -98, -75, -87, -83, -85, -78, -81, -74, -82]), ('b8:27:eb:e7:50:37', [-61, -57, -61, -61, -49, -60, -64, -57, -58]), ('b8:27:eb:63:a1:e3', [-57, -71, -61, -64, -64, -52, -71, -64])]
08:26:16.645311,(-84,-76,-92),(-70,-58,-77),(-86,-79,-92),(-83,-70,-87),(-52,-34,-65),(-67,-51,-74)
[('b8:27:eb:b6:43:f8', [-79, -79, -92, -85, -87, -88, -76, -84]), ('b8:27:eb:d3:4c:7f', [-58, -64, -59, -75, -76, -70, -77, -77]), ('b8:27:eb:cd:4b:81', [-92, -79, -85, -88, -84, -84]), ('b8:27:eb:ee:32:b8', [-83, -87, -70, -83, -87, -87, -81]), ('b8:27:eb:e7:50:37', [-51, -51, -62, -46, -65, -64, -49, -46, -34]), ('b8:27:eb:63:a1:e3', [-57, -72, -74, -74, -67, -51, -69, -71, -67])]
08:26:18.561839,(-89,-81,-94),(-74,-68,-88),(-85,-78,-88),(-75,-59,-87),(-48,-33,-59),(-70,-67,-73)
[('b8:27:eb:b6:43:f8', [-94, -88, -90, -81]), ('b8:27:eb:d3:4c:7f', [-68, -68, -75, -88, -68]), ('b8:27:eb:cd:4b:81', [-88, -85, -78, -87, -83, -87, -85]), ('b8:27:eb:ee:32:b8', [-66, -87, -76, -78, -78, -69, -59, -84, -74]), ('b8:27:eb:e7:50:37', [-50, -47, -33, -40, -53, -46, -50, -59, -54]), ('b8:27:eb:63:a1:e3', [-71, -67, -71, -70, -73, -70, -70, -69, -67])]
08:26:20.525801,(-84,-76,-87),(-75,-62,-96),(-84,-76,-95),(-80,-69,-88),(-53,-39,-64),(-68,-50,-83)
[('b8:27:eb:b6:43:f8', [-76, -85, -87, -82, -87]), ('b8:27:eb:d3:4c:7f', [-76, -75, -67, -62, -74, -71, -96, -80, -67]), ('b8:27:eb:cd:4b:81', [-95, -78, -86, -81, -85, -76, -88, -79]), ('b8:27:eb:ee:32:b8', [-74, -76, -88, -86, -87, -69, -74, -83, -75]), ('b8:27:eb:e7:50:37', [-40, -39, -57, -59, -64, -56, -61, -43]), ('b8:27:eb:63:a1:e3', [-70, -68, -63, -50, -67, -70, -68, -83])]
08:26:22.422886,(-84,-77,-92),(-79,-71,-97),(-87,-77,-94),(-74,-62,-89),(-57,-44,-67),(-68,-50,-74)
[('b8:27:eb:b6:43:f8', [-82, -77, -92]), ('b8:27:eb:d3:4c:7f', [-77, -79, -97, -71, -75, -71, -81, -78]), ('b8:27:eb:cd:4b:81', [-88, -77, -91, -84, -87, -94]), ('b8:27:eb:ee:32:b8', [-77, -84, -67, -73, -62, -63, -89]), ('b8:27:eb:e7:50:37', [-44, -48, -46, -63, -67, -63, -59, -62, -61]), ('b8:27:eb:63:a1:e3', [-70, -74, -71, -71, -72, -68, -67, -66, -50, -68])]
08:26:24.347354,(-82,-72,-90),(-78,-70,-92),(-80,-71,-90),(-81,-68,-88),(-63,-50,-76),(-64,-47,-77)
[('b8:27:eb:b6:43:f8', [-90, -86, -84, -72, -80, -79, -79]), ('b8:27:eb:d3:4c:7f', [-78, -73, -92, -73, -70, -74, -84]), ('b8:27:eb:cd:4b:81', [-80, -90, -84, -84, -71, -71]), ('b8:27:eb:ee:32:b8', [-77, -68, -82, -84, -84, -88]), ('b8:27:eb:e7:50:37', [-66, -58, -66, -76, -50, -59, -64, -60, -69, -53]), ('b8:27:eb:63:a1:e3', [-60, -74, -77, -67, -47, -68, -65, -51, -62])]
08:26:26.271690,(-83,-71,-95),(-75,-62,-86),(-79,-67,-92),(-82,-72,-91),(-53,-40,-64),(-65,-43,-71)
[('b8:27:eb:b6:43:f8', [-81, -85, -73, -71, -95, -88]), ('b8:27:eb:d3:4c:7f', [-62, -70, -76, -79, -74, -79, -86, -67, -79]), ('b8:27:eb:cd:4b:81', [-74, -90, -76, -67, -70, -92, -84]), ('b8:27:eb:ee:32:b8', [-88, -77, -76, -89, -76, -91, -72, -73, -91]), ('b8:27:eb:e7:50:37', [-64, -40, -52, -43, -55, -62]), ('b8:27:eb:63:a1:e3', [-58, -71, -69, -70, -69, -68, -68, -65, -43])]
08:26:28.199723,(-82,-69,-92),(-79,-59,-97),(-78,-68,-83),(-83,-73,-90),(-50,-40,-56),(-62,-50,-67)
[('b8:27:eb:b6:43:f8', [-81, -80, -83, -83, -92, -69]), ('b8:27:eb:d3:4c:7f', [-72, -73, -82, -97, -59, -86]), ('b8:27:eb:cd:4b:81', [-82, -82, -83, -78, -68, -70, -78]), ('b8:27:eb:ee:32:b8', [-85, -84, -83, -73, -78, -81, -85, -90]), ('b8:27:eb:e7:50:37', [-51, -52, -53, -40, -56, -54, -48, -47, -50, -49]), ('b8:27:eb:63:a1:e3', [-50, -58, -67, -67, -64, -57, -67])]
08:26:30.124424,(-88,-76,-93),(-72,-60,-96),(-79,-69,-91),(-75,-64,-79),(-47,-35,-55),(-71,-52,-77)
[('b8:27:eb:b6:43:f8', [-87, -81, -93, -91, -90, -93, -76]), ('b8:27:eb:d3:4c:7f', [-64, -77, -60, -60, -70, -76, -96]), ('b8:27:eb:cd:4b:81', [-88, -91, -69, -72, -69, -86, -76, -77]), ('b8:27:eb:ee:32:b8', [-79, -74, -64, -76, -76, -77, -78]), ('b8:27:eb:e7:50:37', [-55, -52, -54, -38, -52, -53, -38, -48, -35, -36]), ('b8:27:eb:63:a1:e3', [-73, -75, -76, -52, -67, -77, -74, -68])]
08:26:32.051055,(-81,-67,-87),(-75,-60,-79),(-81,-71,-88),(-78,-64,-89),(-60,-53,-64),(-65,-55,-73)
[('b8:27:eb:b6:43:f8', [-85, -84, -84, -76, -67, -78, -87]), ('b8:27:eb:d3:4c:7f', [-78, -79, -60, -77, -76, -76, -74, -77, -72]), ('b8:27:eb:cd:4b:81', [-83, -81, -78, -88, -81, -71]), ('b8:27:eb:ee:32:b8', [-81, -64, -89, -80, -76, -77, -68, -83, -80]), ('b8:27:eb:e7:50:37', [-57, -55, -55, -63, -64, -63, -53, -63]), ('b8:27:eb:63:a1:e3', [-61, -55, -66, -67, -73, -59, -67, -70, -64, -64])]
08:26:33.978547,(-81,-72,-90),(-77,-69,-91),(-77,-69,-85),(-81,-73,-89),(-51,-35,-64),(-66,-51,-82)
[('b8:27:eb:b6:43:f8', [-78, -78, -90, -72, -83]), ('b8:27:eb:d3:4c:7f', [-76, -69, -72, -74, -72, -74, -81, -91]), ('b8:27:eb:cd:4b:81', [-77, -85, -69, -76]), ('b8:27:eb:ee:32:b8', [-73, -81, -89, -77, -85, -77, -76, -81, -76, -88]), ('b8:27:eb:e7:50:37', [-64, -59, -43, -56, -39, -35, -50, -60]), ('b8:27:eb:63:a1:e3', [-68, -51, -63, -65, -65, -66, -61, -65, -82])]
08:26:35.905023,(-86,-71,-95),(-79,-72,-83),(-84,-73,-94),(-80,-72,-88),(-56,-41,-73),(-68,-57,-77)
[('b8:27:eb:b6:43:f8', [-83, -71, -95, -88, -89, -86]), ('b8:27:eb:d3:4c:7f', [-78, -72, -82, -83, -79, -76]), ('b8:27:eb:cd:4b:81', [-94, -80, -79, -90, -90, -77, -83, -87, -73]), ('b8:27:eb:ee:32:b8', [-74, -83, -88, -87, -78, -75, -72]), ('b8:27:eb:e7:50:37', [-43, -70, -57, -55, -73, -62, -41, -42]), ('b8:27:eb:63:a1:e3', [-71, -65, -57, -77, -62, -72, -70])]
08:26:37.793014,(-85,-79,-91),(-73,-60,-83),(-81,-66,-94),(-84,-83,-84),(-63,-47,-84),(-62,-41,-73)
[('b8:27:eb:b6:43:f8', [-90, -86, -83, -83, -82, -80, -79, -91]), ('b8:27:eb:d3:4c:7f', [-79, -60, -62, -79, -83]), ('b8:27:eb:cd:4b:81', [-89, -79, -94, -81, -66, -80, -77]), ('b8:27:eb:ee:32:b8', [-83, -84, -83]), ('b8:27:eb:e7:50:37', [-47, -57, -50, -51, -84, -65, -71, -73, -65]), ('b8:27:eb:63:a1:e3', [-69, -64, -73, -67, -62, -62, -41, -58])]
08:26:39.691861,(-91,-85,-100),(-75,-59,-84),(-81,-64,-92),(-77,-67,-88),(-63,-56,-74),(-57,-44,-66)
[('b8:27:eb:b6:43:f8', [-88, -92, -85, -90, -100]), ('b8:27:eb:d3:4c:7f', [-83, -75, -61, -63, -59, -82, -84, -76, -84]), ('b8:27:eb:cd:4b:81', [-79, -92, -64, -79, -92, -79, -81]), ('b8:27:eb:ee:32:b8', [-71, -88, -75, -67, -77, -81]), ('b8:27:eb:e7:50:37', [-57, -66, -64, -74, -56, -56, -65, -65, -59]), ('b8:27:eb:63:a1:e3', [-44, -64, -48, -62, -54, -56, -66, -57])]
08:26:41.577827,(-92,-88,-95),(-79,-64,-91),(-77,-64,-81),(-80,-65,-88),(-58,-41,-71),(-66,-51,-81)
[('b8:27:eb:b6:43:f8', [-94, -89, -88, -95, -90, -91]), ('b8:27:eb:d3:4c:7f', [-79, -67, -79, -81, -91, -64, -90, -74]), ('b8:27:eb:cd:4b:81', [-64, -75, -80, -81, -78, -79, -80]), ('b8:27:eb:ee:32:b8', [-79, -78, -76, -81, -79, -85, -85, -88, -65]), ('b8:27:eb:e7:50:37', [-71, -41, -45, -57, -69, -63, -65, -43, -64]), ('b8:27:eb:63:a1:e3', [-74, -71, -51, -59, -51, -70, -66, -68, -81])]
08:26:43.539898,(-85,-76,-91),(-77,-67,-87),(-85,-77,-88),(-82,-74,-89),(-63,-50,-72),(-68,-52,-82)
[('b8:27:eb:b6:43:f8', [-83, -79, -89, -76, -91, -89]), ('b8:27:eb:d3:4c:7f', [-78, -75, -87, -67, -68, -73, -83, -72, -86]), ('b8:27:eb:cd:4b:81', [-85, -83, -86, -87, -88, -77]), ('b8:27:eb:ee:32:b8', [-89, -86, -82, -80, -84, -76, -87, -78, -81, -74]), ('b8:27:eb:e7:50:37', [-58, -61, -72, -69, -50, -61, -68, -63]), ('b8:27:eb:63:a1:e3', [-76, -55, -82, -62, -52, -73, -60, -80, -71, -67])]
08:26:45.446980,(-83,-77,-87),(-70,-56,-79),(-82,-72,-93),(-80,-77,-82),(-64,-48,-72),(-63,-49,-73)
[('b8:27:eb:b6:43:f8', [-77, -85, -87, -83, -87, -79]), ('b8:27:eb:d3:4c:7f', [-79, -79, -61, -73, -59, -56, -73, -74, -75, -62]), ('b8:27:eb:cd:4b:81', [-87, -93, -93, -82, -79, -72, -73, -76, -79]), ('b8:27:eb:ee:32:b8', [-77, -82, -77, -80, -81, -79, -82, -79]), ('b8:27:eb:e7:50:37', [-71, -72, -50, -48, -65, -67, -63, -71]), ('b8:27:eb:63:a1:e3', [-66, -62, -67, -62, -69, -49, -53, -73])]
08:26:47.331960,(-82,-76,-89),(-68,-60,-73),(-80,-73,-89),(-77,-70,-82),(-68,-61,-74),(-61,-44,-72)
[('b8:27:eb:b6:43:f8', [-83, -89, -82, -79, -80, -82, -76]), ('b8:27:eb:d3:4c:7f', [-72, -72, -60, -73, -62, -68]), ('b8:27:eb:cd:4b:81', [-80, -89, -75, -73, -78, -89, -76]), ('b8:27:eb:ee:32:b8', [-72, -81, -76, -70, -72, -78, -81, -82]), ('b8:27:eb:e7:50:37', [-62, -67, -61, -74, -68, -71]), ('b8:27:eb:63:a1:e3', [-64, -56, -70, -50, -44, -72, -59, -69])]
08:26:49.266905,(-86,-76,-93),(-77,-58,-93),(-81,-74,-86),(-84,-79,-87),(-63,-48,-70),(-65,-54,-73)
[('b8:27:eb:b6:43:f8', [-91, -87, -85, -88, -93, -76, -78]), ('b8:27:eb:d3:4c:7f', [-58, -73, -78, -93, -82, -71, -78]), ('b8:27:eb:cd:4b:81', [-82, -84, -74, -75, -84, -81, -79, -84, -86]), ('b8:27:eb:ee:32:b8', [-79, -83, -87, -85, -82]), ('b8:27:eb:e7:50:37', [-66, -65, -51, -62, -70, -48, -67, -68]), ('b8:27:eb:63:a1:e3', [-59, -54, -62, -66, -67, -66, -64, -73, -70, -60])]
08:26:51.189952,(-86,-78,-99),(-78,-68,-84),(-79,-69,-88),(-82,-63,-89),(-58,-45,-68),(-69,-52,-81)
[('b8:27:eb:b6:43:f8', [-86, -78, -99, -89, -81, -88, -83, -84]), ('b8:27:eb:d3:4c:7f', [-75, -75, -81, -73, -77, -79, -84, -84, -68]), ('b8:27:eb:cd:4b:81', [-69, -76, -71, -85, -88, -84]), ('b8:27:eb:ee:32:b8', [-82, -88, -81, -63, -87, -79, -89, -82]), ('b8:27:eb:e7:50:37', [-60, -68, -64, -64, -46, -45]), ('b8:27:eb:63:a1:e3', [-64, -76, -68, -81, -70, -70, -52, -69, -63])]
08:26:53.120059,(-82,-71,-89),(-79,-72,-85),(-84,-72,-93),(-76,-70,-82),(-46,-35,-58),(-70,-58,-77)
[('b8:27:eb:b6:43:f8', [-81, -83, -80, -89, -80, -82, -87, -84, -71]), ('b8:27:eb:d3:4c:7f', [-83, -79, -75, -85, -72]), ('b8:27:eb:cd:4b:81', [-79, -86, -77, -93, -92, -72, -84]), ('b8:27:eb:ee:32:b8', [-81, -72, -82, -70, -70, -79]), ('b8:27:eb:e7:50:37', [-58, -35, -40, -53, -51, -39, -50, -41]), ('b8:27:eb:63:a1:e3', [-77, -74, -75, -61, -77, -69, -58, -68])]
08:26:55.051202,(-85,-71,-96),(-76,-62,-85),(-83,-72,-94),(-81,-70,-90),(-53,-42,-59),(-62,-50,-70)
[('b8:27:eb:b6:43:f8', [-71, -87, -81, -82, -86, -79, -89, -89, -96]), ('b8:27:eb:d3:4c:7f', [-62, -75, -70, -83, -81, -85]), ('b8:27:eb:cd:4b:81', [-72, -93, -78, -80, -76, -94, -86, -84]), ('b8:27:eb:ee:32:b8', [-76, -70, -82, -79, -83, -90, -85, -78]), ('b8:27:eb:e7:50:37', [-47, -59, -58, -56, -58, -47, -42, -57, -52]), ('b8:27:eb:63:a1:e3', [-50, -63, -70, -50, -65, -65, -67, -66])]
08:26:56.979906,(-85,-71,-90),(-73,-54,-84),(-78,-70,-87),(-77,-65,-81),(-51,-35,-59),(-64,-52,-75)
[('b8:27:eb:b6:43:f8', [-84, -71, -88, -83, -89, -85, -90]), ('b8:27:eb:d3:4c:7f', [-54, -64, -76, -81, -84, -83, -66]), ('b8:27:eb:cd:4b:81', [-87, -73, -75, -80, -70, -74, -73, -87]), ('b8:27:eb:ee:32:b8', [-81, -81, -65, -70, -79, -71, -81, -81]), ('b8:27:eb:e7:50:37', [-59, -49, -53, -56, -51, -49, -35]), ('b8:27:eb:63:a1:e3', [-75, -54, -68, -70, -60, -52, -64])]
08:26:58.917558,(-80,-77,-84),(-72,-61,-83),(-80,-62,-90),(-78,-73,-83),(-48,-38,-54),(-65,-55,-78)
[('b8:27:eb:b6:43:f8', [-77, -84, -77]), ('b8:27:eb:d3:4c:7f', [-69, -75, -75, -61, -73, -62, -83]), ('b8:27:eb:cd:4b:81', [-84, -62, -90, -80, -76, -81, -82, -83]), ('b8:27:eb:ee:32:b8', [-73, -77, -83, -77]), ('b8:27:eb:e7:50:37', [-48, -51, -52, -41, -51, -54, -53, -38, -39]), ('b8:27:eb:63:a1:e3', [-78, -55, -67, -63, -66, -58])]
08:27:00.839886,(-86,-80,-91),(-83,-80,-88),(-86,-76,-96),(-77,-64,-94),(-56,-40,-63),(-63,-51,-71)
[('b8:27:eb:b6:43:f8', [-91, -89, -80, -89, -83, -87, -83]), ('b8:27:eb:d3:4c:7f', [-82, -88, -81, -80, -81]), ('b8:27:eb:cd:4b:81', [-76, -82, -86, -91, -96, -82, -83, -88]), ('b8:27:eb:ee:32:b8', [-74, -94, -73, -76, -86, -81, -66, -64]), ('b8:27:eb:e7:50:37', [-40, -59, -56, -42, -60, -58, -62, -62, -63]), ('b8:27:eb:63:a1:e3', [-53, -67, -63, -71, -51, -62, -70, -71, -58])]
08:27:02.746035,(-73,-67,-78),(-76,-61,-83),(-78,-68,-88),(-78,-68,-92),(-62,-47,-72),(-63,-46,-79)
[('b8:27:eb:b6:43:f8', [-68, -74, -78, -67, -73, -73]), ('b8:27:eb:d3:4c:7f', [-72, -79, -83, -83, -61, -77, -76, -75]), ('b8:27:eb:cd:4b:81', [-80, -76, -88, -77, -73, -80, -82, -68]), ('b8:27:eb:ee:32:b8', [-75, -72, -70, -92, -80, -68, -85, -78, -79]), ('b8:27:eb:e7:50:37', [-47, -57, -63, -67, -55, -58, -72, -71]), ('b8:27:eb:63:a1:e3', [-77, -46, -79, -48, -65, -56, -67, -67, -59])]
08:27:04.659558,(-87,-80,-103),(-75,-60,-83),(-78,-67,-88),(-80,-74,-88),(-67,-54,-77),(-73,-60,-84)
[('b8:27:eb:b6:43:f8', [-80, -82, -103, -82, -87, -85]), ('b8:27:eb:d3:4c:7f', [-60, -68, -76, -83, -76, -83]), ('b8:27:eb:cd:4b:81', [-72, -67, -87, -74, -78, -79, -88]), ('b8:27:eb:ee:32:b8', [-76, -74, -80, -75, -82, -80, -88]), ('b8:27:eb:e7:50:37', [-72, -61, -63, -77, -67, -54, -71]), ('b8:27:eb:63:a1:e3', [-70, -79, -66, -84, -72, -60, -78, -70])]
08:27:06.551349,(-80,-73,-91),(-74,-67,-78),(-82,-70,-90),(-80,-71,-91),(-65,-56,-79),(-66,-51,-78)
[('b8:27:eb:b6:43:f8', [-75, -81, -91, -79, -82, -74, -73, -78]), ('b8:27:eb:d3:4c:7f', [-78, -74, -77, -67, -78, -67]), ('b8:27:eb:cd:4b:81', [-80, -85, -90, -76, -86, -88, -70, -83, -78, -75]), ('b8:27:eb:ee:32:b8', [-76, -82, -71, -75, -77, -78, -91, -87]), ('b8:27:eb:e7:50:37', [-79, -61, -56, -68, -61, -59, -68]), ('b8:27:eb:63:a1:e3', [-69, -69, -68, -69, -52, -65, -51, -74, -78, -57])]
